10 1 4 2.1e-05 1 0.368 0.10059 54.909 0.0026526 54.906 9.8194e-05 
10 5 4 2.1e-05 1 0.688 0.10067 242.84 0.0070059 242.84 0.0002123 
10 5 4 2.1e-05 2 0.466 0.14107 35.094 0.0070433 35.087 0.00018777 
10 5 4 2.1e-05 3 0.272 0.10573 4.6842 0.0051745 4.6787 0.00015116 
10 5 4 2.1e-05 4 0.114 0.043678 1.2266 0.0049937 1.2214 0.0001096 
10 5 4 2.1e-05 5 0.024 0.0043102 0.23846 0.0048147 0.23351 8.6868e-05 
10 10 4 2.1e-05 1 0.86 0.040408 425.1 0.012602 425.09 0.00040896 
10 10 4 2.1e-05 2 0.686 0.091841 107.05 0.012313 107.04 0.00032828 
10 10 4 2.1e-05 3 0.55 0.12296 23.73 0.012125 23.718 0.00027286 
10 10 4 2.1e-05 4 0.402 0.12959 6.6281 0.011256 6.6165 0.00023955 
10 10 4 2.1e-05 5 0.278 0.11808 3.3035 0.010233 3.293 0.0002163 
10 10 4 2.1e-05 8 0.056 0.024147 0.42026 0.0097663 0.41029 0.00016274 
10 10 4 2.1e-05 10 0.002 0.0002 0.019648 0.0094026 0.01009 0.00013021 
10 25 4 2.1e-05 1 0.972 0.0053224 688.92 0.027824 688.9 0.0010137 
10 25 4 2.1e-05 2 0.924 0.022678 389.12 0.027631 389.09 0.00089458 
10 25 4 2.1e-05 3 0.864 0.049698 168.83 0.027355 168.8 0.00065086 
10 25 4 2.1e-05 4 0.804 0.0808 64.195 0.027328 64.167 0.0005492 
10 25 4 2.1e-05 5 0.736 0.10929 26.194 0.026974 26.166 0.00053249 
10 25 4 2.1e-05 8 0.504 0.13141 6.4785 0.025945 6.452 0.00048266 
10 25 4 2.1e-05 10 0.354 0.13029 4.0254 0.02469 4.0001 0.0004509 
10 25 4 2.1e-05 12 0.25 0.10622 2.5825 0.024532 2.5574 0.00043701 
10 25 4 2.1e-05 15 0.102 0.045098 0.9038 0.024525 0.87883 0.00039498 
10 25 4 2.1e-05 20 0.018 0.0039551 0.13052 0.023083 0.10706 0.00033616 
10 25 4 2.1e-05 25 0 0 0.023397 0.023079 3.5665e-06 0.00028932 
10 50 4 2.1e-05 1 0.998 0.0002 856.89 0.05371 856.84 0.0028325 
10 50 4 2.1e-05 2 0.986 0.0020449 716.34 0.053319 716.28 0.0027731 
10 50 4 2.1e-05 3 0.95 0.015612 512.88 0.052742 512.83 0.0022415 
10 50 4 2.1e-05 4 0.916 0.033616 312.72 0.052844 312.67 0.0019786 
10 50 4 2.1e-05 5 0.86 0.056735 167.75 0.052339 167.7 0.0015974 
10 50 4 2.1e-05 8 0.756 0.10415 25.3 0.052106 25.246 0.001427 
10 50 4 2.1e-05 10 0.688 0.12924 12.049 0.050162 11.998 0.0013664 
10 50 4 2.1e-05 12 0.624 0.15411 8.5094 0.05034 8.4576 0.0013457 
10 50 4 2.1e-05 15 0.496 0.16447 5.8677 0.049334 5.817 0.0012786 
10 50 4 2.1e-05 20 0.294 0.12384 3.4684 0.047993 3.4191 0.0012618 
10 50 4 2.1e-05 25 0.178 0.089506 2.0979 0.047506 2.049 0.0012975 
10 50 4 2.1e-05 30 0.076 0.042678 0.68775 0.046489 0.6401 0.0011014 
10 50 4 2.1e-05 40 0.01 0.0013265 0.10583 0.04556 0.059233 0.00099678 
10 50 4 2.1e-05 50 0 0 0.045701 0.044761 6.374e-06 0.0009044 
10 75 4 2.1e-05 1 1 0 899.68 0.078629 899.6 0.0026034 
10 75 4 2.1e-05 2 0.998 0.0002 843.76 0.078437 843.68 0.0026703 
10 75 4 2.1e-05 3 0.994 0.00057551 732.49 0.078535 732.41 0.0024876 
10 75 4 2.1e-05 4 0.978 0.0054245 576.43 0.078069 576.35 0.0022619 
10 75 4 2.1e-05 5 0.968 0.0067102 408.12 0.077585 408.04 0.0019402 
10 75 4 2.1e-05 8 0.87 0.054796 95.007 0.0764 94.929 0.0015213 
10 75 4 2.1e-05 10 0.824 0.077371 35.718 0.075948 35.641 0.0014301 
10 75 4 2.1e-05 12 0.77 0.10378 19.336 0.075663 19.259 0.0013346 
10 75 4 2.1e-05 15 0.708 0.13218 12.464 0.074097 12.389 0.0013426 
10 75 4 2.1e-05 20 0.588 0.15904 7.8033 0.073541 7.7284 0.0013256 
10 75 4 2.1e-05 25 0.444 0.16415 5.0431 0.072124 4.9696 0.0013123 
10 75 4 2.1e-05 30 0.316 0.13158 3.5956 0.071844 3.5224 0.0012681 
10 75 4 2.1e-05 40 0.118 0.065996 1.2744 0.069682 1.2035 0.0011995 
10 75 4 2.1e-05 50 0.048 0.027853 0.43323 0.067384 0.36469 0.0011039 
10 75 4 2.1e-05 60 0.014 0.0036776 0.16048 0.067541 0.091813 0.0010882 
10 75 4 2.1e-05 70 0.002 0.0002 0.082058 0.066701 0.014245 0.001068 
10 100 4 2.1e-05 1 1 0 874.32 0.10306 874.21 0.0032861 
10 100 4 2.1e-05 2 1 0 848.62 0.1031 848.51 0.0033567 
10 100 4 2.1e-05 3 1 0 800.96 0.10331 800.85 0.003296 
10 100 4 2.1e-05 4 0.996 0.00039184 714.43 0.10288 714.32 0.0031225 
10 100 4 2.1e-05 5 0.982 0.0068122 587.2 0.10145 587.1 0.0028614 
10 100 4 2.1e-05 8 0.918 0.043547 218.05 0.10043 217.94 0.0021751 
10 100 4 2.1e-05 10 0.874 0.063596 90.508 0.10037 90.406 0.0019617 
10 100 4 2.1e-05 12 0.84 0.078776 37.743 0.099277 37.642 0.0017717 
10 100 4 2.1e-05 15 0.782 0.10191 17.766 0.098597 17.665 0.0018313 
10 100 4 2.1e-05 20 0.7 0.13592 10.963 0.099334 10.862 0.0017537 
10 100 4 2.1e-05 25 0.602 0.15775 7.6339 0.097163 7.5349 0.0017422 
10 100 4 2.1e-05 30 0.516 0.17647 5.8799 0.096399 5.7817 0.0017159 
10 100 4 2.1e-05 40 0.316 0.15117 3.4988 0.09322 3.4038 0.0016555 
10 100 4 2.1e-05 50 0.198 0.098567 2.0457 0.092446 1.9516 0.0016545 
10 100 4 2.1e-05 60 0.086 0.05429 0.81017 0.090625 0.71791 0.0015817 
10 100 4 2.1e-05 70 0.034 0.013718 0.30892 0.08873 0.21861 0.0015308 
10 100 4 2.1e-05 80 0.01 0.0017347 0.14561 0.088361 0.055681 0.0015246 
10 100 4 2.1e-05 90 0 0 0.089722 0.08819 1.001e-05 0.0014918 
10 100 4 2.1e-05 100 0 0 0.089292 0.087749 9.8133e-06 0.0014893 
10 125 4 2.1e-05 1 1 0 892.42 0.12588 892.29 0.0039218 
10 125 4 2.1e-05 2 1 0 887.87 0.12632 887.73 0.0043918 
10 125 4 2.1e-05 3 1 0 869.09 0.12628 868.95 0.0042672 
10 125 4 2.1e-05 4 0.992 0.0011592 825.08 0.12633 824.95 0.0038863 
10 125 4 2.1e-05 5 0.986 0.0024531 744.83 0.12576 744.7 0.0037481 
10 125 4 2.1e-05 8 0.946 0.018453 395.37 0.12463 395.25 0.0030033 
10 125 4 2.1e-05 10 0.91 0.04051 196.29 0.12324 196.16 0.0026241 
10 125 4 2.1e-05 12 0.886 0.053065 86.786 0.12222 86.661 0.0023259 
10 125 4 2.1e-05 15 0.836 0.079902 31.815 0.12239 31.691 0.0022681 
10 125 4 2.1e-05 20 0.77 0.11357 15.122 0.12114 14.998 0.002182 
10 125 4 2.1e-05 25 0.716 0.1328 11.462 0.12101 11.339 0.002192 
10 125 4 2.1e-05 30 0.656 0.14986 8.7818 0.11906 8.6593 0.003373 
10 125 4 2.1e-05 40 0.482 0.17865 5.2236 0.11812 5.1033 0.0021361 
10 125 4 2.1e-05 50 0.324 0.14145 3.3868 0.11754 3.2669 0.0022083 
10 125 4 2.1e-05 60 0.198 0.1104 2.2337 0.1165 2.1151 0.0020726 
10 125 4 2.1e-05 70 0.116 0.058106 1.2009 0.11326 1.0855 0.0020146 
10 125 4 2.1e-05 80 0.058 0.040037 0.50499 0.11094 0.39203 0.0019674 
10 125 4 2.1e-05 90 0.024 0.0088 0.26164 0.10972 0.14992 0.0019534 
10 125 4 2.1e-05 100 0.014 0.0028612 0.19505 0.11004 0.082987 0.0019556 
10 125 4 2.1e-05 125 0 0 0.111 0.10901 1.1917e-05 0.0019085 
10 150 4 2.1e-05 1 1 0 888.04 0.15058 887.89 0.0046583 
10 150 4 2.1e-05 2 1 0 885.71 0.1511 885.56 0.0048249 
10 150 4 2.1e-05 3 1 0 877.14 0.14936 876.98 0.0046552 
10 150 4 2.1e-05 4 0.996 0.0008 856.13 0.1513 855.97 0.0046652 
10 150 4 2.1e-05 5 0.99 0.0021429 815.22 0.14998 815.06 0.0045999 
10 150 4 2.1e-05 8 0.952 0.018057 548.26 0.14863 548.11 0.0040895 
10 150 4 2.1e-05 10 0.938 0.030567 341.64 0.14764 341.49 0.0039068 
10 150 4 2.1e-05 12 0.906 0.049555 179.52 0.14643 179.37 0.0035121 
10 150 4 2.1e-05 15 0.868 0.070792 62.758 0.14578 62.609 0.003173 
10 150 4 2.1e-05 20 0.81 0.092755 21.188 0.14517 21.04 0.0030129 
10 150 4 2.1e-05 25 0.768 0.10834 14.693 0.14519 14.545 0.0030388 
10 150 4 2.1e-05 30 0.716 0.13484 11.924 0.14369 11.777 0.0031674 
10 150 4 2.1e-05 40 0.592 0.1632 7.2903 0.14292 7.1442 0.0030061 
10 150 4 2.1e-05 50 0.426 0.15829 4.8759 0.1401 4.7328 0.0029716 
10 150 4 2.1e-05 60 0.282 0.13702 3.4724 0.13864 3.3307 0.0029391 
10 150 4 2.1e-05 70 0.218 0.12355 2.6908 0.13805 2.5498 0.0029178 
10 150 4 2.1e-05 80 0.14 0.087755 1.6387 0.13548 1.5003 0.002856 
10 150 4 2.1e-05 90 0.084 0.054841 0.98701 0.13374 0.85037 0.002842 
10 150 4 2.1e-05 100 0.052 0.03969 0.57486 0.13248 0.43954 0.0027948 
10 150 4 2.1e-05 125 0.012 0.0018939 0.2088 0.13303 0.072914 0.0028009 
10 150 4 2.1e-05 150 0 0 0.13421 0.1314 1.299e-05 0.0027463 
10 200 4 2.1e-05 1 1 0 874.19 0.19599 873.99 0.0062639 
10 200 4 2.1e-05 2 1 0 869.43 0.19684 869.23 0.0062902 
10 200 4 2.1e-05 3 1 0 868.07 0.19565 867.87 0.0062828 
10 200 4 2.1e-05 4 1 0 865 0.19768 864.8 0.006192 
10 200 4 2.1e-05 5 1 0 855.36 0.1969 855.15 0.0062121 
10 200 4 2.1e-05 8 0.994 0.00098367 748.08 0.19512 747.88 0.0058783 
10 200 4 2.1e-05 10 0.97 0.0090816 602.99 0.19423 602.79 0.0057202 
10 200 4 2.1e-05 12 0.95 0.026224 424.56 0.19329 424.36 0.004941 
10 200 4 2.1e-05 15 0.912 0.050057 198.66 0.19085 198.47 0.0041453 
10 200 4 2.1e-05 20 0.868 0.070384 47.507 0.18956 47.314 0.0036988 
10 200 4 2.1e-05 25 0.828 0.084914 21.243 0.18934 21.05 0.0035187 
10 200 4 2.1e-05 30 0.78 0.10653 15.585 0.18795 15.394 0.003528 
10 200 4 2.1e-05 40 0.714 0.13592 11.168 0.18909 10.975 0.0036588 
10 200 4 2.1e-05 50 0.62 0.16245 7.7298 0.1876 7.5386 0.0034888 
10 200 4 2.1e-05 60 0.474 0.17013 5.5349 0.18593 5.3454 0.0034674 
10 200 4 2.1e-05 70 0.388 0.17006 4.303 0.1854 4.114 0.0034487 
10 200 4 2.1e-05 80 0.294 0.14221 3.3425 0.18455 3.1544 0.0034667 
10 200 4 2.1e-05 90 0.226 0.11707 2.5735 0.18565 2.3843 0.0034372 
10 200 4 2.1e-05 100 0.174 0.094208 1.9181 0.18403 1.7305 0.0034367 
10 200 4 2.1e-05 125 0.062 0.046486 0.73197 0.18121 0.5473 0.0033849 
10 200 4 2.1e-05 150 0.022 0.0082816 0.32031 0.18107 0.13582 0.0033703 
10 200 4 2.1e-05 200 0 0 0.18336 0.17993 1.646e-05 0.0033535 
10 250 4 2.1e-05 1 1 0 852.88 0.23913 852.64 0.0074347 
10 250 4 2.1e-05 2 1 0 851.02 0.23913 850.77 0.0076054 
10 250 4 2.1e-05 3 1 0 851.95 0.24005 851.7 0.0075655 
10 250 4 2.1e-05 4 1 0 850.1 0.23937 849.85 0.0079387 
10 250 4 2.1e-05 5 1 0 847.55 0.23999 847.31 0.0074922 
10 250 4 2.1e-05 8 1 0 817.15 0.24001 816.91 0.0073541 
10 250 4 2.1e-05 10 0.998 0.0002 750.21 0.24087 749.96 0.0072998 
10 250 4 2.1e-05 12 0.99 0.0021429 640.81 0.2372 640.57 0.006878 
10 250 4 2.1e-05 15 0.964 0.009698 411.38 0.23626 411.14 0.006038 
10 250 4 2.1e-05 20 0.894 0.054453 123.36 0.23343 123.12 0.0049083 
10 250 4 2.1e-05 25 0.872 0.069404 38.04 0.23111 37.805 0.0044392 
10 250 4 2.1e-05 30 0.838 0.079139 22.181 0.23266 21.944 0.0046105 
10 250 4 2.1e-05 40 0.766 0.11127 13.466 0.23025 13.232 0.0044238 
10 250 4 2.1e-05 50 0.708 0.14851 10.459 0.23056 10.224 0.0044365 
10 250 4 2.1e-05 60 0.626 0.1689 7.6374 0.22904 7.4038 0.0044266 
10 250 4 2.1e-05 70 0.562 0.17342 6.08 0.23023 5.8452 0.0044499 
10 250 4 2.1e-05 80 0.456 0.16741 4.8083 0.23008 4.5734 0.0046599 
10 250 4 2.1e-05 90 0.372 0.16777 3.9132 0.23049 3.6782 0.0044262 
10 250 4 2.1e-05 100 0.298 0.13489 3.1512 0.2282 2.9184 0.0044312 
10 250 4 2.1e-05 125 0.162 0.090567 1.5915 0.22847 1.3585 0.0044076 
10 250 4 2.1e-05 150 0.064 0.041127 0.70461 0.22728 0.47289 0.0043625 
10 250 4 2.1e-05 200 0.01 0.0013265 0.2902 0.22694 0.058802 0.0043871 
10 250 4 2.1e-05 250 0 0 0.23261 0.22811 1.91e-05 0.004416 
10 300 4 2.1e-05 1 1 0 848.11 0.28442 847.82 0.0087629 
10 300 4 2.1e-05 2 1 0 843.56 0.28511 843.26 0.0089304 
10 300 4 2.1e-05 3 1 0 843.44 0.28261 843.14 0.0088846 
10 300 4 2.1e-05 4 1 0 846.74 0.28296 846.45 0.0088656 
10 300 4 2.1e-05 5 1 0 846.54 0.28313 846.25 0.0089061 
10 300 4 2.1e-05 8 1 0 834.17 0.28388 833.88 0.0088828 
10 300 4 2.1e-05 10 1 0 815.16 0.283 814.87 0.0088183 
10 300 4 2.1e-05 12 0.994 0.00098367 760.42 0.28365 760.13 0.0085736 
10 300 4 2.1e-05 15 0.986 0.0028612 606.25 0.28061 605.96 0.0079081 
10 300 4 2.1e-05 20 0.93 0.040918 275.76 0.27919 275.47 0.0064272 
10 300 4 2.1e-05 25 0.892 0.061159 89.362 0.27662 89.08 0.0056666 
10 300 4 2.1e-05 30 0.868 0.068751 35.68 0.27544 35.399 0.0055278 
10 300 4 2.1e-05 40 0.802 0.093261 16.874 0.27307 16.596 0.0052771 
10 300 4 2.1e-05 50 0.75 0.12418 12.788 0.27256 12.51 0.0053214 
10 300 4 2.1e-05 60 0.704 0.13631 10.519 0.27256 10.241 0.0052939 
10 300 4 2.1e-05 70 0.66 0.16163 8.5024 0.2748 8.2222 0.0053075 
10 300 4 2.1e-05 80 0.598 0.16142 6.9644 0.2755 6.6833 0.0055264 
10 300 4 2.1e-05 90 0.506 0.16384 5.4412 0.27392 5.1618 0.0052874 
10 300 4 2.1e-05 100 0.43 0.16255 4.5641 0.27232 4.2864 0.005284 
10 300 4 2.1e-05 125 0.264 0.13011 2.8704 0.27096 2.594 0.0052874 
10 300 4 2.1e-05 150 0.15 0.078061 1.6332 0.27206 1.3557 0.0052894 
10 300 4 2.1e-05 200 0.032 0.015282 0.47799 0.27171 0.20089 0.0053054 
10 300 4 2.1e-05 250 0.002 0.0002 0.28982 0.27109 0.013328 0.0053327 
10 300 4 2.1e-05 300 0 0 0.27659 0.27119 2.4344e-05 0.0053025 
10 350 4 2.1e-05 1 1 0 893.88 0.34938 893.52 0.012012 
10 350 4 2.1e-05 2 1 0 891.93 0.34919 891.57 0.012161 
10 350 4 2.1e-05 3 1 0 891.54 0.35028 891.17 0.011906 
10 350 4 2.1e-05 4 1 0 891.38 0.34944 891.01 0.012967 
10 350 4 2.1e-05 5 1 0 894.01 0.35334 893.65 0.012006 
10 350 4 2.1e-05 8 1 0 900.85 0.35767 900.48 0.012004 
10 350 4 2.1e-05 10 1 0 892.34 0.35569 891.97 0.011991 
10 350 4 2.1e-05 12 0.994 0.00098367 869.18 0.35656 868.81 0.012012 
10 350 4 2.1e-05 15 0.986 0.0032694 782.28 0.35772 781.91 0.011506 
10 350 4 2.1e-05 20 0.952 0.023771 483.95 0.35265 483.59 0.0097752 
10 350 4 2.1e-05 25 0.918 0.04518 197.77 0.35183 197.41 0.0081558 
10 350 4 2.1e-05 30 0.892 0.062792 72.677 0.34413 72.326 0.0070947 
10 350 4 2.1e-05 40 0.844 0.08129 24.357 0.3439 24.006 0.0066869 
10 350 4 2.1e-05 50 0.784 0.10913 16.72 0.34587 16.367 0.0072701 
10 350 4 2.1e-05 60 0.76 0.11837 13.82 0.34641 13.467 0.0067245 
10 350 4 2.1e-05 70 0.718 0.13661 11.503 0.34698 11.15 0.0066869 
10 350 4 2.1e-05 80 0.68 0.14694 9.3354 0.34384 8.9847 0.0066928 
10 350 4 2.1e-05 90 0.598 0.1704 7.5268 0.34687 7.1731 0.0067234 
10 350 4 2.1e-05 100 0.524 0.179 6.1404 0.34326 5.7903 0.0067077 
10 350 4 2.1e-05 125 0.384 0.16831 4.5864 0.35288 4.2267 0.0067221 
10 350 4 2.1e-05 150 0.252 0.125 3.0771 0.34481 2.7255 0.0066692 
10 350 4 2.1e-05 200 0.082 0.051302 1.1208 0.34302 0.77066 0.0070429 
10 350 4 2.1e-05 250 0.028 0.015935 0.52349 0.34502 0.17161 0.0067574 
10 350 4 2.1e-05 300 0.002 0.0002 0.36376 0.34566 0.011318 0.0066996 
10 400 4 2.1e-05 1 1 0 917.52 0.41414 917.09 0.013197 
10 400 4 2.1e-05 2 1 0 917.04 0.41018 916.62 0.013415 
10 400 4 2.1e-05 3 1 0 915.05 0.41154 914.63 0.013328 
10 400 4 2.1e-05 4 1 0 915.39 0.41189 914.96 0.013299 
10 400 4 2.1e-05 5 1 0 915.74 0.40967 915.32 0.013215 
10 400 4 2.1e-05 8 1 0 913.67 0.41048 913.25 0.013398 
10 400 4 2.1e-05 10 1 0 911.02 0.40996 910.6 0.013283 
10 400 4 2.1e-05 12 1 0 903.62 0.41562 903.2 0.013251 
10 400 4 2.1e-05 15 0.998 0.0002 864.94 0.40934 864.52 0.013142 
10 400 4 2.1e-05 20 0.976 0.0067592 670.5 0.41257 670.08 0.011945 
10 400 4 2.1e-05 25 0.938 0.030976 362.84 0.40315 362.42 0.0099263 
10 400 4 2.1e-05 30 0.914 0.044902 145.33 0.3978 144.92 0.008744 
10 400 4 2.1e-05 40 0.872 0.070629 34.127 0.39779 33.721 0.0076363 
10 400 4 2.1e-05 50 0.81 0.093571 19.811 0.39831 19.404 0.0079172 
10 400 4 2.1e-05 60 0.764 0.1146 15.458 0.40255 15.048 0.0076866 
10 400 4 2.1e-05 70 0.732 0.13447 12.729 0.39601 12.325 0.0075972 
10 400 4 2.1e-05 80 0.702 0.14428 10.972 0.39831 10.566 0.0076345 
10 400 4 2.1e-05 90 0.668 0.15038 8.9717 0.39804 8.5659 0.0076506 
10 400 4 2.1e-05 100 0.612 0.16108 7.6894 0.39948 7.2822 0.0076372 
10 400 4 2.1e-05 125 0.472 0.17308 5.559 0.40086 5.15 0.0079958 
10 400 4 2.1e-05 150 0.336 0.15909 3.9324 0.39905 3.5256 0.0076691 
10 400 4 2.1e-05 200 0.136 0.073371 1.7648 0.39941 1.3576 0.0076788 
10 400 4 2.1e-05 250 0.056 0.037616 0.79028 0.39613 0.38643 0.0076135 
10 400 4 2.1e-05 300 0.016 0.0042286 0.50502 0.39791 0.099425 0.0075846 
10 400 4 2.1e-05 400 0 0 0.40495 0.39718 2.7542e-05 0.0076444 
10 500 4 2.1e-05 1 1 0 916.17 0.50474 915.65 0.01211 
10 500 4 2.1e-05 2 1 0 916.6 0.50434 916.08 0.012625 
10 500 4 2.1e-05 3 1 0 915.01 0.50792 914.49 0.012295 
10 500 4 2.1e-05 4 1 0 914.94 0.50487 914.43 0.012255 
10 500 4 2.1e-05 5 1 0 915.34 0.50783 914.82 0.01222 
10 500 4 2.1e-05 8 1 0 916.19 0.50739 915.67 0.012165 
10 500 4 2.1e-05 10 1 0 914.57 0.50986 914.05 0.012221 
10 500 4 2.1e-05 12 1 0 913.17 0.50236 912.66 0.012181 
10 500 4 2.1e-05 15 1 0 907.28 0.51198 906.76 0.012165 
10 500 4 2.1e-05 20 0.996 0.00039184 854.38 0.50255 853.87 0.012049 
10 500 4 2.1e-05 25 0.976 0.0043102 678.08 0.50681 677.56 0.011584 
10 500 4 2.1e-05 30 0.952 0.018873 411.83 0.50316 411.31 0.010618 
10 500 4 2.1e-05 40 0.896 0.063249 86.909 0.49443 86.405 0.0094008 
10 500 4 2.1e-05 50 0.87 0.072755 33.347 0.49634 32.841 0.0095821 
10 500 4 2.1e-05 60 0.832 0.076506 21.6 0.49807 21.092 0.0090887 
10 500 4 2.1e-05 70 0.796 0.098351 16.597 0.49396 16.094 0.0090988 
10 500 4 2.1e-05 80 0.764 0.11337 15.05 0.49482 14.546 0.0092225 
10 500 4 2.1e-05 90 0.74 0.12571 13.05 0.49802 12.543 0.0093448 
10 500 4 2.1e-05 100 0.712 0.137 11.373 0.49008 10.873 0.0092137 
10 500 4 2.1e-05 125 0.636 0.16072 7.9514 0.49513 7.447 0.009083 
10 500 4 2.1e-05 150 0.486 0.16531 5.7332 0.48949 5.2346 0.0089911 
10 500 4 2.1e-05 200 0.286 0.13102 3.5729 0.48633 3.077 0.0093486 
10 500 4 2.1e-05 250 0.158 0.082486 2.0252 0.49555 1.5204 0.0091496 
10 500 4 2.1e-05 300 0.06 0.045306 1.0384 0.4934 0.53578 0.0090757 
10 500 4 2.1e-05 400 0.008 0.0011592 0.55435 0.49783 0.047374 0.0090424 
10 500 4 2.1e-05 500 0 0 0.50791 0.49863 2.6633e-05 0.0091552 
10 600 4 2.1e-05 1 1 0 908.77 0.60918 908.15 0.016096 
10 600 4 2.1e-05 2 1 0 903.93 0.60488 903.31 0.016546 
10 600 4 2.1e-05 3 1 0 903.66 0.60767 903.03 0.016232 
10 600 4 2.1e-05 4 1 0 904.57 0.5999 903.95 0.01614 
10 600 4 2.1e-05 5 1 0 904.32 0.60873 903.69 0.016005 
10 600 4 2.1e-05 8 1 0 903.46 0.60559 902.84 0.016524 
10 600 4 2.1e-05 10 1 0 903.53 0.60368 902.91 0.016194 
10 600 4 2.1e-05 12 1 0 903.78 0.59848 903.16 0.016064 
10 600 4 2.1e-05 15 1 0 902.98 0.60802 902.35 0.016261 
10 600 4 2.1e-05 20 0.998 0.0002 891.68 0.60079 891.06 0.016123 
10 600 4 2.1e-05 25 0.998 0.0002 833.26 0.60971 832.63 0.016007 
10 600 4 2.1e-05 30 0.984 0.0034122 678.1 0.60148 677.48 0.014939 
10 600 4 2.1e-05 40 0.93 0.041735 236.45 0.59958 235.84 0.012445 
10 600 4 2.1e-05 50 0.896 0.056718 61.107 0.60015 60.495 0.011797 
10 600 4 2.1e-05 60 0.864 0.07582 31.624 0.59027 31.022 0.011431 
10 600 4 2.1e-05 70 0.84 0.080816 22.134 0.59551 21.528 0.011266 
10 600 4 2.1e-05 80 0.798 0.10061 17.839 0.58859 17.239 0.011428 
10 600 4 2.1e-05 90 0.766 0.11739 15.108 0.59094 14.505 0.011187 
10 600 4 2.1e-05 100 0.754 0.12253 14.046 0.59134 13.444 0.011157 
10 600 4 2.1e-05 125 0.692 0.14606 11.057 0.59107 10.455 0.011207 
10 600 4 2.1e-05 150 0.618 0.15742 8.2725 0.59367 7.6672 0.011397 
10 600 4 2.1e-05 200 0.414 0.16776 5.0932 0.58941 4.4923 0.011318 
10 600 4 2.1e-05 250 0.258 0.13065 3.4128 0.57954 2.822 0.011089 
10 600 4 2.1e-05 300 0.166 0.096167 2.1654 0.59037 1.5638 0.011176 
10 600 4 2.1e-05 400 0.032 0.019771 0.80003 0.58632 0.20223 0.011382 
10 600 4 2.1e-05 500 0.002 0.0002 0.61353 0.58819 0.01393 0.011321 
10 700 4 2.1e-05 1 1 0 904.46 0.69977 903.75 0.018503 
10 700 4 2.1e-05 2 1 0 903.01 0.70336 902.28 0.018757 
10 700 4 2.1e-05 3 1 0 903.6 0.68868 902.89 0.018749 
10 700 4 2.1e-05 4 1 0 903.34 0.70509 902.61 0.018924 
10 700 4 2.1e-05 5 1 0 903.27 0.70602 902.54 0.018832 
10 700 4 2.1e-05 8 1 0 903.34 0.69625 902.63 0.018685 
10 700 4 2.1e-05 10 1 0 903.61 0.70316 902.89 0.018818 
10 700 4 2.1e-05 12 1 0 904.15 0.69733 903.44 0.018699 
10 700 4 2.1e-05 15 1 0 902.86 0.69997 902.14 0.018674 
10 700 4 2.1e-05 20 1 0 899.32 0.69173 898.61 0.018837 
10 700 4 2.1e-05 25 1 0 881.38 0.69305 880.67 0.018467 
10 700 4 2.1e-05 30 0.994 0.00098367 819.94 0.70348 819.21 0.01837 
10 700 4 2.1e-05 40 0.962 0.013833 479.66 0.69533 478.95 0.015958 
10 700 4 2.1e-05 50 0.916 0.058514 148.96 0.69486 148.25 0.013828 
10 700 4 2.1e-05 60 0.898 0.058976 51.535 0.69434 50.827 0.013408 
10 700 4 2.1e-05 70 0.866 0.072494 30.454 0.68618 29.755 0.012742 
10 700 4 2.1e-05 80 0.832 0.081404 23.257 0.68599 22.558 0.013073 
10 700 4 2.1e-05 90 0.806 0.092004 18.379 0.69135 17.675 0.012718 
10 700 4 2.1e-05 100 0.774 0.11135 16.007 0.68742 15.306 0.012785 
10 700 4 2.1e-05 125 0.736 0.13092 13.409 0.69039 12.705 0.013265 
10 700 4 2.1e-05 150 0.68 0.15306 10.519 0.68832 9.8174 0.012773 
10 700 4 2.1e-05 200 0.538 0.17057 6.4463 0.68317 5.7503 0.012716 
10 700 4 2.1e-05 250 0.36 0.16122 4.5979 0.68209 3.9028 0.012834 
10 700 4 2.1e-05 300 0.254 0.1258 3.3474 0.6867 2.6478 0.012713 
10 700 4 2.1e-05 400 0.078 0.051547 1.4997 0.68505 0.80177 0.012769 
10 700 4 2.1e-05 500 0.028 0.011853 0.86736 0.68577 0.16874 0.012752 
10 800 4 2.1e-05 1 1 0 905.33 0.79188 904.52 0.017125 
10 800 4 2.1e-05 2 1 0 903.05 0.79679 902.24 0.017292 
10 800 4 2.1e-05 3 1 0 902.77 0.81046 901.94 0.017386 
10 800 4 2.1e-05 4 1 0 902.84 0.79768 902.02 0.0173 
10 800 4 2.1e-05 5 1 0 902.91 0.79313 902.1 0.017212 
10 800 4 2.1e-05 8 1 0 902.65 0.79486 901.84 0.01728 
10 800 4 2.1e-05 10 1 0 902.03 0.80969 901.2 0.017486 
10 800 4 2.1e-05 12 1 0 902.43 0.79436 901.62 0.017269 
10 800 4 2.1e-05 15 1 0 902.44 0.79778 901.63 0.017382 
10 800 4 2.1e-05 20 1 0 901.92 0.80452 901.09 0.017317 
10 800 4 2.1e-05 25 1 0 897.98 0.79939 897.17 0.017318 
10 800 4 2.1e-05 30 1 0 828.93 0.72799 828.18 0.016038 
10 800 4 2.1e-05 40 0.99 0.002551 631.78 0.70618 631.06 0.015117 
10 800 4 2.1e-05 50 0.942 0.033506 292.6 0.70425 291.88 0.014405 
10 800 4 2.1e-05 60 0.914 0.055922 93.889 0.69855 93.177 0.013259 
10 800 4 2.1e-05 70 0.894 0.059759 41.677 0.70506 40.958 0.013251 
10 800 4 2.1e-05 80 0.862 0.074649 28.074 0.69904 27.362 0.013217 
10 800 4 2.1e-05 90 0.84 0.078367 21.959 0.69895 21.247 0.013124 
10 800 4 2.1e-05 100 0.83 0.083367 18.073 0.69753 17.362 0.013059 
10 800 4 2.1e-05 125 0.76 0.12041 13.883 0.69896 13.171 0.013082 
10 800 4 2.1e-05 150 0.716 0.14056 11.678 0.69927 10.966 0.013253 
10 800 4 2.1e-05 200 0.628 0.17226 7.4172 0.69785 6.7061 0.013104 
10 800 4 2.1e-05 250 0.462 0.17832 5.3183 0.69661 4.6084 0.013079 
10 800 4 2.1e-05 300 0.34 0.15469 4.0201 0.69787 3.3082 0.013928 
10 800 4 2.1e-05 400 0.166 0.09331 2.165 0.69779 1.4538 0.013242 
10 800 4 2.1e-05 500 0.054 0.039678 1.0885 0.69715 0.37812 0.013135 
10 900 4 2.1e-05 1 1 0 943.45 0.91944 942.51 0.020064 
10 900 4 2.1e-05 2 1 0 824.13 0.80033 823.32 0.018138 
10 900 4 2.1e-05 3 1 0 827.26 0.79816 826.44 0.018039 
10 900 4 2.1e-05 4 1 0 827.48 0.79649 826.67 0.018092 
10 900 4 2.1e-05 5 1 0 827.07 0.79593 826.26 0.017955 
10 900 4 2.1e-05 8 1 0 826.89 0.79631 826.07 0.018032 
10 900 4 2.1e-05 10 1 0 826.74 0.79638 825.93 0.018344 
10 900 4 2.1e-05 12 1 0 826.78 0.79362 825.97 0.017958 
10 900 4 2.1e-05 15 1 0 826.67 0.79709 825.85 0.017947 
10 900 4 2.1e-05 20 1 0 823.31 0.79838 822.49 0.018121 
10 900 4 2.1e-05 25 1 0 825.92 0.79434 825.11 0.018049 
10 900 4 2.1e-05 30 1 0 819.71 0.79442 818.9 0.01799 
10 900 4 2.1e-05 40 0.992 0.0011592 739.92 0.79223 739.11 0.017958 
10 900 4 2.1e-05 50 0.942 0.030649 478.32 0.79085 477.51 0.016601 
10 900 4 2.1e-05 60 0.916 0.053616 194.11 0.78844 193.3 0.015608 
10 900 4 2.1e-05 70 0.91 0.058469 73.904 0.78547 73.103 0.015005 
10 900 4 2.1e-05 80 0.898 0.059792 39.476 0.78621 38.674 0.014898 
10 900 4 2.1e-05 90 0.864 0.072555 27.916 0.78443 27.117 0.014754 
10 900 4 2.1e-05 100 0.852 0.0752 22.766 0.78316 21.968 0.014908 
10 900 4 2.1e-05 125 0.81 0.094796 15.576 0.78435 14.777 0.014884 
10 900 4 2.1e-05 150 0.756 0.1217 12.987 0.78197 12.19 0.014804 
10 900 4 2.1e-05 200 0.67 0.15602 9.2132 0.78196 8.4163 0.014792 
10 900 4 2.1e-05 250 0.556 0.18007 6.3448 0.78329 5.5465 0.014811 
10 900 4 2.1e-05 300 0.426 0.17298 4.9392 0.78104 4.1432 0.014814 
10 900 4 2.1e-05 400 0.234 0.11617 3.2629 0.7833 2.4646 0.014872 
10 900 4 2.1e-05 500 0.102 0.062241 1.6671 0.78561 0.86591 0.015506 
10 1000 4 2.1e-05 1 1 0 826.84 0.87843 825.94 0.020693 
10 1000 4 2.1e-05 2 1 0 827 0.87614 826.1 0.020847 
10 1000 4 2.1e-05 3 1 0 827.84 0.87547 826.94 0.020831 
10 1000 4 2.1e-05 4 1 0 828.1 0.87415 827.2 0.020808 
10 1000 4 2.1e-05 5 1 0 828.19 0.87551 827.29 0.020613 
10 1000 4 2.1e-05 8 1 0 827.91 0.87684 827.02 0.020681 
10 1000 4 2.1e-05 10 1 0 842.62 0.89735 841.7 0.021501 
10 1000 4 2.1e-05 12 1 0 867.75 0.93426 866.79 0.022799 
10 1000 4 2.1e-05 15 1 0 866.86 0.92922 865.91 0.022724 
10 1000 4 2.1e-05 20 1 0 864.82 0.92786 863.87 0.022505 
10 1000 4 2.1e-05 25 1 0 859.65 0.92607 858.7 0.022517 
10 1000 4 2.1e-05 30 1 0 858.29 0.92258 857.35 0.022773 
10 1000 4 2.1e-05 40 0.988 0.0072 807.53 0.91133 806.6 0.021901 
10 1000 4 2.1e-05 50 0.972 0.0192 638.47 0.9002 637.55 0.020721 
10 1000 4 2.1e-05 60 0.946 0.030698 348.61 0.90076 347.69 0.019122 
10 1000 4 2.1e-05 70 0.922 0.046241 136.69 0.89343 135.78 0.01784 
10 1000 4 2.1e-05 80 0.904 0.059167 60.119 0.89377 59.208 0.017453 
10 1000 4 2.1e-05 90 0.89 0.066224 36.44 0.89259 35.531 0.017064 
10 1000 4 2.1e-05 100 0.866 0.07331 27.825 0.89427 26.913 0.017475 
10 1000 4 2.1e-05 125 0.822 0.085833 18.101 0.89036 17.193 0.017398 
10 1000 4 2.1e-05 150 0.768 0.11487 14.795 0.89476 13.883 0.017062 
10 1000 4 2.1e-05 200 0.7 0.14245 11.219 0.89499 10.307 0.017413 
10 1000 4 2.1e-05 250 0.626 0.16686 7.7504 0.89061 6.8425 0.017128 
10 1000 4 2.1e-05 300 0.486 0.18286 5.7705 0.89253 4.8608 0.017161 
10 1000 4 2.1e-05 400 0.298 0.1504 3.7504 0.89147 2.8417 0.017119 
10 1000 4 2.1e-05 500 0.16 0.087755 2.2322 0.89017 1.3249 0.017075 
10 1250 4 2.1e-05 1 1 0 820.89 1.1193 819.75 0.0252 
10 1250 4 2.1e-05 2 1 0 819.49 1.1215 818.34 0.025446 
10 1250 4 2.1e-05 3 1 0 811.49 1.1133 810.35 0.025188 
10 1250 4 2.1e-05 4 1 0 794.16 1.1003 793.03 0.024542 
10 1250 4 2.1e-05 5 1 0 789.99 1.0986 788.87 0.024815 
10 1250 4 2.1e-05 8 1 0 789.17 1.0987 788.05 0.02445 
10 1250 4 2.1e-05 10 1 0 783.06 1.0891 781.95 0.024324 
10 1250 4 2.1e-05 12 1 0 777.19 1.0892 776.07 0.024266 
10 1250 4 2.1e-05 15 1 0 777.44 1.0866 776.32 0.024133 
10 1250 4 2.1e-05 20 1 0 798.22 1.0862 797.11 0.024343 
10 1250 4 2.1e-05 25 1 0 812.32 1.0873 811.21 0.024167 
10 1250 4 2.1e-05 30 1 0 809.12 1.0884 808 0.024374 
10 1250 4 2.1e-05 40 1 0 808.76 1.0913 807.64 0.024359 
10 1250 4 2.1e-05 50 1 0 781.14 1.0884 780.03 0.024172 
10 1250 4 2.1e-05 60 0.988 0.0027102 679.43 1.0854 678.32 0.023988 
10 1250 4 2.1e-05 70 0.958 0.022486 460.91 1.0832 459.81 0.023088 
10 1250 4 2.1e-05 80 0.928 0.042465 229.56 1.084 228.45 0.021523 
10 1250 4 2.1e-05 90 0.914 0.055514 103.54 1.0782 102.44 0.021615 
10 1250 4 2.1e-05 100 0.906 0.058127 56.014 1.0788 54.914 0.020654 
10 1250 4 2.1e-05 125 0.868 0.069976 27.063 1.0801 25.963 0.020436 
10 1250 4 2.1e-05 150 0.83 0.085816 18.843 1.0782 17.744 0.020346 
10 1250 4 2.1e-05 200 0.766 0.11739 13.84 1.0775 12.742 0.020704 
10 1250 4 2.1e-05 250 0.706 0.14302 10.892 1.08 9.7917 0.02043 
10 1250 4 2.1e-05 300 0.65 0.16827 8.3248 1.0763 7.2278 0.020499 
10 1250 4 2.1e-05 400 0.444 0.1768 5.4269 1.0758 4.3304 0.020549 
10 1250 4 2.1e-05 500 0.288 0.13577 3.8775 1.0762 2.7806 0.020569 
10 1500 4 2.1e-05 1 1 0 874.4 1.297 873.08 0.025187 
10 1500 4 2.1e-05 2 1 0 869.65 1.2978 868.32 0.025471 
10 1500 4 2.1e-05 3 1 0 875.08 1.2952 873.76 0.025733 
10 1500 4 2.1e-05 4 1 0 874.63 1.2962 873.31 0.025362 
10 1500 4 2.1e-05 5 1 0 874.29 1.2987 872.96 0.025354 
10 1500 4 2.1e-05 8 1 0 874.92 1.2953 873.59 0.025379 
10 1500 4 2.1e-05 10 1 0 875.02 1.2985 873.69 0.02543 
10 1500 4 2.1e-05 12 1 0 874.64 1.2967 873.32 0.025362 
10 1500 4 2.1e-05 15 1 0 874.51 1.2972 873.19 0.025424 
10 1500 4 2.1e-05 20 1 0 875.17 1.3012 873.84 0.025535 
10 1500 4 2.1e-05 25 1 0 875.33 1.3007 874 0.02541 
10 1500 4 2.1e-05 30 1 0 869.23 1.2974 867.91 0.025346 
10 1500 4 2.1e-05 40 1 0 874.34 1.2947 873.02 0.025402 
10 1500 4 2.1e-05 50 1 0 869 1.2963 867.68 0.025431 
10 1500 4 2.1e-05 60 1 0 845.12 1.2965 843.79 0.026179 
10 1500 4 2.1e-05 70 0.99 0.0017347 766.19 1.2969 764.87 0.025214 
10 1500 4 2.1e-05 80 0.972 0.013078 586.41 1.295 585.09 0.024848 
10 1500 4 2.1e-05 90 0.946 0.030698 352.9 1.2947 351.58 0.02478 
10 1500 4 2.1e-05 100 0.92 0.055102 180.75 1.2932 179.43 0.024094 
10 1500 4 2.1e-05 125 0.902 0.061833 49.333 1.2929 48.016 0.024697 
10 1500 4 2.1e-05 150 0.862 0.070159 28.968 1.2898 27.654 0.023719 
10 1500 4 2.1e-05 200 0.794 0.10425 18.019 1.2891 16.706 0.023884 
10 1500 4 2.1e-05 250 0.746 0.12498 14.422 1.2879 13.11 0.023876 
10 1500 4 2.1e-05 300 0.704 0.14692 12.056 1.2888 10.744 0.023813 
10 1500 4 2.1e-05 400 0.592 0.17136 7.7055 1.2891 6.3919 0.024313 
10 1500 4 2.1e-05 500 0.408 0.17014 5.6506 1.288 4.3385 0.023866 
10 2000 4 2.1e-05 1 1 0 815.8 1.7203 814.05 0.035246 
10 2000 4 2.1e-05 2 1 0 819.51 1.7209 817.75 0.035251 
10 2000 4 2.1e-05 3 1 0 819.45 1.7194 817.69 0.035381 
10 2000 4 2.1e-05 4 1 0 819.59 1.717 817.83 0.03521 
10 2000 4 2.1e-05 5 1 0 819.23 1.7205 817.47 0.035297 
10 2000 4 2.1e-05 8 1 0 819.14 1.7194 817.39 0.036043 
10 2000 4 2.1e-05 10 1 0 819.07 1.7235 817.31 0.03538 
10 2000 4 2.1e-05 12 1 0 818.98 1.7196 817.22 0.035171 
10 2000 4 2.1e-05 15 1 0 816.5 1.7283 814.74 0.035464 
10 2000 4 2.1e-05 20 1 0 819.37 1.7226 817.62 0.035378 
10 2000 4 2.1e-05 25 1 0 819.27 1.7216 817.51 0.035427 
10 2000 4 2.1e-05 30 1 0 819.51 1.7187 817.75 0.035274 
10 2000 4 2.1e-05 40 1 0 819.43 1.726 817.66 0.035331 
10 2000 4 2.1e-05 50 1 0 819.1 1.7196 817.34 0.035593 
10 2000 4 2.1e-05 60 1 0 818.17 1.7211 816.42 0.035269 
10 2000 4 2.1e-05 70 1 0 813.13 1.7241 811.37 0.035407 
10 2000 4 2.1e-05 80 1 0 796.41 1.7228 794.65 0.035121 
10 2000 4 2.1e-05 90 0.988 0.0027102 752.98 1.719 751.23 0.034979 
10 2000 4 2.1e-05 100 0.974 0.0084939 655.68 1.719 653.93 0.035021 
10 2000 4 2.1e-05 125 0.936 0.034188 252.58 1.7135 250.83 0.032654 
10 2000 4 2.1e-05 150 0.906 0.059351 72.517 1.7125 70.772 0.032084 
10 2000 4 2.1e-05 200 0.858 0.075139 27.261 1.7135 25.515 0.031773 
10 2000 4 2.1e-05 250 0.828 0.087771 18.66 1.7101 16.918 0.031791 
10 2000 4 2.1e-05 300 0.772 0.11226 15.137 1.7115 13.393 0.03223 
10 2000 4 2.1e-05 400 0.708 0.14361 11.811 1.7097 10.07 0.03177 
10 2000 4 2.1e-05 500 0.61 0.17561 8.2872 1.7117 6.5435 0.031816 
