10 10 6 4819.07 1 0.668 0.084669 176.15 28.334 147.82 0.00037408 
10 10 6 4819.1 2 0.416 0.091984 42.459 26.328 16.131 0.00035523 
10 10 6 4819.1 3 0.246 0.061718 29.677 25.742 3.9346 0.00030077 
10 10 6 4819.1 5 0.046 0.016004 26.789 26.31 0.47901 0.00032056 
10 10 6 4819.1 8 0.002 0.0002 26.952 26.935 0.016944 0.00030093 
10 10 6 4819.1 10 0 0 26.935 26.934 1.2787e-05 0.00035015 
10 10 7 4819.07 1 0.516 0.103 110.25 33.07 77.179 0.00034255 
10 10 7 4819.1 2 0.272 0.073078 38.928 32.414 6.5139 0.00032185 
10 10 7 4819.1 3 0.114 0.037963 33.379 32.048 1.3306 0.00028922 
10 10 7 4819.1 5 0.026 0.0064531 33.016 32.794 0.22109 0.00032725 
10 10 7 4819.1 8 0 0 33.076 33.076 7.3416e-06 0.00034323 
10 10 7 4819.1 10 0 0 33.105 33.104 5.7239e-06 0.00034446 
10 10 8 4819.07 1 0.412 0.081486 72.34 32.883 39.457 0.0003532 
10 10 8 4819.1 2 0.184 0.045453 34.595 32.011 2.5839 0.00035363 
10 10 8 4819.1 3 0.082 0.019057 32.66 31.962 0.69774 0.00030904 
10 10 8 4819.1 5 0.012 0.0014857 32.586 32.482 0.1035 0.00039784 
10 10 8 4819.1 8 0.002 0.0002 32.544 32.525 0.017953 0.00037267 
10 10 8 4819.1 10 0 0 32.93 32.929 6.0862e-06 0.00041037 
10 25 8 4819.07 1 0.12 0.020408 57.126 43.383 13.741 0.00066252 
10 25 8 4819.1 2 0.006 0.00057551 48.857 43.491 5.3655 0.00065434 
10 25 8 4819.1 3 0.002 0.0002 48.923 43.607 5.3148 0.00074043 
10 25 8 4819.1 5 0.002 0.0002 48.807 43.476 5.3295 0.00078855 
10 25 8 4819.1 8 0.002 0.0002 48.754 43.402 5.3514 0.00073582 
10 25 8 4819.1 10 0.002 0.0002 48.823 43.479 5.3431 0.00076791 
10 25 8 4819.1 15 0.002 0.0002 48.902 43.566 5.3347 0.00080352 
10 25 8 4819.1 25 0 0 43.552 43.552 6.7949e-06 0.00070677 
10 50 8 4819.07 1 0.228 0.037567 108.46 85.841 22.619 0.0013905 
10 50 8 4819.1 2 0.03 0.0033673 91.831 85.973 5.8561 0.0013946 
10 50 8 4819.1 3 0.004 0.00039184 91.661 86.238 5.4213 0.0016441 
10 50 8 4819.1 5 0.002 0.0002 91.639 86.228 5.4092 0.0016179 
10 50 8 4819.1 8 0.002 0.0002 91.481 86.07 5.4097 0.0016675 
10 50 8 4819.1 10 0.002 0.0002 91.654 86.251 5.4015 0.0016271 
10 50 8 4819.1 15 0.002 0.0002 91.569 86.16 5.4079 0.0016085 
10 50 8 4819.1 25 0.002 0.0002 91.507 86.091 5.4143 0.0016585 
10 75 6 4819.07 1 0.748 0.080098 326.42 111.63 214.79 0.0016005 
10 75 6 4819.1 2 0.54 0.11755 157.77 111.44 46.329 0.0014008 
10 75 6 4819.1 3 0.358 0.10126 138.21 111.78 26.427 0.0017135 
10 75 6 4819.1 5 0.134 0.056167 134 112.18 21.824 0.0018814 
10 75 6 4819.1 8 0.04 0.011837 132.8 112.16 20.641 0.0020155 
10 75 6 4819.1 10 0.018 0.0019143 132.59 112.12 20.468 0.0019465 
10 75 6 4819.1 15 0.012 0.0010776 132.67 112.25 20.425 0.0020415 
10 75 6 4819.1 25 0.012 0.0010776 132.78 112.35 20.429 0.0019529 
10 75 8 4819.07 1 0.306 0.040984 157.73 127.59 30.14 0.001912 
10 75 8 4819.1 2 0.052 0.0054041 134.08 128.03 6.0432 0.0022764 
10 75 8 4819.1 3 0.016 0.0017796 133.92 128.52 5.3912 0.0025948 
10 75 8 4819.1 5 0.002 0.0002 133.51 128.23 5.2771 0.0025395 
10 75 8 4819.1 8 0.002 0.0002 133.53 128.26 5.2662 0.0024987 
10 75 8 4819.1 10 0.002 0.0002 133.75 128.48 5.2717 0.0026139 
10 75 8 4819.1 15 0.002 0.0002 133.66 128.37 5.2902 0.0025483 
10 75 8 4819.1 25 0.002 0.0002 133.46 128.19 5.2727 0.0025161 
10 100 6 4819.07 1 0.612 0.075771 267.92 127.86 140.06 0.0019919 
10 100 6 4819.1 2 0.318 0.074567 158.57 128.27 30.298 0.0021172 
10 100 6 4819.1 3 0.138 0.044037 151.34 128.63 22.706 0.0026587 
10 100 6 4819.1 5 0.036 0.0064327 150.17 128.99 21.181 0.0027538 
10 100 6 4819.1 8 0.012 0.0010776 149.94 129.05 20.889 0.0028348 
10 100 6 4819.1 10 0.012 0.0010776 149.86 128.98 20.878 0.0026893 
10 100 6 4819.1 15 0.012 0.0010776 149.89 129.01 20.876 0.0027429 
10 100 6 4819.1 25 0.012 0.0010776 150 129.14 20.85 0.0027669 
10 100 8 4819.07 1 0.354 0.059269 203.05 165.74 37.304 0.0025812 
10 100 8 4819.1 2 0.108 0.024016 172.73 165.95 6.7769 0.0032724 
10 100 8 4819.1 3 0.034 0.0055551 171.39 165.83 5.5577 0.0035427 
10 100 8 4819.1 5 0.004 0.00039184 171.15 165.86 5.2923 0.0036072 
10 100 8 4819.1 8 0.002 0.0002 171.24 165.95 5.2841 0.0034412 
10 100 8 4819.1 10 0.002 0.0002 171.1 165.83 5.2654 0.0035063 
10 100 8 4819.1 15 0.002 0.0002 171.3 166.02 5.2713 0.0035403 
10 100 8 4819.1 25 0.002 0.0002 171.14 165.86 5.272 0.0035231 
