10 1 3 2.1e-06 1 0.302 0.096935 137.08 0.0017339 137.07 0.0001136 
10 5 3 2.1e-06 1 0.658 0.044527 495.68 0.0021795 495.67 0.00051055 
10 5 3 2.1e-06 2 0.392 0.068914 152.16 0.0021982 152.15 0.00038729 
10 5 3 2.1e-06 3 0.158 0.05269 32.658 0.0021052 32.655 0.00029028 
10 5 3 2.1e-06 4 0.064 0.026024 4.4281 0.00042686 4.4273 0.00026404 
10 5 3 2.1e-06 5 0.006 0.00057551 0.20699 0.00039171 0.20639 0.0001582 
10 10 3 2.1e-06 1 0.736 0.061943 759.87 0.0026293 759.87 0.00073273 
10 10 3 2.1e-06 2 0.632 0.068751 396.48 0.0026305 396.47 0.00070524 
10 10 3 2.1e-06 3 0.498 0.065098 165.01 0.0026438 165 0.0004889 
10 10 3 2.1e-06 4 0.338 0.0522 56.196 0.0026532 56.193 0.00038808 
10 10 3 2.1e-06 5 0.194 0.049147 18.048 0.0026439 18.045 0.00034552 
10 10 3 2.1e-06 8 0.02 0.016327 0.2808 0.00074902 0.27983 0.0001835 
10 10 3 2.1e-06 10 0.006 0.0018 0.067103 0.00075013 0.066165 0.00016024 
10 25 3 2.1e-06 1 0.964 0.0060245 1012.7 0.0039923 1012.7 0.0015489 
10 25 3 2.1e-06 2 0.89 0.018469 822.81 0.0039318 822.8 0.0015859 
10 25 3 2.1e-06 3 0.796 0.036718 596.89 0.0039224 596.88 0.0013574 
10 25 3 2.1e-06 4 0.73 0.047449 391.65 0.0038333 391.65 0.0011315 
10 25 3 2.1e-06 5 0.658 0.057996 241.93 0.0038364 241.93 0.00097463 
10 25 3 2.1e-06 8 0.516 0.070351 58.454 0.0038498 58.45 0.00077001 
10 25 3 2.1e-06 10 0.366 0.087188 20.347 0.0038937 20.342 0.00074941 
10 25 3 2.1e-06 12 0.232 0.09569 5.9182 0.0024692 5.9149 0.00069694 
10 25 3 2.1e-06 15 0.084 0.054841 1.2388 0.0019053 1.2363 0.00054235 
10 25 3 2.1e-06 20 0.014 0.0057184 0.14097 0.0018633 0.13866 0.00041518 
10 25 3 2.1e-06 25 0 0 0.001939 0.0015731 2.3721e-06 0.0003377 
10 50 3 2.1e-06 1 0.992 0.00075102 1079.8 0.0061787 1079.7 0.0025963 
10 50 3 2.1e-06 2 0.944 0.0074122 1020.9 0.0059957 1020.9 0.0028051 
10 50 3 2.1e-06 3 0.882 0.018649 930.01 0.0060181 930 0.0026583 
10 50 3 2.1e-06 4 0.836 0.0248 816.81 0.006026 816.81 0.0025489 
10 50 3 2.1e-06 5 0.786 0.036331 688.21 0.0059787 688.2 0.0023714 
10 50 3 2.1e-06 8 0.69 0.049082 332.82 0.0058092 332.81 0.0017878 
10 50 3 2.1e-06 10 0.634 0.057392 191.83 0.0058359 191.82 0.0016282 
10 50 3 2.1e-06 12 0.582 0.074159 113.38 0.0058437 113.37 0.0015528 
10 50 3 2.1e-06 15 0.518 0.078241 52.636 0.0058461 52.629 0.0014536 
10 50 3 2.1e-06 20 0.34 0.079184 10.993 0.0053598 10.986 0.0013427 
10 50 3 2.1e-06 25 0.162 0.073833 2.7543 0.0039471 2.7491 0.0012123 
10 50 3 2.1e-06 30 0.064 0.05378 1.1045 0.0037037 1.0998 0.00090542 
10 50 3 2.1e-06 40 0.014 0.0053102 0.11016 0.0036913 0.10563 0.00081019 
10 50 3 2.1e-06 50 0 0 0.0044387 0.0036642 3.1199e-06 0.00074439 
10 75 3 2.1e-06 1 1 0 1105.9 0.0080275 1105.9 0.0034106 
10 75 3 2.1e-06 2 0.998 0.0002 1081.3 0.0080492 1081.3 0.0035984 
10 75 3 2.1e-06 3 0.984 0.0017796 1006.6 0.0080326 1006.6 0.0033737 
10 75 3 2.1e-06 4 0.96 0.0040816 1000.6 0.0083788 1000.5 0.0035569 
10 75 3 2.1e-06 5 0.916 0.013208 930.3 0.0083665 930.29 0.0034343 
10 75 3 2.1e-06 8 0.804 0.033045 668.1 0.0083656 668.09 0.0031635 
10 75 3 2.1e-06 10 0.738 0.044853 467.8 0.0082432 467.79 0.0028184 
10 75 3 2.1e-06 12 0.692 0.050547 297.89 0.0079194 297.87 0.0024119 
10 75 3 2.1e-06 15 0.644 0.062922 161.75 0.0079076 161.74 0.0021822 
10 75 3 2.1e-06 20 0.578 0.069506 70.48 0.0078564 70.47 0.0020149 
10 75 3 2.1e-06 25 0.5 0.075918 25.747 0.0076078 25.737 0.0019049 
10 75 3 2.1e-06 30 0.35 0.079694 7.3106 0.0075228 7.3012 0.0017607 
10 75 3 2.1e-06 40 0.098 0.053261 1.2263 0.0055832 1.2193 0.0013643 
10 75 3 2.1e-06 50 0.046 0.033147 0.57441 0.005541 0.56761 0.0012321 
10 75 3 2.1e-06 60 0 0 0.0066697 0.0054896 2.956e-06 0.0011506 
10 75 3 2.1e-06 70 0 0 0.0065823 0.005443 3.1954e-06 0.0011096 
10 100 3 2.1e-06 1 1 0 1088.1 0.010268 1088.1 0.0047712 
10 100 3 2.1e-06 2 0.996 0.00039184 1063.8 0.010204 1063.8 0.004678 
10 100 3 2.1e-06 3 0.99 0.00091837 1036.6 0.010164 1036.6 0.0044668 
10 100 3 2.1e-06 4 0.972 0.0028735 1009.9 0.010075 1009.9 0.0044056 
10 100 3 2.1e-06 5 0.94 0.0081633 973.66 0.010043 973.65 0.0043558 
10 100 3 2.1e-06 8 0.838 0.022404 818.1 0.0099643 818.09 0.0040276 
10 100 3 2.1e-06 10 0.778 0.031547 675.56 0.0099439 675.54 0.0037619 
10 100 3 2.1e-06 12 0.73 0.041735 519.89 0.0099293 519.88 0.0035786 
10 100 3 2.1e-06 15 0.672 0.062057 324.07 0.0099754 324.06 0.0032794 
10 100 3 2.1e-06 20 0.624 0.065943 150.69 0.0098161 150.68 0.0028671 
10 100 3 2.1e-06 25 0.57 0.072755 81.68 0.0097402 81.667 0.0027109 
10 100 3 2.1e-06 30 0.504 0.080392 41.463 0.0097493 41.451 0.0026052 
10 100 3 2.1e-06 40 0.316 0.086678 6.4223 0.0087168 6.411 0.0024466 
10 100 3 2.1e-06 50 0.118 0.063547 1.6008 0.0074784 1.5914 0.0019332 
10 100 3 2.1e-06 60 0.046 0.033147 0.65215 0.0073418 0.64309 0.0016785 
10 100 3 2.1e-06 70 0.026 0.011759 0.24732 0.0073174 0.23832 0.0016463 
10 100 3 2.1e-06 80 0 0 0.0088169 0.0072756 3.1264e-06 0.0015102 
10 100 3 2.1e-06 90 0 0 0.0087926 0.0072626 3.9954e-06 0.0014991 
10 100 3 2.1e-06 100 0 0 0.0088054 0.0072721 3.0519e-06 0.0015035 
10 125 3 2.1e-06 1 0.998 0.0002 1087 0.01239 1086.9 0.0056233 
10 125 3 2.1e-06 2 0.998 0.0002 1084.8 0.012394 1084.7 0.0057925 
10 125 3 2.1e-06 3 0.996 0.00039184 1076.1 0.012326 1076.1 0.0059522 
10 125 3 2.1e-06 4 0.984 0.0021878 1062.3 0.012349 1062.3 0.0058922 
10 125 3 2.1e-06 5 0.97 0.0041837 1053.6 0.012354 1053.6 0.0058969 
10 125 3 2.1e-06 8 0.914 0.013882 964.21 0.012821 964.19 0.0053347 
10 125 3 2.1e-06 10 0.862 0.024445 867.98 0.012849 867.97 0.0051756 
10 125 3 2.1e-06 12 0.81 0.036429 758.89 0.01258 758.88 0.0049209 
10 125 3 2.1e-06 15 0.738 0.047302 566.03 0.012625 566.02 0.0045827 
10 125 3 2.1e-06 20 0.66 0.060408 278.46 0.012481 278.45 0.0039473 
10 125 3 2.1e-06 25 0.608 0.069322 142.21 0.012446 142.2 0.0035455 
10 125 3 2.1e-06 30 0.582 0.077016 87.416 0.012366 87.4 0.0033422 
10 125 3 2.1e-06 40 0.508 0.077078 27.072 0.012397 27.056 0.0030955 
10 125 3 2.1e-06 50 0.322 0.077669 6.1629 0.010706 6.1492 0.0029149 
10 125 3 2.1e-06 60 0.12 0.063265 1.9422 0.0099623 1.9297 0.0024585 
10 125 3 2.1e-06 70 0.058 0.038404 0.78849 0.0095482 0.77671 0.00219 
10 125 3 2.1e-06 80 0.04 0.027347 0.46455 0.0096501 0.45273 0.0021331 
10 125 3 2.1e-06 90 0.004 0.00039184 0.042703 0.0096665 0.030925 0.0020789 
10 125 3 2.1e-06 100 0 0 0.011549 0.0094504 3.6303e-06 0.0020635 
10 125 3 2.1e-06 125 0 0 0.011337 0.0093477 3.132e-06 0.0019573 
10 150 3 2.1e-06 1 1 0 1110.1 0.015199 1110.1 0.0065518 
10 150 3 2.1e-06 2 0.998 0.0002 1102.6 0.015117 1102.5 0.0067717 
10 150 3 2.1e-06 3 0.996 0.00039184 1095.1 0.014924 1095.1 0.0067279 
10 150 3 2.1e-06 4 0.99 0.00091837 1085.4 0.014829 1085.4 0.0065107 
10 150 3 2.1e-06 5 0.984 0.0013714 1070.6 0.014752 1070.6 0.0064735 
10 150 3 2.1e-06 8 0.924 0.01329 998.7 0.014625 998.68 0.0062668 
10 150 3 2.1e-06 10 0.89 0.017245 934.74 0.014696 934.72 0.0062017 
10 150 3 2.1e-06 12 0.85 0.023367 857.65 0.014634 857.63 0.0060153 
10 150 3 2.1e-06 15 0.782 0.033751 709.58 0.014745 709.56 0.0057852 
10 150 3 2.1e-06 20 0.714 0.044494 427.73 0.014618 427.71 0.0050614 
10 150 3 2.1e-06 25 0.674 0.049718 234.31 0.014583 234.29 0.0046793 
10 150 3 2.1e-06 30 0.626 0.060739 150.04 0.014517 150.02 0.0043566 
10 150 3 2.1e-06 40 0.58 0.074694 69.597 0.014444 69.579 0.0039208 
10 150 3 2.1e-06 50 0.492 0.072996 23.115 0.014438 23.097 0.00382 
10 150 3 2.1e-06 60 0.342 0.086159 6.7225 0.012627 6.7063 0.003473 
10 150 3 2.1e-06 70 0.186 0.075922 2.6277 0.011876 2.6126 0.0031427 
10 150 3 2.1e-06 80 0.09 0.062551 1.5937 0.011658 1.5791 0.0029013 
10 150 3 2.1e-06 90 0.062 0.057506 1.0756 0.011391 1.0615 0.0026067 
10 150 3 2.1e-06 100 0.048 0.037241 0.63743 0.011331 0.62345 0.0026146 
10 150 3 2.1e-06 125 0.002 0.0002 0.032334 0.011146 0.018692 0.0024673 
10 150 3 2.1e-06 150 0 0 0.01384 0.011265 5.1623e-06 0.0025408 
10 200 3 2.1e-06 1 1 0 1125.3 0.019792 1125.3 0.0092573 
10 200 3 2.1e-06 2 0.996 0.00039184 1117.8 0.019565 1117.8 0.0085585 
10 200 3 2.1e-06 3 0.994 0.00098367 1113.2 0.019426 1113.1 0.0083156 
10 200 3 2.1e-06 4 0.99 0.0021429 1106.5 0.019473 1106.5 0.0082992 
10 200 3 2.1e-06 5 0.988 0.0035265 1099.1 0.019466 1099.1 0.0083567 
10 200 3 2.1e-06 8 0.954 0.0070245 1060.6 0.019238 1060.6 0.0079788 
10 200 3 2.1e-06 10 0.94 0.0093878 1026 0.019184 1025.9 0.0080335 
10 200 3 2.1e-06 12 0.888 0.018629 979.14 0.019254 979.11 0.007922 
10 200 3 2.1e-06 15 0.844 0.02578 883.08 0.018847 883.05 0.0075848 
10 200 3 2.1e-06 20 0.772 0.035935 721.95 0.018803 721.92 0.0070041 
10 200 3 2.1e-06 25 0.714 0.047351 507.19 0.01878 507.17 0.0066732 
10 200 3 2.1e-06 30 0.678 0.054812 308.69 0.018571 308.67 0.0060349 
10 200 3 2.1e-06 40 0.616 0.060147 136.74 0.018305 136.71 0.005213 
10 200 3 2.1e-06 50 0.58 0.068163 77.038 0.018139 77.015 0.0048821 
10 200 3 2.1e-06 60 0.53 0.080102 36.586 0.018075 36.564 0.0046512 
10 200 3 2.1e-06 70 0.448 0.098057 13.818 0.016557 13.797 0.0043703 
10 200 3 2.1e-06 80 0.306 0.091188 5.4627 0.017771 5.4405 0.0043761 
10 200 3 2.1e-06 90 0.2 0.092653 2.8461 0.015531 2.8266 0.0039067 
10 200 3 2.1e-06 100 0.114 0.075514 1.7843 0.015165 1.7655 0.0036093 
10 200 3 2.1e-06 125 0.054 0.043759 0.65516 0.014901 0.63691 0.0033125 
10 200 3 2.1e-06 150 0.014 0.004902 0.13861 0.01481 0.12058 0.003192 
10 200 3 2.1e-06 200 0 0 0.017789 0.014719 5.4501e-06 0.0030348 
10 250 3 2.1e-06 1 1 0 1093.1 0.022738 1093 0.017458 
10 250 3 2.1e-06 2 1 0 1092.4 0.022637 1092.4 0.017183 
10 250 3 2.1e-06 3 1 0 1092 0.02251 1091.9 0.017271 
10 250 3 2.1e-06 4 1 0 1088.2 0.022828 1088.2 0.018244 
10 250 3 2.1e-06 5 1 0 1092.2 0.022909 1092.1 0.017895 
10 250 3 2.1e-06 8 0.998 0.0002 1085.4 0.023032 1085.4 0.017496 
10 250 3 2.1e-06 10 0.988 0.0014857 1064.2 0.023189 1064.1 0.017387 
10 250 3 2.1e-06 12 0.968 0.0050776 1023.2 0.022841 1023.2 0.017255 
10 250 3 2.1e-06 15 0.924 0.011657 935.07 0.022303 935.04 0.01147 
10 250 3 2.1e-06 20 0.854 0.018861 840.04 0.022538 840.01 0.0098763 
10 250 3 2.1e-06 25 0.788 0.029649 690.24 0.022181 690.21 0.0094916 
10 250 3 2.1e-06 30 0.748 0.038057 514.29 0.022174 514.26 0.0089084 
10 250 3 2.1e-06 40 0.67 0.050714 229.52 0.021956 229.49 0.0076906 
10 250 3 2.1e-06 50 0.612 0.069241 128.53 0.021865 128.5 0.0071166 
10 250 3 2.1e-06 60 0.59 0.070714 82.644 0.021822 82.615 0.0068132 
10 250 3 2.1e-06 70 0.566 0.078208 48.614 0.021571 48.586 0.0064656 
10 250 3 2.1e-06 80 0.516 0.082188 24.169 0.021097 24.142 0.0061446 
10 250 3 2.1e-06 90 0.41 0.085408 10.846 0.02115 10.819 0.0063508 
10 250 3 2.1e-06 100 0.306 0.094861 5.3095 0.019872 5.2837 0.0058463 
10 250 3 2.1e-06 125 0.104 0.06529 1.7151 0.018588 1.6917 0.0047659 
10 250 3 2.1e-06 150 0.06 0.047347 0.69323 0.018275 0.67055 0.004363 
10 250 3 2.1e-06 200 0 0 0.022224 0.018118 4.0373e-06 0.0040677 
10 250 3 2.1e-06 250 0 0 0.022092 0.018059 5.3607e-06 0.0039951 
10 300 3 2.1e-06 1 1 0 1054.8 0.027154 1054.7 0.014021 
10 300 3 2.1e-06 2 1 0 1050.3 0.027037 1050.2 0.012524 
10 300 3 2.1e-06 3 1 0 1049.6 0.026739 1049.6 0.012622 
10 300 3 2.1e-06 4 1 0 1049.1 0.026911 1049.1 0.012755 
10 300 3 2.1e-06 5 1 0 1047.4 0.026842 1047.3 0.012533 
10 300 3 2.1e-06 8 1 0 1036.6 0.026933 1036.6 0.012855 
10 300 3 2.1e-06 10 0.998 0.0002 1023.2 0.026667 1023.1 0.012423 
10 300 3 2.1e-06 12 0.98 0.0020408 1005.1 0.026675 1005.1 0.012216 
10 300 3 2.1e-06 15 0.952 0.0070367 970.72 0.026626 970.68 0.012034 
10 300 3 2.1e-06 20 0.896 0.015494 891.71 0.026496 891.67 0.011712 
10 300 3 2.1e-06 25 0.842 0.026159 790.09 0.026565 790.05 0.011476 
10 300 3 2.1e-06 30 0.794 0.031596 668.6 0.026399 668.56 0.010868 
10 300 3 2.1e-06 40 0.724 0.045535 377.84 0.02624 377.8 0.0096949 
10 300 3 2.1e-06 50 0.652 0.061322 196.19 0.025912 196.16 0.0083852 
10 300 3 2.1e-06 60 0.614 0.069392 130.91 0.026083 130.87 0.0084738 
10 300 3 2.1e-06 70 0.592 0.073812 90.992 0.025992 90.958 0.0079626 
10 300 3 2.1e-06 80 0.568 0.078139 58.875 0.027061 58.84 0.0075752 
10 300 3 2.1e-06 90 0.524 0.083086 34.897 0.025803 34.863 0.0074385 
10 300 3 2.1e-06 100 0.462 0.081996 20.604 0.024691 20.572 0.007422 
10 300 3 2.1e-06 125 0.29 0.087857 4.6078 0.024767 4.5762 0.0066947 
10 300 3 2.1e-06 150 0.114 0.06531 1.74 0.022439 1.7118 0.0057188 
10 300 3 2.1e-06 200 0.038 0.02322 0.42329 0.022035 0.39606 0.0051633 
10 300 3 2.1e-06 250 0 0 0.026751 0.021837 4.9975e-06 0.0048646 
10 300 3 2.1e-06 300 0 0 0.026701 0.021827 4.7218e-06 0.0048379 
10 350 3 2.1e-06 1 1 0 1069.3 0.031155 1069.2 0.015561 
10 350 3 2.1e-06 2 1 0 1065.6 0.030705 1065.6 0.013707 
10 350 3 2.1e-06 3 1 0 1065 0.030853 1064.9 0.013871 
10 350 3 2.1e-06 4 1 0 1064.1 0.030908 1064.1 0.013933 
10 350 3 2.1e-06 5 1 0 1061.9 0.030821 1061.8 0.013962 
10 350 3 2.1e-06 8 1 0 1052.8 0.030547 1052.7 0.013558 
10 350 3 2.1e-06 10 0.994 0.00057551 1043.3 0.030587 1043.2 0.013358 
10 350 3 2.1e-06 12 0.986 0.0020449 1028.4 0.03057 1028.4 0.01368 
10 350 3 2.1e-06 15 0.96 0.0057143 1005.9 0.030415 1005.8 0.013278 
10 350 3 2.1e-06 20 0.922 0.01318 957.2 0.030549 957.15 0.013384 
10 350 3 2.1e-06 25 0.862 0.022812 889.56 0.030458 889.52 0.012914 
10 350 3 2.1e-06 30 0.828 0.02369 801.84 0.030376 801.8 0.012575 
10 350 3 2.1e-06 40 0.75 0.039694 573.76 0.03037 573.71 0.011816 
10 350 3 2.1e-06 50 0.704 0.048963 326.82 0.030274 326.78 0.010798 
10 350 3 2.1e-06 60 0.65 0.063776 188.5 0.029966 188.46 0.0098007 
10 350 3 2.1e-06 70 0.618 0.06722 130.94 0.030004 130.9 0.0093813 
10 350 3 2.1e-06 80 0.6 0.073469 94.089 0.029896 94.05 0.0090149 
10 350 3 2.1e-06 90 0.576 0.076963 66.475 0.0298 66.437 0.0087822 
10 350 3 2.1e-06 100 0.548 0.07969 44.018 0.029868 43.979 0.0085193 
10 350 3 2.1e-06 125 0.43 0.091939 12.836 0.02868 12.8 0.0079993 
10 350 3 2.1e-06 150 0.238 0.084037 3.448 0.02701 3.4136 0.0073405 
10 350 3 2.1e-06 200 0.062 0.053833 1.026 0.02565 0.99431 0.0060065 
10 350 3 2.1e-06 250 0.026 0.012576 0.26662 0.025661 0.23496 0.0059606 
10 350 3 2.1e-06 300 0 0 0.032001 0.026269 5.5237e-06 0.0056908 
10 400 3 2.1e-06 1 1 0 1094.3 0.035309 1094.2 0.032227 
10 400 3 2.1e-06 2 1 0 1033.6 0.034974 1033.5 0.017733 
10 400 3 2.1e-06 3 1 0 1034 0.034821 1034 0.016863 
10 400 3 2.1e-06 4 1 0 1033.2 0.034583 1033.2 0.01684 
10 400 3 2.1e-06 5 1 0 1032.9 0.034859 1032.9 0.016613 
10 400 3 2.1e-06 8 1 0 1030 0.034941 1029.9 0.016717 
10 400 3 2.1e-06 10 1 0 1025.5 0.034924 1025.5 0.016701 
10 400 3 2.1e-06 12 1 0 1018.4 0.03488 1018.4 0.016886 
10 400 3 2.1e-06 15 0.998 0.0002 1001.7 0.034701 1001.6 0.016345 
10 400 3 2.1e-06 20 0.972 0.004098 964.43 0.034696 964.37 0.016487 
10 400 3 2.1e-06 25 0.914 0.013065 911.44 0.034859 911.39 0.016098 
10 400 3 2.1e-06 30 0.874 0.020739 847.07 0.034474 847.02 0.015431 
10 400 3 2.1e-06 40 0.786 0.033473 676.99 0.03474 676.94 0.015027 
10 400 3 2.1e-06 50 0.732 0.048343 443.76 0.034302 443.71 0.01347 
10 400 3 2.1e-06 60 0.668 0.054057 252.27 0.034162 252.22 0.012512 
10 400 3 2.1e-06 70 0.634 0.060249 166.55 0.034076 166.5 0.011804 
10 400 3 2.1e-06 80 0.608 0.066465 124.07 0.033905 124.02 0.011222 
10 400 3 2.1e-06 90 0.586 0.072657 92.811 0.03404 92.766 0.010945 
10 400 3 2.1e-06 100 0.574 0.075024 69.725 0.034012 69.68 0.010727 
10 400 3 2.1e-06 125 0.518 0.077833 24.467 0.034294 24.422 0.010171 
10 400 3 2.1e-06 150 0.364 0.097861 7.2997 0.033059 7.2569 0.0095793 
10 400 3 2.1e-06 200 0.114 0.069392 1.6227 0.029888 1.5848 0.0078909 
10 400 3 2.1e-06 250 0.044 0.033127 0.54973 0.029287 0.51333 0.0070812 
10 400 3 2.1e-06 300 0.008 0.0019755 0.10089 0.029168 0.064762 0.0069231 
10 400 3 2.1e-06 400 0 0 0.035678 0.029043 4.5253e-06 0.0065965 
10 500 3 2.1e-06 1 1 0 1087.8 0.051117 1087.7 0.036273 
10 500 3 2.1e-06 2 1 0 1121.8 0.051951 1121.7 0.037906 
10 500 3 2.1e-06 3 1 0 1121 0.05205 1120.9 0.038711 
10 500 3 2.1e-06 4 1 0 1085.5 0.050858 1085.4 0.036871 
10 500 3 2.1e-06 5 1 0 1091.7 0.052462 1091.6 0.036876 
10 500 3 2.1e-06 8 1 0 1110.3 0.052021 1110.2 0.036985 
10 500 3 2.1e-06 10 1 0 1103.9 0.051998 1103.8 0.035739 
10 500 3 2.1e-06 12 0.998 0.0002 1100.4 0.05217 1100.3 0.037229 
10 500 3 2.1e-06 15 0.986 0.0016367 1088.4 0.052024 1088.3 0.036047 
10 500 3 2.1e-06 20 0.966 0.0047388 1062.9 0.052001 1062.8 0.036059 
10 500 3 2.1e-06 25 0.93 0.011122 1026.6 0.051374 1026.5 0.03467 
10 500 3 2.1e-06 30 0.904 0.015494 979.23 0.051678 979.14 0.034591 
10 500 3 2.1e-06 40 0.826 0.028902 833.82 0.047574 833.75 0.027876 
10 500 3 2.1e-06 50 0.76 0.039592 687.66 0.042813 687.6 0.018334 
10 500 3 2.1e-06 60 0.716 0.050759 538.03 0.042337 537.97 0.01714 
10 500 3 2.1e-06 70 0.67 0.056429 342.81 0.042232 342.75 0.015915 
10 500 3 2.1e-06 80 0.646 0.059269 217.53 0.041995 217.47 0.014278 
10 500 3 2.1e-06 90 0.634 0.064739 164.49 0.042011 164.43 0.01409 
10 500 3 2.1e-06 100 0.628 0.06369 131.56 0.041886 131.5 0.013677 
10 500 3 2.1e-06 125 0.578 0.076445 72.679 0.042154 72.624 0.012913 
10 500 3 2.1e-06 150 0.536 0.074188 30.773 0.041802 30.719 0.012165 
10 500 3 2.1e-06 200 0.298 0.093261 4.8289 0.04157 4.7759 0.011371 
10 500 3 2.1e-06 250 0.112 0.063527 1.6808 0.037685 1.633 0.010003 
10 500 3 2.1e-06 300 0.05 0.040918 0.67167 0.036543 0.62565 0.0094342 
10 500 3 2.1e-06 400 0 0 0.045293 0.036309 7.8725e-06 0.0089333 
10 500 3 2.1e-06 500 0 0 0.04489 0.036184 1.3461e-05 0.0086501 
10 600 3 2.1e-06 1 1 0 1084.6 0.052852 1084.5 0.023911 
10 600 3 2.1e-06 2 1 0 1081 0.052854 1080.9 0.023182 
10 600 3 2.1e-06 3 1 0 1082.1 0.053605 1082.1 0.022744 
10 600 3 2.1e-06 4 1 0 1081.8 0.053155 1081.7 0.022578 
10 600 3 2.1e-06 5 1 0 1080.3 0.052612 1080.3 0.022425 
10 600 3 2.1e-06 8 1 0 1080.6 0.052626 1080.5 0.02273 
10 600 3 2.1e-06 10 1 0 1062.8 0.051793 1062.7 0.022424 
10 600 3 2.1e-06 12 1 0 1035 0.051055 1034.9 0.022034 
10 600 3 2.1e-06 15 1 0 1030.1 0.050989 1030.1 0.021988 
10 600 3 2.1e-06 20 0.994 0.00098367 1016.9 0.050921 1016.8 0.021705 
10 600 3 2.1e-06 25 0.988 0.0018939 996.05 0.050739 995.97 0.021829 
10 600 3 2.1e-06 30 0.96 0.0053061 966.09 0.050525 966.02 0.021536 
10 600 3 2.1e-06 40 0.88 0.018367 891.82 0.050463 891.75 0.021308 
10 600 3 2.1e-06 50 0.822 0.026649 802.59 0.050652 802.51 0.021159 
10 600 3 2.1e-06 60 0.778 0.034812 692.08 0.050329 692.01 0.020701 
10 600 3 2.1e-06 70 0.74 0.042449 557.35 0.05033 557.28 0.020246 
10 600 3 2.1e-06 80 0.712 0.0472 392.79 0.050176 392.72 0.019598 
10 600 3 2.1e-06 90 0.674 0.053392 261.8 0.049965 261.74 0.019001 
10 600 3 2.1e-06 100 0.64 0.066122 194.71 0.049721 194.64 0.018353 
10 600 3 2.1e-06 125 0.608 0.066465 117.19 0.049476 117.13 0.017929 
10 600 3 2.1e-06 150 0.58 0.075102 70.829 0.049315 70.762 0.017497 
10 600 3 2.1e-06 200 0.48 0.092245 13.92 0.048583 13.855 0.016651 
10 600 3 2.1e-06 250 0.256 0.095576 3.6763 0.04592 3.615 0.015386 
10 600 3 2.1e-06 300 0.114 0.070208 1.7059 0.044289 1.6481 0.01349 
10 600 3 2.1e-06 400 0.042 0.029424 0.5108 0.043422 0.45515 0.012177 
10 600 3 2.1e-06 500 0 0 0.054715 0.043023 7.1367e-06 0.011649 
10 700 3 2.1e-06 1 1 0 1089.3 0.070362 1089.2 0.048174 
10 700 3 2.1e-06 2 1 0 1088.3 0.070584 1088.2 0.049871 
10 700 3 2.1e-06 3 1 0 1088.7 0.070585 1088.6 0.049676 
10 700 3 2.1e-06 4 1 0 1089.1 0.070347 1089 0.048965 
10 700 3 2.1e-06 5 1 0 1089.3 0.070546 1089.2 0.049047 
10 700 3 2.1e-06 8 1 0 1087.8 0.07062 1087.6 0.049319 
10 700 3 2.1e-06 10 1 0 1086.6 0.070317 1086.5 0.049301 
10 700 3 2.1e-06 12 1 0 1085 0.070279 1084.9 0.049069 
10 700 3 2.1e-06 15 1 0 1081 0.070079 1080.9 0.048253 
10 700 3 2.1e-06 20 0.998 0.0002 1069.8 0.070064 1069.6 0.049445 
10 700 3 2.1e-06 25 0.988 0.0014857 1054.8 0.069464 1054.7 0.047994 
10 700 3 2.1e-06 30 0.97 0.0041837 1033.6 0.069516 1033.4 0.048142 
10 700 3 2.1e-06 40 0.924 0.012882 975.19 0.069291 975.07 0.047819 
10 700 3 2.1e-06 50 0.874 0.018698 899.31 0.069068 899.19 0.046655 
10 700 3 2.1e-06 60 0.812 0.028833 811.23 0.06876 811.12 0.044881 
10 700 3 2.1e-06 70 0.766 0.038616 716.4 0.06834 716.29 0.042648 
10 700 3 2.1e-06 80 0.746 0.042943 602.88 0.067942 602.77 0.04151 
10 700 3 2.1e-06 90 0.72 0.04898 443.99 0.06826 443.88 0.040881 
10 700 3 2.1e-06 100 0.688 0.057812 304.28 0.06735 304.17 0.036781 
10 700 3 2.1e-06 125 0.634 0.065963 177.02 0.066651 176.92 0.032782 
10 700 3 2.1e-06 150 0.612 0.068833 118.51 0.066557 118.41 0.031635 
10 700 3 2.1e-06 200 0.542 0.077588 42.985 0.065317 42.893 0.026947 
10 700 3 2.1e-06 250 0.424 0.094106 10.981 0.063949 10.893 0.024178 
10 700 3 2.1e-06 300 0.244 0.089045 3.5578 0.058528 3.4771 0.022049 
10 700 3 2.1e-06 400 0.062 0.053833 0.98741 0.051712 0.91623 0.019416 
10 700 3 2.1e-06 500 0.026 0.013392 0.26912 0.051663 0.19986 0.017535 
10 800 3 2.1e-06 1 1 0 1087.8 0.08025 1087.7 0.048453 
10 800 3 2.1e-06 2 1 0 1087.9 0.080435 1087.8 0.049675 
10 800 3 2.1e-06 3 1 0 1088.1 0.068975 1088 0.046148 
10 800 3 2.1e-06 4 1 0 1088.1 0.067934 1088 0.044669 
10 800 3 2.1e-06 5 1 0 1087.9 0.068033 1087.8 0.044891 
10 800 3 2.1e-06 8 1 0 1086.8 0.067992 1086.7 0.044763 
10 800 3 2.1e-06 10 1 0 1086.8 0.067754 1086.7 0.044702 
10 800 3 2.1e-06 12 1 0 1085.9 0.067914 1085.8 0.045048 
10 800 3 2.1e-06 15 1 0 1084 0.067838 1083.9 0.044024 
10 800 3 2.1e-06 20 0.998 0.0002 1077 0.067766 1076.8 0.04409 
10 800 3 2.1e-06 25 0.99 0.00091837 1065.1 0.067619 1065 0.043927 
10 800 3 2.1e-06 30 0.984 0.0013714 1048.7 0.067607 1048.6 0.043373 
10 800 3 2.1e-06 40 0.952 0.0078531 999.51 0.067808 999.4 0.043362 
10 800 3 2.1e-06 50 0.904 0.014269 942.3 0.06743 942.2 0.040907 
10 800 3 2.1e-06 60 0.85 0.022959 875.43 0.067303 875.32 0.035635 
10 800 3 2.1e-06 70 0.808 0.028914 789.22 0.067163 789.12 0.03463 
10 800 3 2.1e-06 80 0.772 0.033894 692.54 0.066807 692.44 0.033263 
10 800 3 2.1e-06 90 0.746 0.04131 589.35 0.066554 589.25 0.03261 
10 800 3 2.1e-06 100 0.732 0.043445 463.44 0.066333 463.35 0.031411 
10 800 3 2.1e-06 125 0.662 0.062404 216.24 0.065576 216.15 0.026837 
10 800 3 2.1e-06 150 0.63 0.064592 152.84 0.065399 152.75 0.025369 
10 800 3 2.1e-06 200 0.58 0.075102 72.467 0.065078 72.379 0.023074 
10 800 3 2.1e-06 250 0.514 0.080412 24.898 0.064644 24.811 0.021908 
10 800 3 2.1e-06 300 0.382 0.091302 7.1259 0.062289 7.043 0.02055 
10 800 3 2.1e-06 400 0.098 0.06469 1.6414 0.058523 1.5656 0.017235 
10 800 3 2.1e-06 500 0.052 0.040914 0.6894 0.058015 0.61463 0.016713 
10 900 3 2.1e-06 1 1 0 1098.3 0.0764 1098.2 0.040364 
10 900 3 2.1e-06 2 1 0 1099.6 0.076339 1099.4 0.040769 
10 900 3 2.1e-06 3 1 0 1099.7 0.076654 1099.6 0.041223 
10 900 3 2.1e-06 4 1 0 1048.7 0.075626 1048.6 0.038502 
10 900 3 2.1e-06 5 1 0 1061.5 0.076343 1061.4 0.039083 
10 900 3 2.1e-06 8 1 0 1078 0.079267 1077.9 0.040429 
10 900 3 2.1e-06 10 1 0 1074.4 0.077957 1074.3 0.039824 
10 900 3 2.1e-06 12 1 0 1089.6 0.078246 1089.5 0.039921 
10 900 3 2.1e-06 15 1 0 1072.2 0.077539 1072.1 0.039282 
10 900 3 2.1e-06 20 1 0 1050.2 0.076356 1050.1 0.038901 
10 900 3 2.1e-06 25 1 0 1035.2 0.075397 1035.1 0.038227 
10 900 3 2.1e-06 30 0.996 0.0008 1024.1 0.075274 1023.9 0.038524 
10 900 3 2.1e-06 40 0.984 0.0021878 1046.6 0.079829 1046.5 0.039417 
10 900 3 2.1e-06 50 0.946 0.0074327 1006.9 0.080624 1006.8 0.038927 
10 900 3 2.1e-06 60 0.894 0.015678 934.85 0.079609 934.74 0.038471 
10 900 3 2.1e-06 70 0.86 0.022449 869.57 0.079948 869.45 0.037619 
10 900 3 2.1e-06 80 0.824 0.024718 801.38 0.080469 801.26 0.036979 
10 900 3 2.1e-06 90 0.794 0.031188 718.26 0.080454 718.14 0.03599 
10 900 3 2.1e-06 100 0.766 0.035759 619.88 0.078903 619.76 0.034835 
10 900 3 2.1e-06 125 0.696 0.054678 314.69 0.076079 314.58 0.030497 
10 900 3 2.1e-06 150 0.66 0.062041 176.5 0.075624 176.39 0.027899 
10 900 3 2.1e-06 200 0.61 0.072755 92.534 0.07502 92.433 0.02588 
10 900 3 2.1e-06 250 0.562 0.075873 41.487 0.074756 41.387 0.024682 
10 900 3 2.1e-06 300 0.466 0.096167 13.469 0.074896 13.369 0.024795 
10 900 3 2.1e-06 400 0.18 0.087347 2.7718 0.073149 2.675 0.023517 
10 900 3 2.1e-06 500 0.058 0.046976 0.79573 0.072829 0.69921 0.023625 
10 1000 3 2.1e-06 1 1 0 1112.1 0.088257 1112 0.043978 
10 1000 3 2.1e-06 2 1 0 1106.9 0.087305 1106.8 0.044053 
10 1000 3 2.1e-06 3 1 0 1108 0.087597 1107.9 0.044943 
10 1000 3 2.1e-06 4 1 0 1108.4 0.087592 1108.2 0.044612 
10 1000 3 2.1e-06 5 1 0 1108.1 0.087676 1108 0.044628 
10 1000 3 2.1e-06 8 1 0 1108.3 0.088414 1108.2 0.045002 
10 1000 3 2.1e-06 10 1 0 1107.7 0.08753 1107.6 0.044159 
10 1000 3 2.1e-06 12 1 0 1104 0.087293 1103.9 0.044698 
10 1000 3 2.1e-06 15 1 0 1069.7 0.084776 1069.6 0.043178 
10 1000 3 2.1e-06 20 1 0 1047.6 0.083195 1047.5 0.042603 
10 1000 3 2.1e-06 25 1 0 1042.1 0.083024 1042 0.042211 
10 1000 3 2.1e-06 30 0.998 0.0002 1035.2 0.083105 1035.1 0.041909 
10 1000 3 2.1e-06 40 0.986 0.0016367 1013.2 0.082948 1013.1 0.041916 
10 1000 3 2.1e-06 50 0.946 0.008249 978.67 0.082822 978.55 0.041902 
10 1000 3 2.1e-06 60 0.906 0.014453 935.7 0.082815 935.57 0.040781 
10 1000 3 2.1e-06 70 0.874 0.018698 885.74 0.082454 885.62 0.040226 
10 1000 3 2.1e-06 80 0.84 0.022857 832.09 0.082604 831.97 0.039469 
10 1000 3 2.1e-06 90 0.802 0.030404 775.17 0.082424 775.05 0.038997 
10 1000 3 2.1e-06 100 0.778 0.035629 711.86 0.082702 711.74 0.03834 
10 1000 3 2.1e-06 125 0.722 0.046241 488.54 0.082255 488.43 0.035677 
10 1000 3 2.1e-06 150 0.682 0.053343 243.37 0.081293 243.26 0.030317 
10 1000 3 2.1e-06 200 0.618 0.065996 126.2 0.080939 126.09 0.028878 
10 1000 3 2.1e-06 250 0.572 0.073894 65.72 0.080442 65.613 0.025719 
10 1000 3 2.1e-06 300 0.534 0.08229 28.519 0.080417 28.413 0.025359 
10 1000 3 2.1e-06 400 0.304 0.091412 4.6102 0.078373 4.5081 0.023731 
10 1000 3 2.1e-06 500 0.108 0.072588 1.7487 0.075087 1.6513 0.02228 
10 1250 3 2.1e-06 1 1 0 1081 0.10364 1080.8 0.069919 
10 1250 3 2.1e-06 2 1 0 1079.9 0.10343 1079.7 0.067611 
10 1250 3 2.1e-06 3 1 0 1079.9 0.10346 1079.7 0.066288 
10 1250 3 2.1e-06 4 1 0 1078.9 0.10351 1078.7 0.065993 
10 1250 3 2.1e-06 5 1 0 1079.9 0.1038 1079.8 0.066524 
10 1250 3 2.1e-06 8 1 0 1079.7 0.10349 1079.5 0.065696 
10 1250 3 2.1e-06 10 1 0 1079.3 0.10353 1079.1 0.066314 
10 1250 3 2.1e-06 12 1 0 1079.3 0.10366 1079.1 0.065663 
10 1250 3 2.1e-06 15 1 0 1078.9 0.10375 1078.7 0.065519 
10 1250 3 2.1e-06 20 1 0 1075.9 0.10362 1075.8 0.066199 
10 1250 3 2.1e-06 25 1 0 1074.6 0.10382 1074.4 0.066183 
10 1250 3 2.1e-06 30 1 0 1070.1 0.10345 1069.9 0.06494 
10 1250 3 2.1e-06 40 0.998 0.0002 1058.1 0.10361 1057.9 0.065715 
10 1250 3 2.1e-06 50 0.988 0.0018939 1038.1 0.10318 1038 0.058208 
10 1250 3 2.1e-06 60 0.966 0.0039224 1011.3 0.10328 1011.1 0.051746 
10 1250 3 2.1e-06 70 0.918 0.012118 979.12 0.10305 978.97 0.050455 
10 1250 3 2.1e-06 80 0.89 0.01602 943.19 0.10297 943.04 0.0499 
10 1250 3 2.1e-06 90 0.87 0.019286 901.86 0.10296 901.71 0.049493 
10 1250 3 2.1e-06 100 0.846 0.020494 856.85 0.10276 856.7 0.048814 
10 1250 3 2.1e-06 125 0.78 0.033469 719.12 0.10225 718.97 0.047119 
10 1250 3 2.1e-06 150 0.746 0.04131 552.02 0.10213 551.87 0.045809 
10 1250 3 2.1e-06 200 0.66 0.06 203.04 0.10054 202.9 0.037311 
10 1250 3 2.1e-06 250 0.62 0.066122 132.79 0.10006 132.65 0.03476 
10 1250 3 2.1e-06 300 0.584 0.075657 83.624 0.099825 83.491 0.032698 
10 1250 3 2.1e-06 400 0.512 0.084343 21.044 0.098891 20.916 0.028874 
10 1250 3 2.1e-06 500 0.304 0.093861 4.8901 0.095951 4.7666 0.027438 
10 1500 3 2.1e-06 1 1 0 1086.2 0.14655 1086 0.10775 
10 1500 3 2.1e-06 2 1 0 1086.2 0.14689 1086 0.10986 
10 1500 3 2.1e-06 3 1 0 1087.4 0.14723 1087.2 0.10998 
10 1500 3 2.1e-06 4 1 0 1087.2 0.14734 1086.9 0.11084 
10 1500 3 2.1e-06 5 1 0 1087.6 0.14621 1087.4 0.10827 
10 1500 3 2.1e-06 8 1 0 1087.6 0.14771 1087.3 0.11127 
10 1500 3 2.1e-06 10 1 0 1087.6 0.14798 1087.4 0.11393 
10 1500 3 2.1e-06 12 1 0 1086.5 0.14686 1086.3 0.10971 
10 1500 3 2.1e-06 15 1 0 1087.5 0.14806 1087.2 0.11308 
10 1500 3 2.1e-06 20 1 0 1087.1 0.14643 1086.8 0.10762 
10 1500 3 2.1e-06 25 1 0 1086 0.14672 1085.8 0.11051 
10 1500 3 2.1e-06 30 1 0 1083.7 0.14721 1083.5 0.1108 
10 1500 3 2.1e-06 40 1 0 1075.4 0.14674 1075.1 0.10942 
10 1500 3 2.1e-06 50 0.998 0.0002 1063.5 0.146 1063.2 0.10576 
10 1500 3 2.1e-06 60 0.984 0.0030041 1046.2 0.146 1045.9 0.10817 
10 1500 3 2.1e-06 70 0.958 0.0061592 1020 0.1465 1019.7 0.10914 
10 1500 3 2.1e-06 80 0.934 0.011269 993.54 0.14616 993.29 0.10741 
10 1500 3 2.1e-06 90 0.902 0.01571 963.59 0.14465 963.34 0.10307 
10 1500 3 2.1e-06 100 0.882 0.017833 931.79 0.1452 931.54 0.10517 
10 1500 3 2.1e-06 125 0.836 0.025208 838.1 0.14338 837.86 0.098683 
10 1500 3 2.1e-06 150 0.784 0.033616 714.81 0.14284 714.57 0.09608 
10 1500 3 2.1e-06 200 0.726 0.04482 365.37 0.14104 365.14 0.088616 
10 1500 3 2.1e-06 250 0.658 0.060853 181.77 0.13899 181.56 0.077193 
10 1500 3 2.1e-06 300 0.62 0.064898 125.8 0.13775 125.59 0.072414 
10 1500 3 2.1e-06 400 0.57 0.07398 49.436 0.13715 49.229 0.069531 
10 1500 3 2.1e-06 500 0.464 0.093371 12.491 0.13549 12.292 0.063352 
10 2000 3 2.1e-06 1 1 0 1097.4 0.19551 1097.1 0.12625 
10 2000 3 2.1e-06 2 1 0 1098.5 0.19517 1098.2 0.12655 
10 2000 3 2.1e-06 3 1 0 1099.3 0.1753 1099 0.10555 
10 2000 3 2.1e-06 4 1 0 1102.9 0.16529 1102.6 0.089084 
10 2000 3 2.1e-06 5 1 0 1102.1 0.16581 1101.9 0.090041 
10 2000 3 2.1e-06 8 1 0 1100.8 0.16528 1100.5 0.088939 
10 2000 3 2.1e-06 10 1 0 1096.1 0.16433 1095.8 0.088949 
10 2000 3 2.1e-06 12 1 0 1092.6 0.16387 1092.3 0.089305 
10 2000 3 2.1e-06 15 1 0 1092.6 0.16415 1092.4 0.090215 
10 2000 3 2.1e-06 20 1 0 1092.4 0.16384 1092.2 0.089122 
10 2000 3 2.1e-06 25 1 0 1092.2 0.16391 1091.9 0.088858 
10 2000 3 2.1e-06 30 1 0 1090.7 0.16386 1090.5 0.088792 
10 2000 3 2.1e-06 40 1 0 1087.5 0.16402 1087.3 0.08884 
10 2000 3 2.1e-06 50 1 0 1080.2 0.16402 1079.9 0.088559 
10 2000 3 2.1e-06 60 0.998 0.0002 1073 0.16387 1072.7 0.088182 
10 2000 3 2.1e-06 70 0.992 0.0011592 1063.2 0.1634 1062.9 0.088268 
10 2000 3 2.1e-06 80 0.982 0.0023224 1048.6 0.1637 1048.4 0.088495 
10 2000 3 2.1e-06 90 0.964 0.0060245 1030.1 0.16334 1029.8 0.087685 
10 2000 3 2.1e-06 100 0.946 0.0090653 1008.6 0.16288 1008.3 0.085989 
10 2000 3 2.1e-06 125 0.896 0.016718 952.59 0.16291 952.34 0.08625 
10 2000 3 2.1e-06 150 0.866 0.020657 885.25 0.16188 885 0.082392 
10 2000 3 2.1e-06 200 0.77 0.034796 702.7 0.16115 702.46 0.079095 
10 2000 3 2.1e-06 250 0.732 0.047118 464.23 0.15975 464 0.073553 
10 2000 3 2.1e-06 300 0.68 0.053878 231.72 0.15729 231.51 0.061385 
10 2000 3 2.1e-06 400 0.618 0.066812 128.03 0.15659 127.81 0.056893 
10 2000 3 2.1e-06 500 0.582 0.0762 70.583 0.15586 70.374 0.05251 
