10 10 6 0.00021 1 0.666 0.088004 146.1 0.17019 145.93 0.00052248 
10 10 6 0.00021 2 0.436 0.11827 16.342 0.15864 16.183 0.00035321 
10 10 6 0.00021 3 0.268 0.0912 4.7141 0.15793 4.5558 0.00034333 
10 10 6 0.00021 5 0.07 0.020918 0.94579 0.15419 0.79127 0.00028658 
10 10 6 0.00021 8 0.006 0.00098367 0.20128 0.14954 0.051454 0.00024986 
10 10 6 0.00021 10 0 0 0.14689 0.14659 1.4016e-05 0.00025072 
10 25 6 0.00021 1 0.864 0.037045 322.51 0.39724 322.12 0.001002 
10 25 6 0.00021 2 0.704 0.10774 65.306 0.39181 64.913 0.00065564 
10 25 6 0.00021 3 0.574 0.12278 16.792 0.39023 16.401 0.0005968 
10 25 6 0.00021 5 0.358 0.11514 5.2989 0.39042 4.9078 0.00054242 
10 25 6 0.00021 8 0.166 0.072086 2.3706 0.38808 1.9819 0.00052807 
10 25 6 0.00021 10 0.098 0.045098 1.3238 0.38737 0.93582 0.00053009 
10 25 6 0.00021 15 0.016 0.0042286 0.52253 0.38714 0.13479 0.00052718 
10 25 6 0.00021 25 0 0 0.38779 0.38718 1.6546e-05 0.00052943 
10 50 6 0.00021 1 0.94 0.017143 532.35 0.92253 531.42 0.0031078 
10 50 6 0.00021 2 0.862 0.051384 176.4 0.89973 175.49 0.0020984 
10 50 6 0.00021 3 0.78 0.078367 54.713 0.89697 53.814 0.0016545 
10 50 6 0.00021 5 0.656 0.13027 14.282 0.89605 13.384 0.0016367 
10 50 6 0.00021 8 0.468 0.12957 7.5641 0.89515 6.6673 0.0014999 
10 50 6 0.00021 10 0.364 0.12888 5.6781 0.89287 4.7837 0.001496 
10 50 6 0.00021 15 0.194 0.087106 3.0181 0.89253 2.124 0.0014899 
10 50 6 0.00021 25 0.018 0.0043633 1.0336 0.89085 0.14123 0.0014938 
