10 1 5 2.1e-06 1 0.152 0.031935 27.621 0.0017168 27.619 9.1984e-05 
10 5 5 2.1e-06 1 0.514 0.10164 129.4 0.0023891 129.4 0.00018054 
10 5 5 2.1e-06 2 0.146 0.03478 9.3534 0.002063 9.3511 0.00019026 
10 5 5 2.1e-06 3 0.028 0.0049143 0.57854 0.00062563 0.57776 0.00011888 
10 5 5 2.1e-06 4 0 0 0.00073563 0.00065851 2.2547e-06 6.381e-05 
10 5 5 2.1e-06 5 0 0 0.0002671 0.00020444 2.2599e-06 4.8832e-05 
10 10 5 2.1e-06 1 0.624 0.062269 228.12 0.0028041 228.12 0.00028024 
10 10 5 2.1e-06 2 0.322 0.061751 40.722 0.0028157 40.719 0.00025129 
10 10 5 2.1e-06 3 0.144 0.041698 5.6231 0.0022582 5.6206 0.00020694 
10 10 5 2.1e-06 4 0.064 0.026433 1.0713 0.0012666 1.0698 0.00016451 
10 10 5 2.1e-06 5 0.032 0.020996 0.39187 0.0012426 0.39046 0.00012196 
10 10 5 2.1e-06 8 0.006 0.0018 0.034864 0.0012517 0.033512 7.6865e-05 
10 10 5 2.1e-06 10 0 0 0.0011342 0.0010437 2.0876e-06 6.7078e-05 
10 25 5 2.1e-06 1 0.868 0.017322 425.39 0.0048128 425.38 0.00072434 
10 25 5 2.1e-06 2 0.688 0.065567 163.7 0.0047788 163.7 0.00059931 
10 25 5 2.1e-06 3 0.546 0.077637 63.987 0.0047681 63.982 0.00048376 
10 25 5 2.1e-06 4 0.436 0.082759 27.386 0.0045394 27.381 0.00044172 
10 25 5 2.1e-06 5 0.356 0.083331 12.446 0.0032142 12.443 0.00041034 
10 25 5 2.1e-06 8 0.136 0.063167 2.0606 0.0031054 2.0571 0.0003545 
10 25 5 2.1e-06 10 0.082 0.057833 1.1501 0.0030032 1.1468 0.00027384 
10 25 5 2.1e-06 12 0.056 0.050269 0.70136 0.0029865 0.69813 0.00021415 
10 25 5 2.1e-06 15 0.022 0.016445 0.2033 0.0030313 0.20003 0.00020626 
10 25 5 2.1e-06 20 0 0 0.002911 0.0027193 2.116e-06 0.00016615 
10 25 5 2.1e-06 25 0 0 0.0016744 0.001498 2.1439e-06 0.0001511 
10 50 5 2.1e-06 1 0.936 0.007249 631.72 1.4487 630.27 0.0014626 
10 50 5 2.1e-06 2 0.834 0.028412 358.73 0.014914 358.71 0.0012469 
10 50 5 2.1e-06 3 0.742 0.047792 183.62 0.014938 183.6 0.0010025 
10 50 5 2.1e-06 4 0.666 0.060657 94.022 0.015082 94.006 0.00088866 
10 50 5 2.1e-06 5 0.584 0.085045 51.188 0.014914 51.172 0.00083501 
10 50 5 2.1e-06 8 0.422 0.10216 10.433 0.014083 10.418 0.00075209 
10 50 5 2.1e-06 10 0.308 0.11218 4.7342 0.0063504 4.7271 0.00073041 
10 50 5 2.1e-06 12 0.212 0.095771 2.5393 0.0062556 2.5323 0.00063278 
10 50 5 2.1e-06 15 0.134 0.081473 1.6883 0.0061025 1.6816 0.00053951 
10 50 5 2.1e-06 20 0.07 0.058878 0.83695 0.0064051 0.83007 0.00044544 
10 50 5 2.1e-06 25 0.044 0.031086 0.34527 0.0059805 0.33882 0.00042114 
10 50 5 2.1e-06 30 0.016 0.0058612 0.10777 0.0060957 0.10125 0.00039686 
10 50 5 2.1e-06 40 0 0 0.0067958 0.0064021 2.5532e-06 0.00036592 
10 50 5 2.1e-06 50 0 0 0.0062219 0.0058689 2.4359e-06 0.00032676 
10 75 5 2.1e-06 1 0.962 0.0028122 733.3 0.011401 733.29 0.002164 
10 75 5 2.1e-06 2 0.87 0.018878 501.34 0.011371 501.32 0.001977 
10 75 5 2.1e-06 3 0.78 0.03551 322.5 0.011399 322.49 0.0016336 
10 75 5 2.1e-06 4 0.7 0.061224 195.63 0.011341 195.62 0.0014775 
10 75 5 2.1e-06 5 0.644 0.073127 121.89 0.011309 121.87 0.0013062 
10 75 5 2.1e-06 8 0.536 0.099086 38.606 0.011184 38.593 0.0011956 
10 75 5 2.1e-06 10 0.484 0.10464 19.784 0.011027 19.772 0.0011144 
10 75 5 2.1e-06 12 0.426 0.1036 11.315 0.0096371 11.304 0.0010948 
10 75 5 2.1e-06 15 0.306 0.11119 5.2265 0.0095761 5.2157 0.0010513 
10 75 5 2.1e-06 20 0.154 0.089473 2.0797 0.0091023 2.0697 0.00084053 
10 75 5 2.1e-06 25 0.106 0.075678 1.3691 0.0090233 1.3593 0.00076709 
10 75 5 2.1e-06 30 0.07 0.058469 0.76786 0.0088419 0.7583 0.0006822 
10 75 5 2.1e-06 40 0.014 0.0053102 0.094793 0.0088828 0.08525 0.00062678 
10 75 5 2.1e-06 50 0 0 0.0092331 0.0087179 2.671e-06 0.00048708 
10 75 5 2.1e-06 60 0 0 0.0097835 0.0092745 2.7274e-06 0.00048217 
10 75 5 2.1e-06 70 0 0 0.0094434 0.0089389 2.7698e-06 0.00047573 
10 100 5 2.1e-06 1 0.984 0.0013714 849.96 0.01479 849.94 0.0028522 
10 100 5 2.1e-06 2 0.916 0.010351 644.87 0.015218 644.85 0.0027502 
10 100 5 2.1e-06 3 0.848 0.024588 444.78 0.015395 444.77 0.0024606 
10 100 5 2.1e-06 4 0.782 0.033343 295.42 0.015281 295.41 0.002142 
10 100 5 2.1e-06 5 0.732 0.044261 188.2 0.01541 188.18 0.0019491 
10 100 5 2.1e-06 8 0.63 0.06949 65.651 0.015183 65.634 0.0016708 
10 100 5 2.1e-06 10 0.582 0.081098 35.836 0.014637 35.82 0.0015893 
10 100 5 2.1e-06 12 0.52 0.09102 20.748 0.013691 20.732 0.0014916 
10 100 5 2.1e-06 15 0.432 0.1063 9.8038 0.014027 9.788 0.001643 
10 100 5 2.1e-06 20 0.302 0.10551 3.91 0.014639 3.8938 0.001468 
10 100 5 2.1e-06 25 0.162 0.091384 2.0108 0.012977 1.9966 0.0012103 
10 100 5 2.1e-06 30 0.112 0.078629 1.447 0.012609 1.4332 0.0011238 
10 100 5 2.1e-06 40 0.062 0.045261 0.58814 0.012358 0.5748 0.00094135 
10 100 5 2.1e-06 50 0.038 0.023629 0.2853 0.012651 0.27169 0.00091922 
10 100 5 2.1e-06 60 0.002 0.0002 0.024758 0.012528 0.011319 0.00088086 
10 100 5 2.1e-06 70 0 0 0.014108 0.013212 4.7274e-06 0.00086178 
10 100 5 2.1e-06 80 0 0 0.013603 0.012764 4.0438e-06 0.00080659 
10 100 5 2.1e-06 90 0 0 0.013014 0.012215 3.5302e-06 0.00076695 
10 100 5 2.1e-06 100 0 0 0.014524 0.013289 4.4415e-06 0.0012013 
10 125 5 2.1e-06 1 0.99 0.0013265 919.18 0.10899 919.06 0.0039739 
10 125 5 2.1e-06 2 0.96 0.0053061 828.2 0.028439 828.16 0.0042355 
10 125 5 2.1e-06 3 0.89 0.013163 581.35 0.025864 581.32 0.00336 
10 125 5 2.1e-06 4 0.812 0.028424 371.5 0.023407 371.47 0.0027677 
10 125 5 2.1e-06 5 0.76 0.040408 253.97 0.02333 253.95 0.0024344 
10 125 5 2.1e-06 8 0.63 0.073571 87.474 0.023472 87.448 0.002117 
10 125 5 2.1e-06 10 0.598 0.081833 50.572 0.023658 50.546 0.0020186 
10 125 5 2.1e-06 12 0.56 0.087347 31.608 0.023114 31.583 0.0018841 
10 125 5 2.1e-06 15 0.498 0.096935 15.441 0.016058 15.423 0.0019465 
10 125 5 2.1e-06 20 0.352 0.1103 5.1705 0.023066 5.1455 0.0018095 
10 125 5 2.1e-06 25 0.228 0.10287 2.445 0.015879 2.4274 0.0016471 
10 125 5 2.1e-06 30 0.138 0.086486 1.6177 0.015184 1.6011 0.0013923 
10 125 5 2.1e-06 40 0.078 0.060527 1.1003 0.01488 1.0843 0.0011215 
10 125 5 2.1e-06 50 0.06 0.053878 0.65758 0.014737 0.64174 0.0010616 
10 125 5 2.1e-06 60 0.044 0.032718 0.36829 0.014734 0.35246 0.0010458 
10 125 5 2.1e-06 70 0.02 0.0081633 0.15085 0.015291 0.1345 0.0010233 
10 125 5 2.1e-06 80 0 0 0.015507 0.014599 3.5269e-06 0.00087797 
10 125 5 2.1e-06 90 0 0 0.015625 0.014726 3.3616e-06 0.00086803 
10 125 5 2.1e-06 100 0 0 0.015936 0.015003 3.315e-06 0.00090545 
10 125 5 2.1e-06 125 0 0 0.015535 0.014602 7.7863e-06 0.00087442 
10 150 5 2.1e-06 1 0.994 0.00057551 925.88 0.083739 925.79 0.0047645 
10 150 5 2.1e-06 2 0.972 0.0032816 795.39 0.029509 795.35 0.0046956 
10 150 5 2.1e-06 3 0.924 0.010024 596.88 0.028297 596.85 0.004024 
10 150 5 2.1e-06 4 0.848 0.025404 475.83 0.029043 475.79 0.0036274 
10 150 5 2.1e-06 5 0.808 0.032588 397.15 0.030101 397.12 0.0037381 
10 150 5 2.1e-06 8 0.696 0.052229 160.13 0.029671 160.1 0.0030164 
10 150 5 2.1e-06 10 0.654 0.064984 98.998 0.029581 98.965 0.0031953 
10 150 5 2.1e-06 12 0.614 0.073882 64.92 0.02975 64.887 0.0027438 
10 150 5 2.1e-06 15 0.568 0.083445 33.236 0.0298 33.204 0.0027079 
10 150 5 2.1e-06 20 0.486 0.10368 11.88 0.029227 11.849 0.0025686 
10 150 5 2.1e-06 25 0.388 0.12026 5.625 0.021103 5.601 0.0028045 
10 150 5 2.1e-06 30 0.288 0.11291 3.517 0.020424 3.4943 0.0022184 
10 150 5 2.1e-06 40 0.118 0.071302 1.6299 0.019456 1.6085 0.0018855 
10 150 5 2.1e-06 50 0.066 0.0578 1.1313 0.019305 1.1103 0.0016402 
10 150 5 2.1e-06 60 0.054 0.047024 0.71513 0.019231 0.69425 0.0016128 
10 150 5 2.1e-06 70 0.046 0.035596 0.43859 0.019313 0.41764 0.0016048 
10 150 5 2.1e-06 80 0.028 0.0192 0.23432 0.019555 0.21302 0.0017068 
10 150 5 2.1e-06 90 0.004 0.00039184 0.048472 0.01942 0.027473 0.001544 
10 150 5 2.1e-06 100 0 0 0.021219 0.01956 6.807e-06 0.0016206 
10 150 5 2.1e-06 125 0 0 0.020253 0.018844 5.1651e-06 0.0013749 
10 150 5 2.1e-06 150 0 0 0.022425 0.020797 9.0492e-06 0.0015854 
10 200 5 2.1e-06 1 0.998 0.0002 990.68 0.030721 990.65 0.0063656 
10 200 5 2.1e-06 2 0.986 0.0016367 840.02 0.028201 839.99 0.0055128 
10 200 5 2.1e-06 3 0.954 0.0049837 751.36 0.027962 751.33 0.0052272 
10 200 5 2.1e-06 4 0.92 0.010204 712.88 0.030666 712.85 0.0056873 
10 200 5 2.1e-06 5 0.882 0.017016 583.83 0.0295 583.79 0.00517 
10 200 5 2.1e-06 8 0.794 0.038535 272.67 0.029391 272.63 0.0040587 
10 200 5 2.1e-06 10 0.736 0.049698 169.81 0.030873 169.78 0.00382 
10 200 5 2.1e-06 12 0.688 0.055771 114.92 0.029386 114.89 0.0037775 
10 200 5 2.1e-06 15 0.636 0.070106 71.418 0.028957 71.386 0.0033549 
10 200 5 2.1e-06 20 0.594 0.078127 32.554 0.028586 32.522 0.0033586 
10 200 5 2.1e-06 25 0.528 0.088588 15.258 0.028863 15.226 0.0032108 
10 200 5 2.1e-06 30 0.454 0.098861 7.9129 0.027215 7.8825 0.0031442 
10 200 5 2.1e-06 40 0.27 0.11031 3.5008 0.026997 3.4708 0.0028739 
10 200 5 2.1e-06 50 0.156 0.091086 2.0828 0.026027 2.0543 0.0024479 
10 200 5 2.1e-06 60 0.1 0.072245 1.4777 0.025248 1.4501 0.0022901 
10 200 5 2.1e-06 70 0.07 0.058469 1.1964 0.024709 1.1696 0.00209 
10 200 5 2.1e-06 80 0.06 0.057551 0.98892 0.025837 0.96077 0.0022765 
10 200 5 2.1e-06 90 0.058 0.053914 0.69919 0.024937 0.67209 0.0021189 
10 200 5 2.1e-06 100 0.04 0.030612 0.43444 0.02544 0.40667 0.0022883 
10 200 5 2.1e-06 125 0 0 0.027322 0.02523 6.7628e-06 0.0020519 
10 200 5 2.1e-06 150 0 0 0.026729 0.0247 7.2438e-06 0.0019892 
10 200 5 2.1e-06 200 0 0 0.026593 0.024653 6.8848e-06 0.001903 
10 250 5 2.1e-06 1 1 0 900.26 0.035073 900.21 0.0068264 
10 250 5 2.1e-06 2 0.998 0.0002 868.87 0.034358 868.83 0.0069385 
10 250 5 2.1e-06 3 0.996 0.00039184 810.28 0.034122 810.24 0.006588 
10 250 5 2.1e-06 4 0.978 0.001751 729.73 0.034546 729.69 0.006342 
10 250 5 2.1e-06 5 0.95 0.0058163 636.06 0.034069 636.02 0.0060111 
10 250 5 2.1e-06 8 0.842 0.022078 358.34 0.034437 358.3 0.0050628 
10 250 5 2.1e-06 10 0.768 0.034465 226.79 0.033667 226.75 0.0045542 
10 250 5 2.1e-06 12 0.696 0.051412 149.43 0.033591 149.39 0.0043272 
10 250 5 2.1e-06 15 0.654 0.064984 94.998 0.033436 94.96 0.0040775 
10 250 5 2.1e-06 20 0.596 0.082024 51.27 0.033322 51.233 0.003869 
10 250 5 2.1e-06 25 0.564 0.089698 28.242 0.032974 28.205 0.003646 
10 250 5 2.1e-06 30 0.512 0.095363 16.298 0.031756 16.262 0.0038111 
10 250 5 2.1e-06 40 0.378 0.12216 5.9933 0.032822 5.9568 0.0035427 
10 250 5 2.1e-06 50 0.252 0.10785 3.009 0.030402 2.9753 0.0031774 
10 250 5 2.1e-06 60 0.162 0.090976 1.9828 0.029893 1.95 0.002798 
10 250 5 2.1e-06 70 0.104 0.077943 1.5015 0.029105 1.4699 0.0024475 
10 250 5 2.1e-06 80 0.084 0.071576 1.2947 0.029018 1.2633 0.002324 
10 250 5 2.1e-06 90 0.07 0.059694 1.0441 0.028839 1.013 0.0022586 
10 250 5 2.1e-06 100 0.06 0.050612 0.7342 0.029011 0.70285 0.0022811 
10 250 5 2.1e-06 125 0.036 0.024392 0.28827 0.029277 0.25673 0.0022215 
10 250 5 2.1e-06 150 0.002 0.0002 0.040854 0.028567 0.010226 0.0020219 
10 250 5 2.1e-06 200 0 0 0.030546 0.02856 4.2045e-06 0.0019524 
10 250 5 2.1e-06 250 0 0 0.030889 0.0289 4.794e-06 0.0019511 
10 300 5 2.1e-06 1 1 0 869.45 0.041355 869.4 0.0077975 
10 300 5 2.1e-06 2 1 0 847.59 0.040687 847.54 0.008312 
10 300 5 2.1e-06 3 0.994 0.00098367 805.86 0.040603 805.81 0.0077508 
10 300 5 2.1e-06 4 0.984 0.0038204 758.14 0.040695 758.09 0.0076448 
10 300 5 2.1e-06 5 0.974 0.0052286 690.52 0.040472 690.47 0.0072449 
10 300 5 2.1e-06 8 0.878 0.013588 443.58 0.040227 443.54 0.0063028 
10 300 5 2.1e-06 10 0.816 0.025861 298.79 0.040145 298.75 0.0058187 
10 300 5 2.1e-06 12 0.774 0.0338 200.34 0.039969 200.29 0.0053665 
10 300 5 2.1e-06 15 0.706 0.051596 123.59 0.039681 123.55 0.004919 
10 300 5 2.1e-06 20 0.626 0.066453 71.049 0.0397 71.004 0.0048009 
10 300 5 2.1e-06 25 0.594 0.078535 43.175 0.040261 43.13 0.0043745 
10 300 5 2.1e-06 30 0.562 0.088527 25.832 0.03899 25.788 0.0045869 
10 300 5 2.1e-06 40 0.466 0.1076 9.1557 0.038647 9.1126 0.004295 
10 300 5 2.1e-06 50 0.344 0.1168 4.3966 0.037219 4.3551 0.0041326 
10 300 5 2.1e-06 60 0.234 0.11617 2.685 0.036077 2.6449 0.0035968 
10 300 5 2.1e-06 70 0.16 0.097143 1.8736 0.035312 1.8351 0.0031549 
10 300 5 2.1e-06 80 0.112 0.07822 1.4925 0.035222 1.4542 0.003093 
10 300 5 2.1e-06 90 0.092 0.075037 1.3228 0.035188 1.2847 0.0028925 
10 300 5 2.1e-06 100 0.082 0.06518 1.1945 0.03484 1.1567 0.0028954 
10 300 5 2.1e-06 125 0.056 0.047004 0.63021 0.035349 0.59208 0.0027408 
10 300 5 2.1e-06 150 0.04 0.027347 0.33581 0.034376 0.29876 0.0026357 
10 300 5 2.1e-06 200 0 0 0.037159 0.0347 5.2904e-06 0.0024223 
10 300 5 2.1e-06 250 0 0 0.036835 0.034367 5.126e-06 0.0024297 
10 300 5 2.1e-06 300 0 0 0.037433 0.034972 5.2075e-06 0.0024252 
10 350 5 2.1e-06 1 1 0 877.08 1.324 875.75 0.0095058 
10 350 5 2.1e-06 2 0.998 0.0002 859.09 0.081249 859 0.0093985 
10 350 5 2.1e-06 3 0.994 0.00057551 827.81 0.080021 827.72 0.0096048 
10 350 5 2.1e-06 4 0.986 0.0016367 780.26 0.082529 780.17 0.0090006 
10 350 5 2.1e-06 5 0.978 0.0029755 732.2 0.082691 732.1 0.0089048 
10 350 5 2.1e-06 8 0.894 0.013229 522.26 0.08121 522.17 0.0076774 
10 350 5 2.1e-06 10 0.856 0.018433 382.53 0.082316 382.44 0.0071393 
10 350 5 2.1e-06 12 0.804 0.026514 270.06 0.079254 269.98 0.006677 
10 350 5 2.1e-06 15 0.76 0.037551 165.04 0.081603 164.95 0.0060969 
10 350 5 2.1e-06 20 0.686 0.062045 94.243 0.08184 94.156 0.0056873 
10 350 5 2.1e-06 25 0.63 0.077653 61.772 0.079009 61.687 0.0054477 
10 350 5 2.1e-06 30 0.598 0.08469 40.865 0.081032 40.778 0.0054418 
10 350 5 2.1e-06 40 0.542 0.095547 17.216 0.079073 17.132 0.0051119 
10 350 5 2.1e-06 50 0.464 0.11215 7.3814 0.04463 7.3317 0.0049783 
10 350 5 2.1e-06 60 0.362 0.12812 4.2479 0.04399 4.199 0.0047035 
10 350 5 2.1e-06 70 0.254 0.1107 2.8492 0.04348 2.8013 0.004412 
10 350 5 2.1e-06 80 0.17 0.09398 2.0134 0.042795 1.9666 0.0039656 
10 350 5 2.1e-06 90 0.128 0.080016 1.5328 0.04203 1.487 0.003713 
10 350 5 2.1e-06 100 0.094 0.076494 1.3318 0.041986 1.2863 0.0034317 
10 350 5 2.1e-06 125 0.068 0.058547 0.96449 0.041905 0.91924 0.0033014 
10 350 5 2.1e-06 150 0.056 0.047004 0.54587 0.041357 0.50117 0.0033082 
10 350 5 2.1e-06 200 0.002 0.0002 0.054524 0.041042 0.010438 0.0030091 
10 350 5 2.1e-06 250 0 0 0.0443 0.041337 8.2832e-06 0.0029225 
10 350 5 2.1e-06 300 0 0 0.043948 0.040978 7.8348e-06 0.0029282 
10 400 5 2.1e-06 1 1 0 881.23 0.053697 881.17 0.010695 
10 400 5 2.1e-06 2 1 0 873.16 0.053389 873.1 0.010573 
10 400 5 2.1e-06 3 0.998 0.0002 852.12 0.053773 852.05 0.010659 
10 400 5 2.1e-06 4 0.99 0.0013265 817.76 0.053817 817.7 0.010533 
10 400 5 2.1e-06 5 0.984 0.0021878 785.24 0.053014 785.18 0.010256 
10 400 5 2.1e-06 8 0.942 0.0082 615.24 0.052725 615.18 0.0094179 
10 400 5 2.1e-06 10 0.894 0.011596 480.26 0.052894 480.2 0.008583 
10 400 5 2.1e-06 12 0.84 0.021224 351.53 0.052708 351.47 0.0082062 
10 400 5 2.1e-06 15 0.778 0.037669 215.76 0.051995 215.7 0.0071122 
10 400 5 2.1e-06 20 0.704 0.057535 119.2 0.052267 119.14 0.0069796 
10 400 5 2.1e-06 25 0.64 0.066531 78.711 0.052062 78.652 0.0064054 
10 400 5 2.1e-06 30 0.612 0.080261 52.544 0.051713 52.486 0.0063129 
10 400 5 2.1e-06 40 0.564 0.088065 22.78 0.05123 22.723 0.0062929 
10 400 5 2.1e-06 50 0.518 0.093751 10.534 0.051129 10.477 0.0059053 
10 400 5 2.1e-06 60 0.434 0.11739 5.9455 0.049597 5.8899 0.0058038 
10 400 5 2.1e-06 70 0.342 0.12371 3.9625 0.049621 3.9071 0.0056149 
10 400 5 2.1e-06 80 0.248 0.12581 2.8365 0.048716 2.7827 0.005011 
10 400 5 2.1e-06 90 0.192 0.10442 2.1581 0.047251 2.1058 0.0049603 
10 400 5 2.1e-06 100 0.14 0.081224 1.7073 0.046822 1.656 0.004343 
10 400 5 2.1e-06 125 0.084 0.070351 1.2468 0.045753 1.1972 0.0038136 
10 400 5 2.1e-06 150 0.066 0.0578 0.98268 0.045874 0.93296 0.0037975 
10 400 5 2.1e-06 200 0.046 0.034371 0.44408 0.045618 0.39468 0.0037324 
10 400 5 2.1e-06 250 0.002 0.0002 0.059552 0.04578 0.010219 0.0035158 
10 400 5 2.1e-06 300 0 0 0.048816 0.045327 9.0436e-06 0.0034433 
10 400 5 2.1e-06 400 0 0 0.049204 0.045369 8.7642e-06 0.0037893 
10 500 5 2.1e-06 1 1 0 887.04 0.14065 886.89 0.012833 
10 500 5 2.1e-06 2 1 0 882.52 0.08101 882.43 0.012993 
10 500 5 2.1e-06 3 1 0 872.43 0.08033 872.34 0.012919 
10 500 5 2.1e-06 4 0.996 0.00039184 847.87 0.079712 847.78 0.012716 
10 500 5 2.1e-06 5 0.986 0.0016367 828.6 0.079803 828.51 0.012611 
10 500 5 2.1e-06 8 0.958 0.0065673 714.38 0.079187 714.29 0.011942 
10 500 5 2.1e-06 10 0.926 0.010127 615.58 0.079185 615.49 0.011321 
10 500 5 2.1e-06 12 0.89 0.016429 505.63 0.079456 505.54 0.010658 
10 500 5 2.1e-06 15 0.818 0.02722 345.85 0.07857 345.76 0.0096769 
10 500 5 2.1e-06 20 0.734 0.048412 180.25 0.078644 180.16 0.0084687 
10 500 5 2.1e-06 25 0.686 0.063678 117.29 0.078632 117.2 0.0083757 
10 500 5 2.1e-06 30 0.65 0.067449 85.445 0.077906 85.36 0.0076264 
10 500 5 2.1e-06 40 0.6 0.078776 46.948 0.077956 46.862 0.0076548 
10 500 5 2.1e-06 50 0.58 0.08449 25.072 0.068833 24.995 0.0075321 
10 500 5 2.1e-06 60 0.53 0.093163 12.854 0.07694 12.77 0.0071231 
10 500 5 2.1e-06 70 0.462 0.10812 7.6697 0.062316 7.6002 0.0070868 
10 500 5 2.1e-06 80 0.382 0.11824 4.8504 0.063107 4.78 0.0071038 
10 500 5 2.1e-06 90 0.296 0.11998 3.4856 0.060382 3.4185 0.006569 
10 500 5 2.1e-06 100 0.23 0.10786 2.7706 0.059927 2.7044 0.0062098 
10 500 5 2.1e-06 125 0.128 0.080833 1.6106 0.057992 1.5472 0.0053306 
10 500 5 2.1e-06 150 0.08 0.065714 1.2007 0.05735 1.1381 0.0052747 
10 500 5 2.1e-06 200 0.056 0.050269 0.6673 0.072294 0.59018 0.004779 
10 500 5 2.1e-06 250 0.038 0.025669 0.31377 0.057504 0.25149 0.0047325 
10 500 5 2.1e-06 300 0.006 0.0018 0.10056 0.056923 0.03901 0.0045863 
10 500 5 2.1e-06 400 0 0 0.061159 0.056608 9.3668e-06 0.0045028 
10 500 5 2.1e-06 500 0 0 0.061421 0.056899 1.077e-05 0.0044724 
10 600 5 2.1e-06 1 1 0 898.23 0.18595 898.03 0.015848 
10 600 5 2.1e-06 2 1 0 894.9 0.086082 894.8 0.015944 
10 600 5 2.1e-06 3 1 0 886.12 0.087037 886.01 0.015732 
10 600 5 2.1e-06 4 1 0 875.48 0.086396 875.37 0.015884 
10 600 5 2.1e-06 5 1 0 853.24 0.086793 853.13 0.015556 
10 600 5 2.1e-06 8 0.986 0.0012286 784.64 0.085886 784.54 0.015199 
10 600 5 2.1e-06 10 0.972 0.0032816 714.89 0.085532 714.79 0.014634 
10 600 5 2.1e-06 12 0.944 0.0082286 629.98 0.08579 629.88 0.013859 
10 600 5 2.1e-06 15 0.9 0.016735 484.38 0.085052 484.28 0.013026 
10 600 5 2.1e-06 20 0.808 0.028098 268.54 0.084733 268.44 0.011262 
10 600 5 2.1e-06 25 0.75 0.038469 157.54 0.084219 157.45 0.010245 
10 600 5 2.1e-06 30 0.704 0.051004 111.7 0.084235 111.61 0.0098084 
10 600 5 2.1e-06 40 0.648 0.069486 66.938 0.08429 66.844 0.0092911 
10 600 5 2.1e-06 50 0.606 0.082616 41.39 0.08408 41.297 0.009173 
10 600 5 2.1e-06 60 0.586 0.086127 23.763 0.08322 23.671 0.0086514 
10 600 5 2.1e-06 70 0.542 0.094322 13.531 0.074707 13.447 0.0091402 
10 600 5 2.1e-06 80 0.498 0.099384 8.4992 0.083654 8.4068 0.0086152 
10 600 5 2.1e-06 90 0.45 0.1148 6.1486 0.074242 6.0654 0.0088403 
10 600 5 2.1e-06 100 0.356 0.11884 4.4521 0.072989 4.3706 0.0084295 
10 600 5 2.1e-06 125 0.22 0.10367 2.592 0.07164 2.5129 0.0073911 
10 600 5 2.1e-06 150 0.134 0.084331 1.7471 0.069884 1.6705 0.0066508 
10 600 5 2.1e-06 200 0.074 0.061555 1.2105 0.068093 1.1363 0.006064 
10 600 5 2.1e-06 250 0.056 0.047004 0.64088 0.068108 0.56662 0.0060939 
10 600 5 2.1e-06 300 0.04 0.027347 0.40195 0.067578 0.32841 0.0059056 
10 600 5 2.1e-06 400 0 0 0.073293 0.067547 1.1033e-05 0.0056857 
10 600 5 2.1e-06 500 0 0 0.073513 0.067796 1.1961e-05 0.0056593 
10 700 5 2.1e-06 1 1 0 907.2 0.12718 907.05 0.017953 
10 700 5 2.1e-06 2 1 0 899.49 0.10591 899.36 0.018202 
10 700 5 2.1e-06 3 1 0 903.22 0.10609 903.09 0.017801 
10 700 5 2.1e-06 4 0.998 0.0002 898.03 0.10664 897.91 0.018162 
10 700 5 2.1e-06 5 0.998 0.0002 889.17 0.10673 889.04 0.018329 
10 700 5 2.1e-06 8 0.996 0.00039184 836.69 0.10561 836.57 0.017949 
10 700 5 2.1e-06 10 0.994 0.00057551 783.67 0.10564 783.55 0.017135 
10 700 5 2.1e-06 12 0.988 0.0010776 717.24 0.10559 717.11 0.016712 
10 700 5 2.1e-06 15 0.942 0.0098327 592.52 0.10494 592.4 0.015687 
10 700 5 2.1e-06 20 0.85 0.019694 371.48 0.10513 371.36 0.013957 
10 700 5 2.1e-06 25 0.792 0.032996 217.97 0.10395 217.85 0.012371 
10 700 5 2.1e-06 30 0.738 0.046486 146.08 0.10397 145.97 0.011349 
10 700 5 2.1e-06 40 0.664 0.0648 90.961 0.10392 90.846 0.011115 
10 700 5 2.1e-06 50 0.624 0.076147 59.727 0.10374 59.613 0.010604 
10 700 5 2.1e-06 60 0.588 0.082302 37.192 0.10293 37.078 0.01056 
10 700 5 2.1e-06 70 0.564 0.088473 23.36 0.094739 23.254 0.010843 
10 700 5 2.1e-06 80 0.522 0.10216 14.381 0.10358 14.267 0.0099872 
10 700 5 2.1e-06 90 0.498 0.10183 9.7781 0.085873 9.6822 0.009916 
10 700 5 2.1e-06 100 0.448 0.11642 7.0907 0.084924 6.9958 0.0098644 
10 700 5 2.1e-06 125 0.326 0.11584 3.6886 0.08413 3.5949 0.0093887 
10 700 5 2.1e-06 150 0.184 0.092392 2.2155 0.081481 2.1256 0.0083109 
10 700 5 2.1e-06 200 0.094 0.073637 1.4495 0.079346 1.3626 0.0074235 
10 700 5 2.1e-06 250 0.066 0.0578 1.0992 0.078673 1.0131 0.0073207 
10 700 5 2.1e-06 300 0.056 0.050678 0.64221 0.078809 0.55615 0.0071917 
10 700 5 2.1e-06 400 0.012 0.0072 0.16386 0.077885 0.078968 0.0069426 
10 700 5 2.1e-06 500 0 0 0.085096 0.07816 1.2174e-05 0.0068698 
10 800 5 2.1e-06 1 1 0 904.69 0.1647 904.5 0.020518 
10 800 5 2.1e-06 2 1 0 910.57 0.11868 910.43 0.020909 
10 800 5 2.1e-06 3 1 0 909.22 0.11839 909.08 0.020715 
