18.0428
957 735 633 1291 983 
32.1423
357 1218 293 185 973 
19.9952
235 1207 716 1080 1392 
17.5328
644 1346 1411 420 290 
22.4428
695 969 1268 80 37 
23.5592
1210 606 213 816 402 
17.5257
636 617 1249 1379 112 
28.5034
981 932 439 451 316 
17.5699
26 228 1361 598 526 
17.425
718 113 535 1045 930 
28.4367
1077 273 276 1331 415 
17.5431
908 624 23 319 586 
17.4584
788 1429 567 150 10 
28.4739
191 788 313 567 247 
17.5181
883 433 1165 927 937 
18.6813
407 952 1002 1405 1282 
27.1853
185 242 973 549 1124 
17.5213
64 1272 1090 1171 1223 
27.3
1433 18 1051 496 1396 
18.7366
794 185 242 973 1233 
17.5613
891 43 927 65 54 
28.4425
7 951 844 368 1040 
17.5512
185 242 973 1124 549 
17.5723
185 973 242 1124 549 
28.405
909 1257 697 737 720 
17.5012
934 298 894 185 161 
17.926
1241 585 731 1238 33 
28.055
886 645 607 1 997 
17.5189
93 256 963 1364 1168 
24.3849
1167 522 420 230 290 
21.5783
12 99 185 78 1080 
17.5131
1159 37 695 1268 969 
28.3201
756 313 745 1385 703 
17.536
617 112 1379 1324 478 
17.5513
472 669 185 242 973 
28.4048
185 242 973 776 1124 
17.506
320 1307 1218 1125 293 
17.5951
1012 16 146 945 185 
28.4269
64 1272 1090 1171 1223 
17.4998
145 1157 88 379 285 
20.483
1114 1164 856 1220 962 
25.5553
428 318 361 1265 666 
17.4936
437 29 1298 226 552 
28.1715
800 1045 823 930 899 
17.7448
804 647 595 996 153 
17.5047
425 1384 313 1385 902 
28.3118
642 286 254 1330 588 
17.54
796 510 1376 966 986 
17.5978
949 1122 406 1185 1187 
28.3312
185 973 242 549 1124 
