10 100 1 2.1e-05 10 1 0 1116.7 0.029196 1116.6 0.008388 
10 100 1 2.1e-05 12 1 0 1014.9 0.031248 1014.8 0.007243 
10 100 1 2.1e-05 15 1 0 1003.1 0.029121 1003.1 0.007079 
10 100 1 2.1e-05 20 1 0 993.38 0.029205 993.34 0.007066 
10 100 1 2.1e-05 25 1 0 1025.9 0.029057 1025.8 0.0070028 
10 100 1 2.1e-05 30 1 0 1019.4 0.028885 1019.4 0.0070248 
10 100 1 2.1e-05 40 0.998 0.0002 982.87 0.029012 982.83 0.0073438 
10 100 1 2.1e-05 50 0.956 0.015984 527.78 0.028336 527.75 0.0061201 
10 100 1 2.1e-05 60 0.81 0.084184 45.799 0.028511 45.765 0.0052995 
10 100 1 2.1e-05 70 0.636 0.14398 10.822 0.028352 10.788 0.0051948 
10 100 1 2.1e-05 80 0.348 0.14255 3.9323 0.02728 3.9 0.0049908 
10 100 1 2.1e-05 90 0.1 0.06449 1.0395 0.024421 1.0104 0.004689 
10 100 1 2.1e-05 100 0.002 0.0002 0.043244 0.024158 0.01453 0.00453 
10 125 1 2.1e-05 10 1 0 1036.3 0.03533 1036.3 0.0084018 
10 125 1 2.1e-05 12 1 0 1056.2 0.034794 1056.2 0.0097679 
10 125 1 2.1e-05 15 1 0 1066.7 0.034913 1066.7 0.0083781 
10 125 1 2.1e-05 20 1 0 1066.6 0.034815 1066.6 0.0084163 
10 125 1 2.1e-05 25 1 0 1066.8 0.035532 1066.8 0.0084129 
10 125 1 2.1e-05 30 1 0 1066.8 0.034773 1066.7 0.0084091 
10 125 1 2.1e-05 40 1 0 1067 0.034963 1067 0.008378 
10 125 1 2.1e-05 50 1 0 1039.3 0.035455 1039.3 0.0084212 
10 125 1 2.1e-05 60 0.956 0.015167 701.28 0.034436 701.23 0.007698 
10 125 1 2.1e-05 70 0.87 0.064184 131.95 0.033866 131.91 0.0064754 
10 125 1 2.1e-05 80 0.762 0.10363 20.401 0.034143 20.361 0.0063999 
10 125 1 2.1e-05 90 0.614 0.15633 8.8223 0.033083 8.783 0.0061562 
10 125 1 2.1e-05 100 0.314 0.13551 3.9566 0.030845 3.9197 0.0060061 
10 125 1 2.1e-05 125 0 0 0.034301 0.028909 1.8863e-05 0.0053467 
10 150 1 2.1e-05 10 1 0 967.28 0.041004 967.23 0.0093402 
10 150 1 2.1e-05 12 1 0 968.38 0.041066 968.33 0.0097246 
10 150 1 2.1e-05 15 1 0 968.16 0.04124 968.11 0.0094234 
10 150 1 2.1e-05 20 1 0 968.38 0.041019 968.33 0.0094003 
10 150 1 2.1e-05 25 1 0 968.57 0.041049 968.52 0.0094629 
10 150 1 2.1e-05 30 1 0 960.62 0.042551 960.56 0.0095148 
10 150 1 2.1e-05 40 1 0 968.61 0.041194 968.56 0.0094749 
10 150 1 2.1e-05 50 1 0 968.52 0.041429 968.47 0.0095105 
10 150 1 2.1e-05 60 1 0 959.39 0.041119 959.34 0.0093686 
10 150 1 2.1e-05 70 0.992 0.00075102 748.95 0.041667 748.89 0.0098443 
10 150 1 2.1e-05 80 0.906 0.05078 221.01 0.040585 220.96 0.0077917 
10 150 1 2.1e-05 90 0.826 0.083596 29.99 0.039651 29.943 0.0072824 
10 150 1 2.1e-05 100 0.722 0.12869 14.299 0.039606 14.252 0.0073694 
10 150 1 2.1e-05 125 0.202 0.11081 2.8416 0.037682 2.797 0.0068715 
10 150 1 2.1e-05 150 0 0 0.040375 0.033939 1.6885e-05 0.006393 
10 200 1 2.1e-05 10 1 0 968.82 0.054072 968.75 0.012326 
10 200 1 2.1e-05 12 1 0 971.31 0.053886 971.25 0.01248 
10 200 1 2.1e-05 15 1 0 973.74 0.054246 973.68 0.012594 
10 200 1 2.1e-05 20 1 0 971.93 0.054409 971.86 0.012401 
10 200 1 2.1e-05 25 1 0 972.11 0.053859 972.04 0.012385 
10 200 1 2.1e-05 30 1 0 976.34 0.053888 976.27 0.012478 
10 200 1 2.1e-05 40 1 0 977.58 0.054476 977.52 0.012431 
10 200 1 2.1e-05 50 1 0 977.6 0.054298 977.54 0.01252 
10 200 1 2.1e-05 60 1 0 968.8 0.053819 968.74 0.012818 
10 200 1 2.1e-05 70 1 0 975.85 0.05381 975.78 0.01252 
10 200 1 2.1e-05 80 0.998 0.0002 971.37 0.054056 971.3 0.012406 
10 200 1 2.1e-05 90 0.986 0.0040857 875.15 0.054702 875.08 0.012214 
10 200 1 2.1e-05 100 0.942 0.0282 468.17 0.053001 468.1 0.011033 
10 200 1 2.1e-05 125 0.8 0.093061 19.648 0.05244 19.586 0.0097348 
10 200 1 2.1e-05 150 0.504 0.18121 6.5575 0.050953 6.4971 0.0093843 
10 200 1 2.1e-05 200 0 0 0.054218 0.04526 1.1991e-05 0.0089167 
10 250 1 2.1e-05 10 1 0 972.46 0.066624 972.38 0.01546 
10 250 1 2.1e-05 12 1 0 964.63 0.066595 964.54 0.015249 
10 250 1 2.1e-05 15 1 0 972.79 0.0664 972.71 0.01524 
10 250 1 2.1e-05 20 1 0 973.6 0.066341 973.51 0.015229 
10 250 1 2.1e-05 25 1 0 974.75 0.066182 974.67 0.015553 
10 250 1 2.1e-05 30 1 0 977.51 0.067666 977.43 0.015288 
10 250 1 2.1e-05 40 1 0 976.53 0.066487 976.45 0.015354 
10 250 1 2.1e-05 50 1 0 976.61 0.066557 976.53 0.01526 
10 250 1 2.1e-05 60 1 0 977.4 0.066239 977.32 0.0152 
10 250 1 2.1e-05 70 1 0 969.22 0.067958 969.14 0.015138 
10 250 1 2.1e-05 80 1 0 978.05 0.066214 977.97 0.015212 
10 250 1 2.1e-05 90 1 0 976.65 0.066269 976.57 0.015357 
10 250 1 2.1e-05 100 1 0 975 0.066178 974.92 0.015217 
10 250 1 2.1e-05 125 0.908 0.052588 456.32 0.065868 456.24 0.013625 
10 250 1 2.1e-05 150 0.804 0.093861 23.948 0.064817 23.871 0.012128 
10 250 1 2.1e-05 200 0.33 0.1499 4.1589 0.059639 4.0876 0.011555 
10 250 1 2.1e-05 250 0 0 0.06657 0.055765 5.7146e-06 0.010767 
10 300 1 2.1e-05 10 1 0 957.67 0.079437 957.57 0.018301 
10 300 1 2.1e-05 12 1 0 965.97 0.079685 965.87 0.017994 
10 300 1 2.1e-05 15 1 0 965.66 0.079438 965.57 0.018235 
10 300 1 2.1e-05 20 1 0 965.34 0.07941 965.24 0.018273 
10 300 1 2.1e-05 25 1 0 965.84 0.079101 965.74 0.018235 
10 300 1 2.1e-05 30 1 0 965.66 0.079585 965.56 0.018212 
10 300 1 2.1e-05 40 1 0 965.59 0.079268 965.49 0.018169 
10 300 1 2.1e-05 50 1 0 965.8 0.079701 965.7 0.018162 
10 300 1 2.1e-05 60 1 0 955.93 0.079176 955.83 0.01855 
10 300 1 2.1e-05 70 1 0 965.98 0.078969 965.88 0.018185 
10 300 1 2.1e-05 80 1 0 965.92 0.078952 965.82 0.018197 
10 300 1 2.1e-05 90 1 0 965.77 0.079345 965.67 0.018174 
10 300 1 2.1e-05 100 1 0 965.55 0.079314 965.45 0.018231 
10 300 1 2.1e-05 125 1 0 960.07 0.078701 959.98 0.018212 
10 300 1 2.1e-05 150 0.924 0.054922 448.26 0.077835 448.17 0.016252 
10 300 1 2.1e-05 200 0.69 0.15194 12.941 0.075711 12.851 0.01415 
10 300 1 2.1e-05 250 0.202 0.12061 2.7455 0.069881 2.662 0.013627 
10 300 1 2.1e-05 300 0 0 0.079707 0.066681 6.8229e-06 0.012989 
10 350 1 2.1e-05 10 1 0 980.97 0.091754 980.86 0.021175 
10 350 1 2.1e-05 12 1 0 981.58 0.091971 981.46 0.021253 
10 350 1 2.1e-05 15 1 0 980.05 0.092078 979.94 0.02146 
10 350 1 2.1e-05 20 1 0 979.74 0.091768 979.63 0.021193 
10 350 1 2.1e-05 25 1 0 980.89 0.093817 980.77 0.021254 
10 350 1 2.1e-05 30 1 0 980.83 0.091888 980.71 0.021856 
10 350 1 2.1e-05 40 1 0 972.13 0.091835 972.01 0.021263 
10 350 1 2.1e-05 50 1 0 979.92 0.092283 979.81 0.021312 
10 350 1 2.1e-05 60 1 0 980.41 0.091696 980.29 0.021303 
10 350 1 2.1e-05 70 1 0 981.9 0.092336 981.79 0.021443 
10 350 1 2.1e-05 80 1 0 980.62 0.091868 980.51 0.021804 
10 350 1 2.1e-05 90 1 0 982.7 0.092107 982.59 0.02116 
10 350 1 2.1e-05 100 1 0 975.53 0.092212 975.42 0.021402 
10 350 1 2.1e-05 125 1 0 969.87 0.092467 969.75 0.021288 
10 350 1 2.1e-05 150 0.998 0.0002 963.45 0.091618 963.33 0.0212 
10 350 1 2.1e-05 200 0.834 0.085555 34.101 0.088576 33.995 0.016889 
10 350 1 2.1e-05 250 0.6 0.16367 8.3485 0.08614 8.2459 0.016366 
10 350 1 2.1e-05 300 0.142 0.07718 1.7777 0.08109 1.6807 0.015875 
10 400 1 2.1e-05 10 1 0 984.77 0.10393 984.64 0.027456 
10 400 1 2.1e-05 12 1 0 986.2 0.10415 986.06 0.029513 
10 400 1 2.1e-05 15 1 0 980.7 0.10658 980.57 0.027222 
10 400 1 2.1e-05 20 1 0 980.92 0.10518 980.78 0.02694 
10 400 1 2.1e-05 25 1 0 980.35 0.10406 980.22 0.027715 
10 400 1 2.1e-05 30 1 0 966.58 0.10451 966.45 0.024899 
10 400 1 2.1e-05 40 1 0 972.93 0.10326 972.8 0.024112 
10 400 1 2.1e-05 50 1 0 972.96 0.1033 972.83 0.024559 
10 400 1 2.1e-05 60 1 0 972.45 0.10365 972.33 0.024189 
10 400 1 2.1e-05 70 1 0 975.92 0.10338 975.79 0.024175 
10 400 1 2.1e-05 80 1 0 974.51 0.1033 974.39 0.0245 
10 400 1 2.1e-05 90 1 0 969.77 0.10413 969.64 0.024353 
10 400 1 2.1e-05 100 1 0 968.61 0.10504 968.48 0.024093 
10 400 1 2.1e-05 125 1 0 972.17 0.10449 972.04 0.024225 
10 400 1 2.1e-05 150 1 0 971.93 0.10609 971.8 0.024104 
10 400 1 2.1e-05 200 0.928 0.042057 438.02 0.1013 437.9 0.021365 
10 400 1 2.1e-05 250 0.77 0.11684 17.252 0.10134 17.132 0.019045 
10 400 1 2.1e-05 300 0.496 0.17672 6.3271 0.096114 6.212 0.018912 
10 400 1 2.1e-05 400 0 0 0.10773 0.089666 1.9956e-05 0.018007 
10 500 1 2.1e-05 10 1 0 952.39 0.12687 952.23 0.029894 
10 500 1 2.1e-05 12 1 0 953 0.12681 952.84 0.029465 
10 500 1 2.1e-05 15 1 0 946.9 0.12904 946.74 0.031356 
10 500 1 2.1e-05 20 1 0 949.97 0.12753 949.81 0.030873 
10 500 1 2.1e-05 25 1 0 951.93 0.12724 951.77 0.031019 
10 500 1 2.1e-05 30 1 0 951.61 0.12766 951.45 0.030797 
10 500 1 2.1e-05 40 1 0 951.77 0.12654 951.62 0.031273 
10 500 1 2.1e-05 50 1 0 950.89 0.12614 950.74 0.030586 
10 500 1 2.1e-05 60 1 0 950.39 0.12708 950.23 0.030945 
10 500 1 2.1e-05 70 1 0 951.36 0.12645 951.2 0.031088 
10 500 1 2.1e-05 80 1 0 944.66 0.12717 944.5 0.030826 
10 500 1 2.1e-05 90 1 0 950.98 0.12661 950.82 0.030729 
10 500 1 2.1e-05 100 1 0 949.14 0.12682 948.99 0.030755 
10 500 1 2.1e-05 125 1 0 949.97 0.1267 949.82 0.030851 
10 500 1 2.1e-05 150 1 0 950.58 0.12659 950.42 0.031445 
10 500 1 2.1e-05 200 1 0 949.7 0.12625 949.55 0.031093 
10 500 1 2.1e-05 250 0.918 0.054976 422.98 0.12506 422.83 0.027868 
10 500 1 2.1e-05 300 0.808 0.094629 19.34 0.12246 19.192 0.025282 
10 500 1 2.1e-05 400 0.28 0.12776 3.6162 0.11819 3.4737 0.024276 
10 500 1 2.1e-05 500 0 0 0.13921 0.11525 1.1265e-05 0.023913 
10 600 1 2.1e-05 10 1 0 949.75 0.15074 949.57 0.035106 
10 600 1 2.1e-05 12 1 0 951.88 0.15082 951.69 0.035351 
10 600 1 2.1e-05 15 1 0 951.58 0.15053 951.39 0.035065 
10 600 1 2.1e-05 20 1 0 950.19 0.15122 950.01 0.035859 
10 600 1 2.1e-05 25 1 0 951.52 0.15147 951.33 0.035507 
10 600 1 2.1e-05 30 1 0 952.08 0.15068 951.89 0.036325 
10 600 1 2.1e-05 40 1 0 950.43 0.15086 950.25 0.035075 
10 600 1 2.1e-05 50 1 0 945.55 0.15089 945.37 0.035471 
10 600 1 2.1e-05 60 1 0 951.91 0.15164 951.73 0.03575 
10 600 1 2.1e-05 70 1 0 950.79 0.15203 950.61 0.035564 
10 600 1 2.1e-05 80 1 0 951.29 0.15114 951.1 0.035637 
10 600 1 2.1e-05 90 1 0 952.57 0.15127 952.38 0.035623 
10 600 1 2.1e-05 100 1 0 952.6 0.15112 952.41 0.035577 
10 600 1 2.1e-05 125 1 0 951.09 0.15235 950.9 0.035525 
10 600 1 2.1e-05 150 1 0 945.7 0.1517 945.51 0.035922 
10 600 1 2.1e-05 200 1 0 952.81 0.15326 952.62 0.035255 
10 600 1 2.1e-05 250 1 0 950.1 0.15092 949.91 0.035513 
10 600 1 2.1e-05 300 0.942 0.031057 407.77 0.14832 407.59 0.031606 
10 600 1 2.1e-05 400 0.718 0.13579 13.026 0.14527 12.852 0.028206 
10 600 1 2.1e-05 500 0.214 0.11756 2.9494 0.13933 2.7813 0.028682 
10 600 1 2.1e-05 600 0 0 0.16223 0.13456 1.6318e-05 0.027616 
10 700 1 2.1e-05 10 1 0 947.87 0.17336 947.66 0.041511 
10 700 1 2.1e-05 12 1 0 946.57 0.17429 946.36 0.042086 
10 700 1 2.1e-05 15 1 0 947.57 0.17425 947.35 0.042066 
10 700 1 2.1e-05 20 1 0 940.04 0.17333 939.82 0.041846 
10 700 1 2.1e-05 25 1 0 946.35 0.17417 946.14 0.042103 
10 700 1 2.1e-05 30 1 0 947.83 0.17369 947.62 0.042023 
10 700 1 2.1e-05 40 1 0 946.93 0.17421 946.72 0.04165 
10 700 1 2.1e-05 50 1 0 946.78 0.17513 946.56 0.042231 
10 700 1 2.1e-05 60 1 0 947.87 0.17399 947.66 0.041928 
10 700 1 2.1e-05 70 1 0 946.55 0.1737 946.33 0.041878 
10 700 1 2.1e-05 80 1 0 946.71 0.17424 946.49 0.042054 
10 700 1 2.1e-05 90 1 0 940.92 0.17393 940.7 0.041729 
10 700 1 2.1e-05 100 1 0 945.93 0.17365 945.72 0.042092 
10 700 1 2.1e-05 125 1 0 948.18 0.17387 947.97 0.042183 
10 700 1 2.1e-05 150 1 0 947.66 0.17435 947.44 0.041968 
10 700 1 2.1e-05 200 1 0 945.9 0.1756 945.68 0.042579 
10 700 1 2.1e-05 250 1 0 947.39 0.17405 947.18 0.042006 
10 700 1 2.1e-05 300 1 0 946.67 0.17345 946.45 0.041739 
10 700 1 2.1e-05 400 0.864 0.071739 28.691 0.16803 28.489 0.033627 
10 700 1 2.1e-05 500 0.614 0.16858 8.4675 0.16476 8.2697 0.032867 
10 700 1 2.1e-05 600 0.156 0.099657 2.1524 0.16465 1.9551 0.032579 
10 700 1 2.1e-05 700 0 0 0.19131 0.15846 2.0925e-05 0.032775 
10 800 1 2.1e-05 10 1 0 933.68 0.19766 933.43 0.047628 
10 800 1 2.1e-05 12 1 0 937.3 0.19801 937.05 0.046897 
10 800 1 2.1e-05 15 1 0 938.46 0.19616 938.21 0.047706 
10 800 1 2.1e-05 20 1 0 938.32 0.19557 938.08 0.047256 
10 800 1 2.1e-05 25 1 0 938.16 0.19649 937.92 0.047385 
10 800 1 2.1e-05 30 1 0 938.64 0.1963 938.4 0.047352 
10 800 1 2.1e-05 40 1 0 930.76 0.19709 930.52 0.047385 
10 800 1 2.1e-05 50 1 0 938.1 0.19729 937.85 0.046884 
10 800 1 2.1e-05 60 1 0 937.21 0.19611 936.96 0.048969 
10 800 1 2.1e-05 70 1 0 938.67 0.19603 938.42 0.046836 
10 800 1 2.1e-05 80 1 0 936.81 0.19752 936.56 0.047711 
10 800 1 2.1e-05 90 1 0 939.45 0.1972 939.21 0.047262 
10 800 1 2.1e-05 100 1 0 937.2 0.19913 936.95 0.048297 
10 800 1 2.1e-05 125 1 0 938.65 0.19744 938.41 0.047426 
10 800 1 2.1e-05 150 1 0 930.87 0.19664 930.63 0.047011 
10 800 1 2.1e-05 200 1 0 938.28 0.19637 938.04 0.047237 
10 800 1 2.1e-05 250 1 0 935.77 0.19795 935.52 0.048079 
10 800 1 2.1e-05 300 1 0 938.2 0.19696 937.96 0.047471 
10 800 1 2.1e-05 400 0.932 0.034057 386.9 0.19245 386.66 0.042033 
10 800 1 2.1e-05 500 0.784 0.10831 16.414 0.19288 16.183 0.038489 
10 800 1 2.1e-05 600 0.476 0.18472 5.748 0.18762 5.5224 0.037933 
10 800 1 2.1e-05 700 0.11 0.063776 1.3883 0.18475 1.1661 0.03741 
10 800 1 2.1e-05 800 0 0 0.21998 0.18253 2.4082e-05 0.037384 
10 900 1 2.1e-05 10 1 0 931.33 0.21753 931.06 0.052024 
10 900 1 2.1e-05 12 1 0 923.94 0.21957 923.67 0.051901 
10 900 1 2.1e-05 15 1 0 930.89 0.22256 930.62 0.052491 
10 900 1 2.1e-05 20 1 0 928.12 0.22302 927.84 0.051778 
10 900 1 2.1e-05 25 1 0 930.14 0.22205 929.87 0.051836 
10 900 1 2.1e-05 30 1 0 928.54 0.22183 928.26 0.052123 
10 900 1 2.1e-05 40 1 0 928.82 0.22218 928.55 0.053141 
10 900 1 2.1e-05 50 1 0 930.28 0.22285 930.01 0.052184 
10 900 1 2.1e-05 60 1 0 928.73 0.22072 928.46 0.051713 
10 900 1 2.1e-05 70 1 0 923.68 0.22183 923.4 0.053643 
10 900 1 2.1e-05 80 1 0 928.81 0.22139 928.54 0.052167 
10 900 1 2.1e-05 90 1 0 928.52 0.22193 928.25 0.0518 
10 900 1 2.1e-05 100 1 0 930.48 0.22271 930.2 0.052372 
10 900 1 2.1e-05 125 1 0 928.53 0.22061 928.26 0.052072 
10 900 1 2.1e-05 150 1 0 930.53 0.22179 930.26 0.052912 
10 900 1 2.1e-05 200 1 0 928.92 0.22211 928.64 0.052092 
10 900 1 2.1e-05 250 1 0 928.18 0.2213 927.91 0.052093 
10 900 1 2.1e-05 300 1 0 930.22 0.22199 929.94 0.052072 
10 900 1 2.1e-05 400 1 0 915.9 0.22283 915.62 0.052097 
10 900 1 2.1e-05 500 0.878 0.071547 39.173 0.21416 38.916 0.043031 
10 900 1 2.1e-05 600 0.71 0.14827 12.421 0.21318 12.165 0.042447 
10 900 1 2.1e-05 700 0.38 0.16449 4.4442 0.2112 4.1909 0.042056 
10 900 1 2.1e-05 800 0.092 0.05871 1.047 0.21115 0.79368 0.042106 
10 900 1 2.1e-05 900 0 0 0.25126 0.20904 2.8757e-05 0.042129 
10 1000 1 2.1e-05 10 1 0 933.38 0.24088 933.08 0.058312 
10 1000 1 2.1e-05 12 1 0 936.07 0.24241 935.77 0.058779 
10 1000 1 2.1e-05 15 1 0 933.5 0.24208 933.2 0.058197 
10 1000 1 2.1e-05 20 1 0 935.44 0.24068 935.14 0.058522 
10 1000 1 2.1e-05 25 1 0 927.77 0.24545 927.47 0.058195 
10 1000 1 2.1e-05 30 1 0 934.95 0.24582 934.65 0.058105 
10 1000 1 2.1e-05 40 1 0 932.91 0.24781 932.6 0.058683 
10 1000 1 2.1e-05 50 1 0 934.86 0.24552 934.55 0.05814 
10 1000 1 2.1e-05 60 1 0 932.83 0.24593 932.53 0.059406 
10 1000 1 2.1e-05 70 1 0 934.71 0.24681 934.4 0.058204 
10 1000 1 2.1e-05 80 1 0 933.21 0.24674 932.91 0.059066 
10 1000 1 2.1e-05 90 1 0 927.73 0.24656 927.43 0.0581 
10 1000 1 2.1e-05 100 1 0 933.99 0.24656 933.69 0.058627 
10 1000 1 2.1e-05 125 1 0 933.52 0.24592 933.21 0.058238 
10 1000 1 2.1e-05 150 1 0 933.28 0.24606 932.98 0.059746 
10 1000 1 2.1e-05 200 1 0 933.05 0.24534 932.75 0.058127 
10 1000 1 2.1e-05 250 1 0 933.69 0.24713 933.38 0.058892 
10 1000 1 2.1e-05 300 1 0 932.56 0.24626 932.25 0.058215 
10 1000 1 2.1e-05 400 1 0 934.28 0.24735 933.97 0.059314 
10 1000 1 2.1e-05 500 0.934 0.043106 373.78 0.24222 373.49 0.052105 
10 1000 1 2.1e-05 600 0.82 0.086122 19.248 0.23702 18.963 0.047339 
10 1000 1 2.1e-05 700 0.642 0.16657 9.5667 0.23739 9.2811 0.048053 
10 1000 1 2.1e-05 800 0.294 0.13772 3.8016 0.23582 3.5188 0.046832 
10 1000 1 2.1e-05 900 0.066 0.04229 0.87555 0.23521 0.5933 0.046927 
10 1000 1 2.1e-05 1000 0 0 0.28127 0.23398 2.924e-05 0.047178 
10 1250 1 2.1e-05 10 1 0 937.55 0.29782 937.18 0.073495 
10 1250 1 2.1e-05 12 1 0 933.02 0.29682 932.65 0.073076 
10 1250 1 2.1e-05 15 1 0 933.74 0.29742 933.37 0.073798 
10 1250 1 2.1e-05 20 1 0 932.54 0.29644 932.17 0.075264 
10 1250 1 2.1e-05 25 1 0 934.79 0.29784 934.42 0.073682 
10 1250 1 2.1e-05 30 1 0 926.06 0.29698 925.69 0.073924 
10 1250 1 2.1e-05 40 1 0 933.92 0.29487 933.56 0.073418 
10 1250 1 2.1e-05 50 1 0 932.3 0.29642 931.93 0.073626 
10 1250 1 2.1e-05 60 1 0 932.96 0.29611 932.59 0.07335 
10 1250 1 2.1e-05 70 1 0 933.48 0.29613 933.11 0.073639 
10 1250 1 2.1e-05 80 1 0 932.03 0.2949 931.66 0.073769 
10 1250 1 2.1e-05 90 1 0 933.78 0.2966 933.41 0.073973 
10 1250 1 2.1e-05 100 1 0 925.52 0.29785 925.15 0.074567 
10 1250 1 2.1e-05 125 1 0 934.12 0.29624 933.75 0.073001 
10 1250 1 2.1e-05 150 1 0 932.3 0.29595 931.93 0.073927 
10 1250 1 2.1e-05 200 1 0 933.12 0.29767 932.75 0.073445 
10 1250 1 2.1e-05 250 1 0 933.12 0.29616 932.75 0.073626 
10 1250 1 2.1e-05 300 1 0 932.32 0.29539 931.95 0.073747 
10 1250 1 2.1e-05 400 1 0 933.59 0.2967 933.22 0.074262 
10 1250 1 2.1e-05 500 1 0 931.92 0.29616 931.55 0.073022 
10 1250 1 2.1e-05 600 0.948 0.032343 715.56 0.2953 715.19 0.070452 
10 1250 1 2.1e-05 700 0.868 0.072833 34.506 0.2861 34.16 0.059684 
10 1250 1 2.1e-05 800 0.75 0.12459 14.686 0.28395 14.343 0.058519 
10 1250 1 2.1e-05 900 0.606 0.16833 7.9686 0.28341 7.6261 0.058926 
10 1250 1 2.1e-05 1000 0.302 0.14551 3.7487 0.28377 3.4058 0.058961 
10 1500 1 2.1e-05 10 1 0 933.99 0.35023 933.56 0.08664 
10 1500 1 2.1e-05 12 1 0 931.99 0.35135 931.56 0.087847 
10 1500 1 2.1e-05 15 1 0 930.46 0.35227 930.02 0.087473 
10 1500 1 2.1e-05 20 1 0 931.77 0.3517 931.33 0.087437 
10 1500 1 2.1e-05 25 1 0 930.91 0.35168 930.47 0.086805 
10 1500 1 2.1e-05 30 1 0 928.94 0.3531 928.5 0.08707 
10 1500 1 2.1e-05 40 1 0 929.14 0.35825 928.7 0.087762 
10 1500 1 2.1e-05 50 1 0 929.41 0.35607 928.97 0.08736 
10 1500 1 2.1e-05 60 1 0 930.76 0.35763 930.32 0.087414 
10 1500 1 2.1e-05 70 1 0 931.24 0.3592 930.79 0.087524 
10 1500 1 2.1e-05 80 1 0 929.96 0.35997 929.51 0.087123 
10 1500 1 2.1e-05 90 1 0 931.23 0.35574 930.79 0.08661 
10 1500 1 2.1e-05 100 1 0 930.99 0.35772 930.54 0.087779 
10 1500 1 2.1e-05 125 1 0 929.82 0.35798 929.38 0.086952 
10 1500 1 2.1e-05 150 1 0 924.5 0.35902 924.06 0.087393 
10 1500 1 2.1e-05 200 1 0 931.49 0.35828 931.05 0.087313 
10 1500 1 2.1e-05 250 1 0 929.95 0.3548 929.51 0.087132 
10 1500 1 2.1e-05 300 1 0 931.25 0.35664 930.8 0.086643 
10 1500 1 2.1e-05 400 1 0 930.58 0.3565 930.14 0.090115 
10 1500 1 2.1e-05 500 1 0 929.46 0.35522 929.02 0.087124 
10 1500 1 2.1e-05 600 1 0 924.01 0.35751 923.57 0.087075 
10 1500 1 2.1e-05 700 0.984 0.0042286 876.88 0.35661 876.44 0.087559 
10 1500 1 2.1e-05 800 0.904 0.060392 61.723 0.34449 61.307 0.071663 
10 1500 1 2.1e-05 900 0.808 0.098302 18.697 0.34101 18.286 0.070544 
10 1500 1 2.1e-05 1000 0.71 0.14214 12.97 0.34661 12.552 0.071297 
10 1500 1 2.1e-05 1500 0 0 0.41521 0.3442 2.17e-05 0.070925 
10 2000 1 2.1e-05 10 1 0 932.21 0.4899 931.61 0.11549 
10 2000 1 2.1e-05 12 1 0 932.54 0.49265 931.93 0.11669 
10 2000 1 2.1e-05 15 1 0 932.47 0.48902 931.87 0.11588 
10 2000 1 2.1e-05 20 1 0 933.11 0.49361 932.5 0.11653 
10 2000 1 2.1e-05 25 1 0 931.2 0.4912 930.59 0.11651 
10 2000 1 2.1e-05 30 1 0 927.39 0.4896 926.79 0.11632 
10 2000 1 2.1e-05 40 1 0 931.04 0.48922 930.43 0.11702 
10 2000 1 2.1e-05 50 1 0 932.78 0.49082 932.17 0.11647 
10 2000 1 2.1e-05 60 1 0 932.11 0.49142 931.5 0.11636 
10 2000 1 2.1e-05 70 1 0 932.38 0.48858 931.77 0.11607 
10 2000 1 2.1e-05 80 1 0 932.61 0.49306 932 0.117 
10 2000 1 2.1e-05 90 1 0 931.7 0.49229 931.09 0.11745 
10 2000 1 2.1e-05 100 1 0 925.42 0.49183 924.81 0.11602 
10 2000 1 2.1e-05 125 1 0 913.9 0.48988 913.29 0.11657 
10 2000 1 2.1e-05 150 1 0 919.28 0.48988 918.67 0.11597 
10 2000 1 2.1e-05 200 1 0 919.87 0.4909 919.26 0.11691 
10 2000 1 2.1e-05 250 1 0 914.54 0.4867 913.94 0.1153 
10 2000 1 2.1e-05 300 1 0 915.09 0.48652 914.49 0.11648 
10 2000 1 2.1e-05 400 1 0 913.82 0.48428 913.22 0.11709 
10 2000 1 2.1e-05 500 1 0 913.35 0.48442 912.74 0.1191 
10 2000 1 2.1e-05 600 1 0 913.62 0.4852 913.02 0.11584 
10 2000 1 2.1e-05 700 1 0 907.38 0.48339 906.78 0.11556 
10 2000 1 2.1e-05 800 1 0 913.71 0.48385 913.11 0.11712 
10 2000 1 2.1e-05 900 0.996 0.0008 912.23 0.48774 911.63 0.11635 
10 2000 1 2.1e-05 1000 0.918 0.05171 336.71 0.47676 336.13 0.10592 
10 2000 1 2.1e-05 1500 0.466 0.17209 5.9149 0.47224 5.3426 0.099998 
10 2000 1 2.1e-05 2000 0 0 0.57049 0.47036 2.5108e-05 0.10004 
10 3000 1 2.1e-05 10 1 0 898.28 0.68131 897.42 0.17087 
10 3000 1 2.1e-05 12 1 0 954.36 0.75501 953.42 0.18472 
10 3000 1 2.1e-05 15 1 0 903.04 0.72107 902.15 0.17345 
10 3000 1 2.1e-05 20 1 0 900.5 0.71159 899.62 0.17292 
10 3000 1 2.1e-05 25 1 0 900.42 0.7144 899.54 0.17247 
10 3000 1 2.1e-05 30 1 0 900.41 0.71845 899.52 0.17309 
10 3000 1 2.1e-05 40 1 0 900.5 0.71476 899.61 0.17336 
10 3000 1 2.1e-05 50 1 0 900.41 0.71467 899.52 0.17383 
10 3000 1 2.1e-05 60 1 0 900.23 0.71568 899.34 0.17135 
10 3000 1 2.1e-05 70 1 0 903.38 0.71585 902.49 0.17394 
10 3000 1 2.1e-05 80 1 0 897.6 0.71325 896.71 0.17359 
10 3000 1 2.1e-05 90 1 0 902.95 0.71462 902.06 0.17274 
10 3000 1 2.1e-05 100 1 0 903.52 0.71563 902.63 0.1739 
10 3000 1 2.1e-05 125 1 0 903.16 0.71659 902.27 0.17353 
10 3000 1 2.1e-05 150 1 0 902.34 0.71206 901.46 0.17324 
10 3000 1 2.1e-05 200 1 0 902.77 0.71485 901.89 0.17363 
10 3000 1 2.1e-05 250 1 0 902.5 0.71496 901.62 0.17325 
10 3000 1 2.1e-05 300 1 0 902.35 0.71613 901.46 0.1737 
10 3000 1 2.1e-05 400 1 0 897.24 0.71423 896.35 0.174 
10 3000 1 2.1e-05 500 1 0 902.67 0.71529 901.78 0.17423 
10 3000 1 2.1e-05 600 1 0 902.34 0.71558 901.45 0.17347 
10 3000 1 2.1e-05 700 1 0 903.65 0.71444 902.76 0.17242 
10 3000 1 2.1e-05 800 1 0 913.18 0.73168 912.26 0.18698 
10 3000 1 2.1e-05 900 1 0 917.02 0.74466 916.08 0.19578 
10 3000 1 2.1e-05 1000 1 0 917.53 0.74379 916.59 0.19668 
10 3000 1 2.1e-05 1500 0.914 0.058371 322.95 0.73713 322.04 0.17711 
10 3000 1 2.1e-05 2000 0.708 0.14238 12.879 0.70869 12.016 0.15433 
10 3000 1 2.1e-05 2500 0.206 0.11813 3.3584 0.71622 2.4807 0.16143 
10 3000 1 2.1e-05 3000 0 0 0.87745 0.71633 2.3324e-05 0.16105 
10 4000 1 2.1e-05 10 1 0 915.23 0.95429 914.02 0.26004 
10 4000 1 2.1e-05 12 1 0 914.77 0.97731 913.53 0.25936 
10 4000 1 2.1e-05 15 1 0 913.24 0.99079 911.98 0.26005 
10 4000 1 2.1e-05 20 1 0 912.58 0.99399 911.32 0.26272 
10 4000 1 2.1e-05 25 1 0 905.11 0.98597 903.86 0.25631 
10 4000 1 2.1e-05 30 1 0 875.47 0.96444 874.26 0.24416 
10 4000 1 2.1e-05 40 1 0 872.68 0.96165 871.48 0.24337 
10 4000 1 2.1e-05 50 1 0 872.63 0.9659 871.41 0.24586 
10 4000 1 2.1e-05 60 1 0 872.42 0.96081 871.22 0.24337 
10 4000 1 2.1e-05 70 1 0 866.92 0.95983 865.72 0.24362 
10 4000 1 2.1e-05 80 1 0 852.7 0.94591 851.51 0.23861 
10 4000 1 2.1e-05 90 1 0 852.65 0.95188 851.46 0.23614 
10 4000 1 2.1e-05 100 1 0 838.57 0.93726 837.4 0.23076 
10 4000 1 2.1e-05 125 1 0 838 0.93617 836.84 0.23018 
10 4000 1 2.1e-05 150 1 0 838.12 0.93761 836.95 0.23097 
10 4000 1 2.1e-05 200 1 0 832.63 0.9283 831.47 0.22556 
10 4000 1 2.1e-05 250 1 0 830.9 0.9324 829.74 0.22676 
10 4000 1 2.1e-05 300 1 0 866.88 0.95416 865.7 0.22837 
10 4000 1 2.1e-05 400 1 0 918.37 0.99363 917.15 0.22957 
10 4000 1 2.1e-05 500 1 0 918.26 0.99079 917.04 0.22875 
10 4000 1 2.1e-05 600 1 0 919.23 0.99187 918.01 0.22839 
10 4000 1 2.1e-05 700 1 0 919.14 0.99218 917.92 0.22893 
10 4000 1 2.1e-05 800 1 0 918.4 0.99506 917.18 0.22867 
10 4000 1 2.1e-05 900 1 0 912.64 0.99016 911.42 0.22883 
10 4000 1 2.1e-05 1000 1 0 916.47 0.98923 915.25 0.2285 
10 4000 1 2.1e-05 1500 1 0 919.29 0.99135 918.07 0.22858 
10 4000 1 2.1e-05 2000 0.914 0.058371 311.76 0.9735 310.58 0.20394 
10 4000 1 2.1e-05 2500 0.776 0.11615 16.572 0.95606 15.43 0.18627 
10 4000 1 2.1e-05 3000 0.484 0.17321 6.4867 0.95912 5.3404 0.187 
10 4000 1 2.1e-05 4000 0 0 1.1473 0.95971 2.29e-05 0.18739 
10 5000 1 2.1e-05 10 1 0 893.85 1.0906 892.5 0.25955 
10 5000 1 2.1e-05 12 1 0 896.16 1.0917 894.81 0.26028 
10 5000 1 2.1e-05 15 1 0 896.4 1.0865 895.06 0.25902 
10 5000 1 2.1e-05 20 1 0 896.13 1.0858 894.79 0.25949 
10 5000 1 2.1e-05 25 1 0 890.98 1.0896 889.63 0.25795 
10 5000 1 2.1e-05 30 1 0 893.63 1.0852 892.29 0.25881 
10 5000 1 2.1e-05 40 1 0 893.43 1.0876 892.08 0.25881 
10 5000 1 2.1e-05 50 1 0 893.47 1.0843 892.12 0.25951 
10 5000 1 2.1e-05 60 1 0 893.61 1.086 892.26 0.25961 
10 5000 1 2.1e-05 70 1 0 893.82 1.0872 892.47 0.25862 
10 5000 1 2.1e-05 80 1 0 894.3 1.0861 892.95 0.26068 
10 5000 1 2.1e-05 90 1 0 893.86 1.0891 892.51 0.26066 
10 5000 1 2.1e-05 100 1 0 888.54 1.0877 887.19 0.25887 
10 5000 1 2.1e-05 125 1 0 893.81 1.0868 892.46 0.25899 
10 5000 1 2.1e-05 150 1 0 894.06 1.0856 892.71 0.2598 
10 5000 1 2.1e-05 200 1 0 894.06 1.0854 892.72 0.25913 
10 5000 1 2.1e-05 250 1 0 893.93 1.0904 892.58 0.26082 
10 5000 1 2.1e-05 300 1 0 893.77 1.0875 892.42 0.25829 
10 5000 1 2.1e-05 400 1 0 892.79 1.0887 891.44 0.25857 
10 5000 1 2.1e-05 500 1 0 887.02 1.0853 885.68 0.25959 
10 5000 1 2.1e-05 600 1 0 893.73 1.0853 892.38 0.2597 
10 5000 1 2.1e-05 700 1 0 893.7 1.0892 892.35 0.26079 
10 5000 1 2.1e-05 800 1 0 893.95 1.0855 892.6 0.26081 
10 5000 1 2.1e-05 900 1 0 893.82 1.0866 892.48 0.26057 
10 5000 1 2.1e-05 1000 1 0 893.88 1.0913 892.53 0.26061 
10 5000 1 2.1e-05 1500 1 0 893.86 1.0882 892.52 0.25989 
10 5000 1 2.1e-05 2000 1 0 892.99 1.0859 891.65 0.2584 
10 5000 1 2.1e-05 2500 0.922 0.046649 296.06 1.0839 294.73 0.24322 
10 5000 1 2.1e-05 3000 0.822 0.089098 18.403 1.0804 17.088 0.23372 
10 5000 1 2.1e-05 4000 0.304 0.14937 4.4879 1.0813 3.1736 0.23293 
10 5000 1 2.1e-05 5000 0 0 1.3139 1.0813 3.9048e-05 0.23252 
10 7500 1 2.1e-05 10 1 0 888.56 1.6222 886.56 0.38315 
10 7500 1 2.1e-05 12 1 0 888.61 1.6222 886.6 0.38515 
10 7500 1 2.1e-05 15 1 0 888.9 1.6221 886.89 0.38525 
10 7500 1 2.1e-05 20 1 0 889.35 1.623 887.34 0.38616 
10 7500 1 2.1e-05 25 1 0 889.56 1.6225 887.55 0.38641 
10 7500 1 2.1e-05 30 1 0 883.86 1.6218 881.85 0.38584 
10 7500 1 2.1e-05 40 1 0 889.3 1.6239 887.3 0.38227 
10 7500 1 2.1e-05 50 1 0 889.18 1.6231 887.17 0.38463 
10 7500 1 2.1e-05 60 1 0 889.11 1.621 887.1 0.3855 
10 7500 1 2.1e-05 70 1 0 889.44 1.6224 887.44 0.38496 
10 7500 1 2.1e-05 80 1 0 881.76 1.643 879.72 0.39096 
10 7500 1 2.1e-05 90 1 0 905.71 1.7217 903.58 0.40828 
10 7500 1 2.1e-05 100 1 0 911.81 1.7412 909.66 0.41033 
10 7500 1 2.1e-05 125 1 0 912.77 1.6257 910.76 0.38572 
10 7500 1 2.1e-05 150 1 0 1068.9 2.0539 1066.4 0.45755 
10 7500 1 2.1e-05 200 1 0 968.24 1.824 966 0.4175 
10 7500 1 2.1e-05 250 1 0 887.98 1.6181 885.98 0.3848 
10 7500 1 2.1e-05 300 1 0 900.87 1.6408 898.84 0.39 
10 7500 1 2.1e-05 400 1 0 1014.3 1.974 1011.9 0.4404 
10 7500 1 2.1e-05 500 1 0 945.31 1.8655 943.01 0.42677 
10 7500 1 2.1e-05 600 1 0 893.16 1.7345 891.02 0.40317 
10 7500 1 2.1e-05 700 1 0 962.87 1.8971 960.55 0.42303 
10 7500 1 2.1e-05 800 1 0 966.57 1.9018 964.25 0.42243 
10 7500 1 2.1e-05 900 1 0 950.99 1.871 948.7 0.41695 
10 7500 1 2.1e-05 1000 1 0 872.32 1.6693 870.26 0.38869 
10 7500 1 2.1e-05 1500 1 0 941.09 1.8319 938.84 0.42109 
10 7500 1 2.1e-05 2000 1 0 1038.1 2.0436 1035.6 0.45574 
10 7500 1 2.1e-05 2500 1 0 1036 2.0392 1033.5 0.45703 
10 7500 1 2.1e-05 3000 1 0 932.75 1.8247 930.5 0.41774 
10 7500 1 2.1e-05 4000 0.894 0.071596 52.517 1.7134 50.444 0.35969 
10 7500 1 2.1e-05 5000 0.714 0.14 13.754 1.6121 11.793 0.34835 
10 7500 1 2.1e-05 7500 0 0 1.9614 1.611 4.8651e-05 0.35022 
10 10000 1 2.1e-05 10 1 0 893.26 2.1551 890.5 0.60075 
10 10000 1 2.1e-05 12 1 0 897.18 2.1525 894.43 0.59623 
10 10000 1 2.1e-05 15 1 0 891.03 2.1564 888.28 0.59714 
10 10000 1 2.1e-05 20 1 0 896.62 2.158 893.87 0.58547 
10 10000 1 2.1e-05 25 1 0 897.23 2.1561 894.49 0.59078 
10 10000 1 2.1e-05 30 1 0 897.18 2.1542 894.43 0.59081 
10 10000 1 2.1e-05 40 1 0 897.07 2.158 894.32 0.59198 
10 10000 1 2.1e-05 50 1 0 896.97 2.1561 894.22 0.58974 
10 10000 1 2.1e-05 60 1 0 896.89 2.1544 894.14 0.58928 
10 10000 1 2.1e-05 70 1 0 896.86 2.157 894.11 0.59302 
10 10000 1 2.1e-05 80 1 0 897.05 2.1547 894.31 0.59128 
10 10000 1 2.1e-05 90 1 0 891.81 2.1579 889.07 0.58346 
10 10000 1 2.1e-05 100 1 0 896.99 2.1535 894.24 0.59087 
10 10000 1 2.1e-05 125 1 0 897.28 2.1536 894.54 0.58803 
10 10000 1 2.1e-05 150 1 0 896.9 2.1555 894.15 0.58722 
10 10000 1 2.1e-05 200 1 0 897.05 2.1568 894.3 0.59082 
10 10000 1 2.1e-05 250 1 0 896.91 2.1578 894.16 0.58676 
10 10000 1 2.1e-05 300 1 0 897.08 2.1542 894.34 0.58889 
10 10000 1 2.1e-05 400 1 0 896.9 2.1538 894.16 0.58526 
10 10000 1 2.1e-05 500 1 0 896.96 2.1568 894.22 0.58588 
10 10000 1 2.1e-05 600 1 0 892.19 2.1595 889.45 0.5807 
10 10000 1 2.1e-05 700 1 0 897.06 2.1572 894.31 0.58663 
10 10000 1 2.1e-05 800 1 0 897.02 2.1569 894.27 0.58694 
10 10000 1 2.1e-05 900 1 0 896.93 2.1565 894.19 0.58454 
10 10000 1 2.1e-05 1000 1 0 897.04 2.158 894.3 0.58728 
10 10000 1 2.1e-05 1500 1 0 896.84 2.1542 894.1 0.58564 
10 10000 1 2.1e-05 2000 1 0 896.7 2.159 893.96 0.58347 
10 10000 1 2.1e-05 2500 1 0 896.56 2.1571 893.82 0.58251 
10 10000 1 2.1e-05 3000 1 0 864.85 2.162 862.14 0.55098 
10 10000 1 2.1e-05 4000 1 0 841.96 2.1589 839.29 0.50503 
10 10000 1 2.1e-05 5000 0.914 0.058371 254.73 2.1463 252.1 0.47529 
10 10000 1 2.1e-05 7500 0.476 0.18064 7.4504 2.1483 4.8352 0.46666 
10 10000 1 2.1e-05 10000 0 0 2.6222 2.156 4.7937e-05 0.46607 
10 15000 1 2.1e-05 10 1 0 888.01 3.2096 883.59 1.2027 
10 15000 1 2.1e-05 12 1 0 888.28 3.2117 883.9 1.1739 
10 15000 1 2.1e-05 15 1 0 882.15 3.2247 877.74 1.1846 
10 15000 1 2.1e-05 20 1 0 888 3.2124 883.59 1.1891 
10 15000 1 2.1e-05 25 1 0 887.46 3.21 883.06 1.1892 
