10 5 3 1 2 0.638 0.084445 116.26 5.8611 110.4 0.00041496 
10 5 3 1 3 0.368 0.088751 24.177 5.859 18.317 0.00029942 
10 5 3 1 4 0.154 0.04131 8.9358 5.8635 3.072 0.00028795 
10 5 3 1 5 0.03 0.011122 6.3215 5.8595 0.46166 0.00028132 
10 5 4 1 2 0.424 0.12349 40.244 7.6754 32.569 0.00028944 
10 5 4 1 3 0.192 0.068506 11.92 7.6688 4.2511 0.00023521 
10 5 4 1 4 0.058 0.017996 8.6422 7.6716 0.97024 0.00023385 
10 5 4 1 5 0.004 0.00039184 7.8722 7.6938 0.17812 0.0002337 
10 5 5 1 2 0.29 0.098469 19.736 9.5619 10.174 0.00025843 
10 5 5 1 3 0.138 0.046486 11.331 9.5658 1.7649 0.00023623 
10 5 5 1 4 0.058 0.020037 10.024 9.5671 0.45683 0.00022015 
10 5 5 1 5 0.01 0.002551 9.6026 9.5464 0.055959 0.00020987 
10 5 6 1 2 0.23 0.046224 15.58 11.348 4.2311 0.00024167 
10 5 6 1 3 0.046 0.0058 11.797 11.337 0.45909 0.00023033 
10 5 6 1 4 0.01 0.0013265 11.406 11.342 0.06365 0.00022446 
10 5 6 1 5 0.002 0.0002 11.371 11.356 0.015054 0.00023334 
10 5 7 1 2 0.104 0.024882 14.595 13.172 1.4232 0.00024297 
10 5 7 1 3 0.024 0.0047184 13.319 13.158 0.16005 0.0002424 
10 5 7 1 4 0.004 0.0008 13.226 13.191 0.034042 0.00023934 
10 5 7 1 5 0 0 13.159 13.159 5.1783e-05 0.00026494 
10 10 3 1 2 0.814 0.050208 323.83 11.934 311.89 0.00073864 
10 10 3 1 3 0.64 0.089796 117.13 11.37 105.76 0.00049054 
10 10 3 1 4 0.478 0.12665 40.184 11.349 28.834 0.0003906 
10 10 3 1 5 0.328 0.11104 19.587 11.351 8.2355 0.0004074 
10 10 3 1 8 0.042 0.014731 11.792 11.368 0.42397 0.00036052 
10 10 3 1 10 0.006 0.00098367 11.367 11.329 0.037568 0.00035859 
10 10 4 1 2 0.692 0.090139 126.6 15.03 111.57 0.00044918 
10 10 4 1 3 0.526 0.10972 38.839 15.003 23.836 0.00036286 
10 10 4 1 4 0.33 0.094388 20.774 15.017 5.7565 0.00031265 
10 10 4 1 5 0.214 0.071433 17.566 15.026 2.5397 0.00032455 
10 10 4 1 8 0.028 0.017976 15.291 14.988 0.3028 0.00030839 
10 10 4 1 10 0 0 15.001 15 5.213e-05 0.00030667 
10 10 5 1 2 0.524 0.10635 55.376 19.507 35.869 0.0003487 
10 10 5 1 3 0.34 0.10735 25.354 18.662 6.6921 0.00028532 
10 10 5 1 4 0.212 0.081078 21.235 18.666 2.5686 0.00027681 
10 10 5 1 5 0.112 0.045159 19.801 18.671 1.1302 0.00028487 
10 10 5 1 8 0.016 0.0099429 18.84 18.688 0.15136 0.00028879 
10 10 5 1 10 0 0 18.716 18.716 5.0438e-05 0.00029806 
10 10 6 1 2 0.372 0.092261 35.759 23.144 12.614 0.00034008 
10 10 6 1 3 0.22 0.068163 25.148 22.243 2.9049 0.00032898 
10 10 6 1 4 0.102 0.026731 23.334 22.198 1.136 0.00031657 
10 10 6 1 5 0.046 0.0078408 23.669 23.174 0.49479 0.00034471 
10 10 6 1 8 0.002 0.0002 23.139 23.094 0.044479 0.00034652 
10 10 6 1 10 0 0 23.399 23.398 4.628e-05 0.00037747 
10 10 7 1 2 0.318 0.082731 31.441 26.027 5.414 0.00034389 
10 10 7 1 3 0.16 0.046122 27.478 26.033 1.4439 0.00036806 
10 10 7 1 4 0.064 0.019494 26.542 26.063 0.47869 0.00035669 
10 10 7 1 5 0.03 0.007449 26.486 26.272 0.21446 0.00038197 
10 10 7 1 8 0 0 26.269 26.269 2.4539e-05 0.00039037 
10 10 7 1 10 0 0 26.288 26.287 2.3845e-05 0.00038324 
10 25 3 1 2 0.97 0.0041837 761.24 32.167 729.07 0.0016078 
10 25 3 1 3 0.93 0.024184 560.87 31.121 529.75 0.0013614 
10 25 3 1 4 0.896 0.032637 355.65 29.721 325.93 0.0011316 
10 25 3 1 5 0.84 0.053061 199.49 28.684 170.8 0.0009631 
10 25 3 1 8 0.65 0.12459 46.231 28.012 18.218 0.00077634 
10 25 3 1 10 0.512 0.14067 35.101 27.637 7.4638 0.00071715 
10 25 3 1 12 0.382 0.13783 32.625 28.015 4.6083 0.00076296 
10 25 3 1 15 0.194 0.084657 30.078 28.023 2.0543 0.00075418 
10 25 3 1 20 0.022 0.0062408 28.581 28.41 0.17022 0.00076279 
10 25 3 1 25 0 0 28.456 28.455 2.2147e-05 0.00077089 
10 50 4 1 2 0.362 0.087302 127.34 42.205 85.135 0.0010488 
10 50 4 1 3 0.168 0.042629 104.08 41.366 62.715 0.0011901 
10 50 4 1 4 0.07 0.0082653 105.9 41.399 64.495 0.0012116 
10 50 4 1 5 0.042 0.0041184 106.72 41.323 65.394 0.0012597 
10 50 4 1 8 0.042 0.0041184 106.68 41.316 65.367 0.0012585 
10 50 4 1 10 0.042 0.0041184 106.78 41.33 65.452 0.0012562 
10 50 4 1 12 0.042 0.0041184 106.78 41.315 65.459 0.0012788 
10 50 4 1 15 0.042 0.0041184 106.8 41.348 65.448 0.0012744 
10 50 4 1 20 0.042 0.0041184 106.8 41.372 65.425 0.0012936 
10 50 4 1 25 0.042 0.0041184 106.72 41.322 65.401 0.0012916 
10 50 4 1 30 0.042 0.0041184 106.78 41.327 65.449 0.0012748 
10 50 4 1 40 0.042 0.0041184 106.75 41.342 65.41 0.0012933 
10 50 4 1 50 0 0 41.336 41.335 3.7836e-05 0.0010723 
10 50 5 1 2 0.646 0.11804 151.88 61.384 90.494 0.0010525 
10 50 5 1 3 0.476 0.11002 103.17 59.532 43.637 0.00091497 
10 50 5 1 4 0.348 0.10867 95.865 59.574 36.29 0.0010695 
10 50 5 1 5 0.24 0.087347 93.815 59.622 34.191 0.0011222 
10 50 5 1 8 0.084 0.031576 91.647 59.618 32.027 0.0011483 
10 50 5 1 10 0.044 0.012718 91.378 59.618 31.759 0.0011391 
10 50 5 1 12 0.022 0.001751 91.105 59.585 31.518 0.0011768 
10 50 5 1 15 0.018 0.0015061 91.138 59.592 31.545 0.0011428 
10 50 5 1 20 0.018 0.0015061 91.061 59.603 31.456 0.0011541 
10 50 5 1 25 0.018 0.0015061 91.219 59.577 31.641 0.0011588 
10 50 5 1 30 0.018 0.0015061 91.068 59.587 31.48 0.0011594 
10 50 5 1 40 0.006 0.00057551 59.743 59.599 0.14292 0.0010528 
10 50 5 1 50 0 0 59.613 59.612 2.3897e-05 0.0010518 
10 75 3 1 2 0.898 0.028363 561.41 50.327 511.08 0.002716 
10 75 3 1 3 0.802 0.055302 359.89 50.431 309.46 0.0023762 
10 75 3 1 4 0.708 0.093812 248.37 50.297 198.07 0.0021367 
10 75 3 1 5 0.602 0.11653 202.82 50.321 152.5 0.0020887 
10 75 3 1 8 0.334 0.068412 180.32 50.298 130.02 0.0025023 
10 75 3 1 10 0.196 0.024473 178.7 50.356 128.34 0.002577 
10 75 3 1 12 0.136 0.0088816 178.15 50.298 127.85 0.0026065 
10 75 3 1 15 0.12 0.0077551 177.93 50.301 127.62 0.0026334 
10 75 3 1 20 0.12 0.0077551 177.74 50.312 127.42 0.0025572 
10 75 3 1 25 0.12 0.0077551 177.79 50.441 127.34 0.0026424 
10 75 3 1 30 0.12 0.0077551 178.2 50.451 127.75 0.0026665 
10 75 3 1 40 0.12 0.0077551 177.87 50.368 127.5 0.0026194 
10 75 3 1 50 0.12 0.0077551 177.56 50.296 127.26 0.0026108 
10 75 3 1 60 0.12 0.0077551 177.73 50.341 127.38 0.0025924 
10 75 3 1 70 0.014 0.0012286 50.421 50.278 0.141 0.0020047 
10 75 5 1 2 0.026 0.0019633 106.23 72.766 33.464 0.00148 
10 75 5 1 3 0.018 0.0015061 105.46 72.815 32.645 0.0017007 
10 75 5 1 4 0.018 0.0015061 103.17 73.069 30.094 0.0017367 
10 75 5 1 5 0.018 0.0015061 105.09 72.856 32.227 0.0017915 
10 75 5 1 8 0.018 0.0015061 105.42 72.835 32.58 0.0017196 
10 75 5 1 10 0.018 0.0015061 105.27 72.781 32.486 0.0016818 
10 75 5 1 12 0.018 0.0015061 105.56 72.827 32.73 0.0017308 
10 75 5 1 15 0.018 0.0015061 105.36 72.757 32.605 0.002113 
10 75 5 1 20 0.018 0.0015061 105.43 72.849 32.578 0.001682 
10 75 5 1 25 0.018 0.0015061 105.5 72.854 32.647 0.0016858 
10 75 5 1 30 0.018 0.0015061 105.53 72.765 32.758 0.0017786 
10 75 5 1 40 0.018 0.0015061 105.49 72.866 32.623 0.0017122 
10 75 5 1 50 0.018 0.0015061 105.42 72.817 32.604 0.0016692 
10 75 5 1 60 0.018 0.0015061 105.52 72.845 32.672 0.0017076 
10 75 5 1 70 0.018 0.0015061 105.56 72.875 32.681 0.001763 
10 75 6 1 2 0.534 0.1129 135.83 102.61 33.218 0.0014608 
10 75 6 1 3 0.354 0.10417 117.72 100.36 17.352 0.001563 
10 75 6 1 4 0.218 0.070078 115.06 100.41 14.656 0.0017265 
10 75 6 1 5 0.13 0.037245 113.98 100.39 13.583 0.0017715 
10 75 6 1 8 0.024 0.0022694 113.05 100.37 12.67 0.001856 
10 75 6 1 10 0.016 0.0013714 113.04 100.43 12.617 0.0017933 
10 75 6 1 12 0.012 0.0010776 113.01 100.39 12.616 0.0017904 
10 75 6 1 15 0.012 0.0010776 112.97 100.36 12.605 0.0018533 
10 75 6 1 20 0.012 0.0010776 113.01 100.44 12.566 0.0017679 
10 75 6 1 25 0.012 0.0010776 112.97 100.41 12.559 0.0018459 
10 75 6 1 30 0.012 0.0010776 113 100.42 12.582 0.0017884 
10 75 6 1 40 0.012 0.0010776 112.95 100.37 12.584 0.0018479 
10 75 6 1 50 0.012 0.0010776 113 100.42 12.576 0.0017857 
10 75 6 1 60 0.012 0.0010776 112.97 100.38 12.585 0.0018591 
10 75 6 1 70 0 0 100.38 100.38 4.8791e-05 0.0017717 
10 100 4 1 2 0.65 0.093163 216.3 81.918 134.38 0.0021345 
10 100 4 1 3 0.436 0.10194 159.69 81.957 77.726 0.002085 
10 100 4 1 4 0.276 0.075739 150.26 81.966 68.296 0.0023672 
10 100 4 1 5 0.154 0.032739 148.14 81.968 66.174 0.0025043 
10 100 4 1 8 0.042 0.0041184 147.06 81.964 65.099 0.0025675 
10 100 4 1 10 0.042 0.0041184 147.07 82.008 65.062 0.0026415 
10 100 4 1 12 0.042 0.0041184 146.94 81.919 65.014 0.0025803 
10 100 4 1 15 0.042 0.0041184 146.94 81.93 65.008 0.0025898 
10 100 4 1 20 0.042 0.0041184 147.1 81.954 65.14 0.0025515 
10 100 4 1 25 0.042 0.0041184 146.88 81.945 64.933 0.0026151 
10 100 4 1 30 0.042 0.0041184 146.99 82.032 64.951 0.0025981 
10 100 4 1 40 0.042 0.0041184 147.06 81.955 65.102 0.0025745 
10 100 4 1 50 0.042 0.0041184 146.89 81.915 64.975 0.0025442 
10 100 4 1 60 0.042 0.0041184 146.84 81.913 64.922 0.0026231 
10 100 4 1 70 0.042 0.0041184 146.91 81.888 65.021 0.0025936 
10 100 4 1 80 0.042 0.0041184 146.98 81.948 65.033 0.0025866 
10 100 4 1 90 0.042 0.0041184 147.05 81.936 65.109 0.0025468 
10 100 4 1 100 0 0 81.938 81.936 5.0977e-05 0.0022916 
10 100 6 1 2 0.258 0.071465 147.87 123.72 24.149 0.0019508 
10 100 6 1 3 0.12 0.037551 140.65 122.79 17.86 0.0023199 
10 100 6 1 4 0.058 0.013914 139.61 122.78 16.832 0.0024374 
10 100 6 1 5 0.03 0.0045918 139.33 122.79 16.53 0.0023721 
10 100 6 1 8 0.012 0.0010776 139.25 122.85 16.394 0.0024289 
10 100 6 1 10 0.012 0.0010776 139.22 122.78 16.431 0.0023772 
10 100 6 1 12 0.012 0.0010776 139.06 122.75 16.299 0.0024307 
10 100 6 1 15 0.012 0.0010776 139.21 122.79 16.419 0.0023685 
10 100 6 1 20 0.012 0.0010776 139.25 122.82 16.423 0.0024355 
10 100 6 1 25 0.012 0.0010776 139.17 122.84 16.33 0.0024722 
10 100 6 1 30 0.012 0.0010776 139.23 122.87 16.355 0.0023573 
10 100 6 1 40 0.012 0.0010776 139.25 122.87 16.376 0.0024401 
10 100 6 1 50 0.012 0.0010776 139.26 122.89 16.366 0.0023789 
10 100 6 1 60 0.012 0.0010776 139.3 122.88 16.419 0.0024474 
10 100 6 1 70 0.012 0.0010776 139.16 122.82 16.339 0.0023552 
10 100 6 1 80 0.012 0.0010776 139.18 122.77 16.411 0.0024646 
10 100 6 1 90 0.012 0.0010776 139.29 122.87 16.42 0.0024527 
10 100 6 1 100 0 0 122.8 122.79 2.5386e-05 0.0026797 
10 125 3 1 2 0.24 0.033061 214.62 74.962 139.66 0.0032467 
10 125 3 1 3 0.12 0.0077551 202.32 73.073 129.24 0.0037819 
10 125 3 1 4 0.12 0.0077551 202.4 73.122 129.28 0.0038116 
10 125 3 1 5 0.12 0.0077551 201.93 73.022 128.9 0.0038629 
10 125 3 1 8 0.12 0.0077551 201.6 73.073 128.53 0.0038609 
10 125 3 1 10 0.12 0.0077551 201.71 73.055 128.65 0.0038425 
10 125 3 1 12 0.12 0.0077551 202.13 73.098 129.03 0.0038514 
10 125 3 1 15 0.12 0.0077551 202.35 73.108 129.24 0.0038502 
10 125 3 1 20 0.12 0.0077551 202.18 73.087 129.09 0.0038841 
10 125 3 1 25 0.12 0.0077551 202.2 73.035 129.16 0.0038035 
10 125 3 1 30 0.12 0.0077551 201.81 73.028 128.78 0.0038815 
10 125 3 1 40 0.12 0.0077551 201.83 73.052 128.77 0.0038104 
10 125 3 1 50 0.12 0.0077551 201.79 73.055 128.73 0.0038115 
10 125 3 1 60 0.12 0.0077551 202.1 73.047 129.05 0.0038197 
10 125 3 1 70 0.12 0.0077551 202.29 73.08 129.21 0.0038057 
10 125 3 1 80 0.12 0.0077551 202.33 73.092 129.24 0.0038759 
10 125 3 1 90 0.12 0.0077551 201.9 73.044 128.85 0.0038259 
10 125 3 1 100 0.12 0.0077551 201.78 73.035 128.74 0.0038301 
10 125 5 1 2 0.684 0.10341 231.02 131.76 99.266 0.0024452 
10 125 5 1 3 0.512 0.12312 179.49 131.77 47.719 0.0024343 
10 125 5 1 4 0.376 0.11166 170.16 131.88 38.279 0.0026651 
10 125 5 1 5 0.264 0.10439 167.71 131.79 35.912 0.0028202 
10 125 5 1 8 0.078 0.028282 165.37 131.83 33.538 0.0028261 
10 125 5 1 10 0.04 0.0085714 164.94 131.78 33.158 0.002888 
10 125 5 1 12 0.022 0.001751 164.87 131.83 33.037 0.0029248 
10 125 5 1 15 0.018 0.0015061 164.69 131.76 32.927 0.0029171 
10 125 5 1 20 0.018 0.0015061 164.7 131.73 32.968 0.0029351 
10 125 5 1 25 0.018 0.0015061 164.64 131.73 32.906 0.0029193 
10 125 5 1 30 0.018 0.0015061 164.79 131.77 33.011 0.0030182 
10 125 5 1 40 0.018 0.0015061 164.58 131.72 32.865 0.0028843 
10 125 5 1 50 0.018 0.0015061 164.76 131.77 32.983 0.0029312 
10 125 5 1 60 0.018 0.0015061 164.79 131.77 33.018 0.0029186 
10 125 5 1 70 0.018 0.0015061 164.74 131.73 33.007 0.0029379 
10 125 5 1 80 0.018 0.0015061 164.87 131.87 32.998 0.0029935 
10 125 5 1 90 0.018 0.0015061 164.54 131.74 32.796 0.0028942 
10 125 5 1 100 0.018 0.0015061 164.62 131.8 32.815 0.0029133 
10 125 6 1 2 0.042 0.0061592 161.9 145.26 16.645 0.0028316 
10 125 6 1 3 0.012 0.0010776 161.34 145.26 16.078 0.0032087 
10 125 6 1 4 0.012 0.0010776 161.42 145.29 16.135 0.0031201 
10 125 6 1 5 0.012 0.0010776 161.48 145.34 16.14 0.0032049 
10 125 6 1 8 0.012 0.0010776 161.42 145.3 16.113 0.0030809 
10 125 6 1 10 0.012 0.0010776 161.53 145.38 16.152 0.0032755 
10 125 6 1 12 0.012 0.0010776 161.34 145.28 16.058 0.0030751 
10 125 6 1 15 0.012 0.0010776 161.37 145.26 16.104 0.0032475 
10 125 6 1 20 0.012 0.0010776 161.32 145.25 16.073 0.0030986 
10 125 6 1 25 0.012 0.0010776 161.41 145.28 16.129 0.0032622 
10 125 6 1 30 0.012 0.0010776 161.45 145.31 16.133 0.0031071 
10 125 6 1 40 0.012 0.0010776 161.4 145.29 16.105 0.0032487 
10 125 6 1 50 0.012 0.0010776 161.48 145.37 16.106 0.0031075 
10 125 6 1 60 0.012 0.0010776 161.36 145.25 16.111 0.003278 
10 125 6 1 70 0.012 0.0010776 161.18 145.28 15.896 0.0030946 
10 125 6 1 80 0.012 0.0010776 160.89 145.51 15.385 0.0032907 
10 125 6 1 90 0.012 0.0010776 161.33 145.2 16.127 0.003125 
10 125 6 1 100 0.012 0.0010776 161.43 145.29 16.128 0.0032556 
10 150 3 1 2 0.99 0.0021429 853.5 100.14 753.36 0.0055354 
10 150 3 1 3 0.95 0.013163 707.36 100.16 607.19 0.0047357 
10 150 3 1 4 0.918 0.030486 539.62 100.4 439.22 0.0043374 
10 150 3 1 5 0.88 0.046531 395.89 100.41 295.48 0.0039821 
10 150 3 1 8 0.724 0.10839 248.49 100.22 148.26 0.0038318 
10 150 3 1 10 0.628 0.12573 236.35 100.19 136.16 0.0043099 
10 150 3 1 12 0.524 0.13492 233.47 100.17 133.3 0.004472 
10 150 3 1 15 0.344 0.097208 230.77 100.21 130.55 0.0045244 
10 150 3 1 20 0.2 0.040408 228.91 100.18 128.73 0.0045905 
10 150 3 1 25 0.122 0.0074653 228.25 100.22 128.03 0.0046276 
10 150 3 1 30 0.12 0.0077551 228.46 100.17 128.28 0.0047451 
10 150 3 1 40 0.12 0.0077551 228.34 100.22 128.11 0.0045969 
10 150 3 1 50 0.12 0.0077551 228.46 100.26 128.19 0.004558 
10 150 3 1 60 0.12 0.0077551 228.32 100.16 128.16 0.0048449 
10 150 3 1 70 0.12 0.0077551 228.39 100.22 128.16 0.0046128 
10 150 3 1 80 0.12 0.0077551 228.32 100.21 128.11 0.0045947 
10 150 3 1 90 0.12 0.0077551 228.43 100.3 128.12 0.0047524 
10 150 3 1 100 0.12 0.0077551 228.48 100.22 128.26 0.0046142 
10 150 4 1 2 0.732 0.089976 313.23 123.67 189.56 0.0033179 
10 150 4 1 3 0.6 0.12327 212.34 122.78 89.558 0.0030684 
10 150 4 1 4 0.46 0.13061 188.76 122.71 66.051 0.0032484 
10 150 4 1 5 0.322 0.10828 183.74 122.82 60.914 0.0036554 
10 150 4 1 8 0.126 0.051759 180.13 122.71 57.414 0.0037101 
10 150 4 1 10 0.058 0.0077918 179.74 122.76 56.974 0.0037728 
10 150 4 1 12 0.044 0.0041469 179.67 122.79 56.88 0.003721 
10 150 4 1 15 0.042 0.0041184 179.33 122.72 56.599 0.004103 
10 150 4 1 20 0.042 0.0041184 179.45 122.8 56.646 0.0037882 
10 150 4 1 25 0.042 0.0041184 179.62 122.81 56.81 0.0037054 
10 150 4 1 30 0.042 0.0041184 179.7 122.85 56.844 0.0037749 
10 150 4 1 40 0.042 0.0041184 179.58 122.81 56.766 0.0037932 
10 150 4 1 50 0.042 0.0041184 179.47 122.85 56.615 0.003723 
10 150 4 1 60 0.042 0.0041184 179.41 122.79 56.616 0.0037807 
10 150 4 1 70 0.042 0.0041184 179.54 122.74 56.799 0.0040104 
10 150 4 1 80 0.042 0.0041184 179.75 122.89 56.862 0.0036923 
10 150 4 1 90 0.042 0.0041184 179.69 122.92 56.769 0.0037523 
10 150 4 1 100 0.042 0.0041184 179.62 122.89 56.73 0.0038287 
10 150 5 1 2 0.086 0.020004 181.27 145.06 36.207 0.0031939 
10 150 5 1 3 0.024 0.0026776 178.17 145.05 33.114 0.003837 
10 150 5 1 4 0.018 0.0015061 178.25 145.17 33.076 0.0038357 
10 150 5 1 5 0.018 0.0015061 178.12 145.18 32.937 0.0037246 
10 150 5 1 8 0.018 0.0015061 178.06 145.15 32.902 0.0038273 
10 150 5 1 10 0.018 0.0015061 178.24 145.17 33.066 0.0038776 
10 150 5 1 12 0.018 0.0015061 178.27 145.2 33.065 0.0037897 
10 150 5 1 15 0.018 0.0015061 178.27 145.18 33.088 0.0038439 
10 150 5 1 20 0.018 0.0015061 178.35 145.24 33.101 0.0038309 
10 150 5 1 25 0.018 0.0015061 178.07 145.11 32.952 0.0037548 
10 150 5 1 30 0.018 0.0015061 177.84 145.03 32.806 0.0037895 
10 150 5 1 40 0.018 0.0015061 178.15 145.06 33.088 0.0038482 
10 150 5 1 50 0.018 0.0015061 178.21 145.12 33.092 0.0038258 
10 150 5 1 60 0.018 0.0015061 178.13 145.12 33.009 0.0037426 
10 150 5 1 70 0.018 0.0015061 177.97 145.14 32.835 0.0038504 
10 150 5 1 80 0.018 0.0015061 178.15 145.15 33 0.0038239 
10 150 5 1 90 0.018 0.0015061 178.28 145.19 33.081 0.0038533 
10 150 5 1 100 0.018 0.0015061 178.15 145.12 33.023 0.0037372 
10 200 3 1 2 0.954 0.010698 700.16 125.51 574.64 0.010189 
10 200 3 1 3 0.858 0.047384 491.41 124.16 367.24 0.0091113 
10 200 3 1 4 0.774 0.080331 349.5 124.4 225.09 0.0079315 
10 200 3 1 5 0.68 0.094694 290.98 124.34 166.63 0.0079031 
10 200 3 1 8 0.402 0.11204 259.07 124.35 134.71 0.0097503 
10 200 3 1 10 0.272 0.066139 256.71 124.28 132.42 0.010157 
10 200 3 1 12 0.184 0.022188 255.31 124.23 131.07 0.010993 
10 200 3 1 15 0.12 0.0077551 254.84 124.25 130.59 0.010199 
10 200 3 1 20 0.12 0.0077551 255.3 124.29 131 0.010532 
10 200 3 1 25 0.12 0.0077551 254.59 124.31 130.27 0.010579 
10 200 3 1 30 0.12 0.0077551 255.16 124.3 130.85 0.010416 
10 200 3 1 40 0.12 0.0077551 255.39 124.3 131.08 0.010617 
10 200 3 1 50 0.12 0.0077551 254.9 124.31 130.58 0.010565 
10 200 3 1 60 0.12 0.0077551 254.95 124.27 130.67 0.010557 
10 200 3 1 70 0.12 0.0077551 255.34 124.33 130.99 0.010484 
10 200 3 1 80 0.12 0.0077551 254.79 124.28 130.5 0.0095292 
10 200 3 1 90 0.12 0.0077551 255.28 124.31 130.97 0.0073924 
10 200 3 1 100 0.12 0.0077551 255.21 124.33 130.88 0.0074525 
10 200 4 1 2 0.808 0.064016 424.34 164.12 260.21 0.0045842 
10 200 4 1 3 0.702 0.10142 281.7 163.62 118.08 0.0040375 
10 200 4 1 4 0.602 0.13204 235.72 163.58 72.139 0.0041985 
10 200 4 1 5 0.476 0.13819 224.53 163.57 60.951 0.0047399 
10 200 4 1 8 0.234 0.074535 218.86 163.53 55.328 0.0049569 
10 200 4 1 10 0.122 0.036037 217.89 163.53 54.357 0.0049841 
10 200 4 1 12 0.058 0.0065673 217.37 163.58 53.786 0.0050753 
10 200 4 1 15 0.042 0.0041184 217.35 163.64 53.708 0.0050879 
10 200 4 1 20 0.042 0.0041184 217.35 163.65 53.701 0.005092 
10 200 4 1 25 0.042 0.0041184 217.17 163.49 53.675 0.0050284 
10 200 4 1 30 0.042 0.0041184 217.07 163.54 53.52 0.0050604 
10 200 4 1 40 0.042 0.0041184 217.13 163.57 53.553 0.0051075 
10 200 4 1 50 0.042 0.0041184 217.1 163.57 53.523 0.0051204 
10 200 4 1 60 0.042 0.0041184 217.1 163.54 53.551 0.0050954 
10 200 4 1 70 0.042 0.0041184 217.06 163.54 53.518 0.005051 
10 200 4 1 80 0.042 0.0041184 216.96 163.48 53.483 0.0050873 
10 200 4 1 90 0.042 0.0041184 217.04 163.54 53.5 0.0050865 
10 200 4 1 100 0.042 0.0041184 217.12 163.6 53.521 0.0050649 
10 200 5 1 2 0.726 0.092576 294.06 204.29 89.765 0.0041568 
10 200 5 1 3 0.582 0.13293 242.84 204.3 38.536 0.0038804 
10 200 5 1 4 0.464 0.13786 233.51 204.32 29.183 0.0043126 
10 200 5 1 5 0.352 0.11683 231.39 204.38 27.004 0.0044228 
10 200 5 1 8 0.112 0.034547 228.9 204.49 24.409 0.004534 
10 200 5 1 10 0.032 0.0046694 228.18 204.44 23.73 0.0046503 
10 200 5 1 12 0.022 0.001751 228.11 204.47 23.635 0.0046392 
10 200 5 1 15 0.018 0.0015061 228.18 204.49 23.685 0.0046581 
10 200 5 1 20 0.018 0.0015061 228.05 204.42 23.621 0.0045833 
10 200 5 1 25 0.018 0.0015061 228.09 204.45 23.637 0.004675 
10 200 5 1 30 0.018 0.0015061 228.37 204.81 23.559 0.0046955 
10 200 5 1 40 0.018 0.0015061 228.05 204.45 23.602 0.0046461 
10 200 5 1 50 0.018 0.0015061 227.98 204.3 23.677 0.0046567 
10 200 5 1 60 0.018 0.0015061 228.02 204.39 23.63 0.0046285 
10 200 5 1 70 0.018 0.0015061 228.12 204.5 23.612 0.0046591 
10 200 5 1 80 0.018 0.0015061 228.07 204.42 23.641 0.0049557 
10 200 5 1 90 0.018 0.0015061 228.04 204.42 23.615 0.004648 
10 200 5 1 100 0.018 0.0015061 227.99 204.38 23.609 0.0045804 
10 200 6 1 2 0.534 0.11576 282.49 246.3 36.182 0.0041003 
10 200 6 1 3 0.37 0.10418 264.34 245.29 19.047 0.0049885 
10 200 6 1 4 0.264 0.10643 261.54 245.33 16.211 0.0050809 
10 200 6 1 5 0.174 0.063596 260.55 245.34 15.211 0.0050534 
10 200 6 1 8 0.044 0.0090449 259.33 245.36 13.966 0.0051982 
10 200 6 1 10 0.024 0.0026776 259.03 245.22 13.805 0.005227 
10 200 6 1 12 0.016 0.0013714 258.95 245.21 13.732 0.005224 
10 200 6 1 15 0.012 0.0010776 258.94 245.21 13.722 0.0052141 
10 200 6 1 20 0.012 0.0010776 258.94 245.22 13.722 0.0051977 
10 200 6 1 25 0.012 0.0010776 258.9 245.16 13.73 0.0051702 
10 200 6 1 30 0.012 0.0010776 259.03 245.27 13.747 0.0052008 
10 200 6 1 40 0.012 0.0010776 258.94 245.19 13.739 0.0053169 
10 200 6 1 50 0.012 0.0010776 259.01 245.28 13.725 0.0051902 
10 200 6 1 60 0.012 0.0010776 258.94 245.22 13.717 0.0052398 
10 200 6 1 70 0.012 0.0010776 259.04 245.3 13.733 0.005187 
10 200 6 1 80 0.012 0.0010776 258.84 245.16 13.669 0.0052107 
10 200 6 1 90 0.012 0.0010776 258.84 245.18 13.656 0.0055179 
10 200 6 1 100 0.012 0.0010776 258.86 245.22 13.643 0.0053495 
10 250 3 1 2 0.508 0.081159 321.08 149.1 171.97 0.0065249 
10 250 3 1 3 0.268 0.054465 264.72 147.08 117.64 0.0075234 
10 250 3 1 4 0.146 0.012739 258.21 147.14 111.07 0.0074972 
10 250 3 1 5 0.12 0.0077551 257.75 147.06 110.68 0.0079568 
10 250 3 1 8 0.12 0.0077551 257.77 147.15 110.61 0.0076257 
10 250 3 1 10 0.12 0.0077551 257.75 147.15 110.59 0.0076414 
10 250 3 1 12 0.12 0.0077551 257.87 147 110.86 0.0076113 
10 250 3 1 15 0.12 0.0077551 257.88 147.06 110.82 0.0076502 
10 250 3 1 20 0.12 0.0077551 257.77 147.1 110.66 0.0076765 
10 250 3 1 25 0.12 0.0077551 257.87 147.07 110.79 0.0076265 
10 250 3 1 30 0.12 0.0077551 257.73 147.05 110.67 0.007655 
10 250 3 1 40 0.12 0.0077551 257.75 147.17 110.58 0.0076316 
10 250 3 1 50 0.12 0.0077551 257.7 147.1 110.59 0.0076735 
10 250 3 1 60 0.12 0.0077551 257.77 147.11 110.66 0.0076208 
10 250 3 1 70 0.12 0.0077551 257.86 147.16 110.69 0.0077131 
10 250 3 1 80 0.12 0.0077551 258.01 147.07 110.93 0.0075946 
10 250 3 1 90 0.12 0.0077551 257.98 147.15 110.82 0.0076392 
10 250 3 1 100 0.12 0.0077551 257.9 147.12 110.77 0.0076196 
10 250 4 1 2 0.872 0.054302 485.09 205.11 279.97 0.0060138 
10 250 4 1 3 0.776 0.085127 333.17 204.37 128.79 0.0053945 
10 250 4 1 4 0.686 0.1049 277.17 204.37 72.793 0.0055286 
10 250 4 1 5 0.566 0.14188 261.43 204.33 57.101 0.0060189 
10 250 4 1 8 0.328 0.11634 253.76 204.43 49.317 0.0064697 
10 250 4 1 10 0.204 0.06978 252.01 204.26 47.744 0.0067891 
10 250 4 1 12 0.094 0.029555 251.26 204.49 46.769 0.0066136 
10 250 4 1 15 0.054 0.0058 250.73 204.33 46.398 0.0068045 
10 250 4 1 20 0.042 0.0041184 250.83 204.48 46.342 0.0068226 
10 250 4 1 25 0.042 0.0041184 250.75 204.4 46.342 0.006811 
10 250 4 1 30 0.042 0.0041184 250.67 204.19 46.469 0.0067857 
10 250 4 1 40 0.042 0.0041184 250.97 204.68 46.288 0.0068082 
10 250 4 1 50 0.042 0.0041184 250.87 204.54 46.332 0.0067673 
10 250 4 1 60 0.042 0.0041184 250.78 204.43 46.339 0.0067889 
10 250 4 1 70 0.042 0.0041184 250.73 204.38 46.345 0.0067729 
10 250 4 1 80 0.042 0.0041184 250.67 204.34 46.321 0.0067828 
10 250 4 1 90 0.042 0.0041184 250.66 204.21 46.434 0.0068035 
10 250 4 1 100 0.042 0.0041184 250.68 204.18 46.496 0.0067712 
10 300 4 1 2 0.874 0.035841 596.75 246.35 350.39 0.0074528 
10 300 4 1 3 0.764 0.090514 421.46 245 176.45 0.0067591 
10 300 4 1 4 0.686 0.11796 343.58 245.03 98.544 0.00652 
10 300 4 1 5 0.616 0.14382 316.26 245.09 71.168 0.0070809 
10 300 4 1 8 0.402 0.15163 303.64 245.06 58.573 0.0079708 
10 300 4 1 10 0.286 0.11388 301.84 245.06 56.772 0.0081474 
10 300 4 1 12 0.192 0.065649 300.27 245.47 54.79 0.0081926 
10 300 4 1 15 0.09 0.018878 300.08 245.24 54.836 0.008185 
10 300 4 1 20 0.044 0.0041469 299.5 245 54.494 0.0082695 
10 300 4 1 25 0.042 0.0041184 299.53 245.1 54.428 0.0081171 
10 300 4 1 30 0.042 0.0041184 299.66 245.22 54.432 0.0083153 
10 300 4 1 40 0.042 0.0041184 299.53 245.05 54.474 0.0083015 
10 300 4 1 50 0.042 0.0041184 299.55 245.09 54.46 0.0081976 
10 300 4 1 60 0.042 0.0041184 299.52 245.08 54.435 0.0083193 
10 300 4 1 70 0.042 0.0041184 299.53 245.07 54.453 0.0083156 
10 300 4 1 80 0.042 0.0041184 299.63 245.04 54.582 0.0081263 
10 300 4 1 90 0.042 0.0041184 299.56 245.04 54.513 0.0082891 
10 300 4 1 100 0.042 0.0041184 299.7 245.14 54.551 0.0085092 
10 400 3 1 2 0.994 0.00057551 1072.5 245.01 827.51 0.013619 
10 400 3 1 3 0.972 0.0089959 943.01 244.95 698.04 0.012982 
10 400 3 1 4 0.938 0.02118 776.63 244.97 531.65 0.012111 
10 400 3 1 5 0.906 0.034453 615.05 245.07 369.97 0.011442 
10 400 3 1 8 0.788 0.085976 384.51 244.97 139.53 0.010432 
10 400 3 1 10 0.704 0.10733 359.49 245.22 114.25 0.011772 
10 400 3 1 12 0.62 0.12163 356.2 244.99 111.2 0.012587 
10 400 3 1 15 0.428 0.109 353.15 245.05 108.08 0.012418 
10 400 3 1 20 0.218 0.048853 350.28 245.01 105.26 0.012449 
10 400 3 1 25 0.14 0.010612 349.44 244.98 104.45 0.012713 
10 400 3 1 30 0.12 0.0077551 349.25 244.96 104.27 0.012704 
10 400 3 1 40 0.12 0.0077551 349.41 245.02 104.38 0.012433 
10 400 3 1 50 0.12 0.0077551 349.3 244.97 104.32 0.012937 
10 400 3 1 60 0.12 0.0077551 349.39 245.04 104.33 0.012609 
10 400 3 1 70 0.12 0.0077551 349.46 245.03 104.42 0.012643 
10 400 3 1 80 0.12 0.0077551 349.32 245 104.31 0.012364 
10 400 3 1 90 0.12 0.0077551 349.24 244.91 104.31 0.012712 
10 400 3 1 100 0.12 0.0077551 349.26 244.9 104.34 0.012732 
