10 1 2 2.1e-05 1 0.48 0.1298 234.23 0.0018454 234.22 0.00013206 
10 5 2 2.1e-05 1 0.944 0.023739 728.9 0.0041826 728.9 0.00062224 
10 5 2 2.1e-05 2 0.838 0.086486 352.51 0.0041672 352.51 0.00062295 
10 5 2 2.1e-05 3 0.63 0.12459 109.9 0.0042081 109.89 0.00047723 
10 5 2 2.1e-05 4 0.374 0.13584 20.013 0.0041171 20.008 0.00038905 
10 5 2 2.1e-05 5 0.14 0.064082 2.6209 0.0040123 2.6166 0.0002327 
10 10 2 2.1e-05 1 0.998 0.0002 864.78 0.007411 864.77 0.00095522 
10 10 2 2.1e-05 2 0.976 0.003902 655.43 0.0075471 655.42 0.0011219 
10 10 2 2.1e-05 3 0.91 0.037245 412.79 0.0075517 412.78 0.00093842 
10 10 2 2.1e-05 4 0.804 0.073861 194.93 0.0075459 194.92 0.00081213 
10 10 2 2.1e-05 5 0.636 0.12602 71.453 0.0074499 71.445 0.00071242 
10 10 2 2.1e-05 8 0.224 0.10268 3.2893 0.0071121 3.2817 0.00040839 
10 10 2 2.1e-05 10 0.024 0.0067592 0.60914 0.0062965 0.60251 0.00030094 
10 25 2 2.1e-05 1 0.996 0.0008 884.69 0.016106 884.67 0.002071 
10 25 2 2.1e-05 2 0.994 0.0018 876.58 0.016052 876.57 0.0022961 
10 25 2 2.1e-05 3 0.992 0.0032 851.01 0.016209 850.99 0.0022992 
10 25 2 2.1e-05 4 0.988 0.0035265 787.87 0.016024 787.85 0.0022128 
10 25 2 2.1e-05 5 0.98 0.0061224 678.48 0.016024 678.46 0.0021218 
10 25 2 2.1e-05 8 0.87 0.048673 235.23 0.015999 235.22 0.0018661 
10 25 2 2.1e-05 10 0.764 0.11051 69.274 0.016118 69.256 0.0017572 
10 25 2 2.1e-05 12 0.674 0.13502 19.656 0.01584 19.639 0.0015788 
10 25 2 2.1e-05 15 0.496 0.1359 6.1966 0.014809 6.1805 0.0011361 
10 25 2 2.1e-05 20 0.13 0.061735 1.2247 0.013991 1.2099 0.00082396 
10 25 2 2.1e-05 25 0.002 0.0002 0.025866 0.01255 0.012646 0.00064339 
10 50 2 2.1e-05 1 1 0 884.05 0.030788 884.01 0.003434 
10 50 2 2.1e-05 2 1 0 886.98 0.030926 886.95 0.0036921 
10 50 2 2.1e-05 3 1 0 882.04 0.0308 882.01 0.0036574 
10 50 2 2.1e-05 4 1 0 881.47 0.030696 881.43 0.0036688 
10 50 2 2.1e-05 5 1 0 881.89 0.030907 881.85 0.0036462 
10 50 2 2.1e-05 8 0.988 0.0027102 832.43 0.03111 832.4 0.0035966 
10 50 2 2.1e-05 10 0.972 0.013078 715.92 0.030763 715.89 0.003529 
10 50 2 2.1e-05 12 0.938 0.034649 518.91 0.030721 518.88 0.0033947 
10 50 2 2.1e-05 15 0.886 0.056739 214.49 0.030781 214.46 0.0032169 
10 50 2 2.1e-05 20 0.76 0.11265 26.539 0.030443 26.506 0.0030281 
10 50 2 2.1e-05 25 0.606 0.15772 9.1877 0.028628 9.1567 0.0022894 
10 50 2 2.1e-05 30 0.42 0.16531 5.0632 0.027578 5.0336 0.001918 
10 50 2 2.1e-05 40 0.072 0.032261 0.68145 0.025964 0.65394 0.0014983 
10 50 2 2.1e-05 50 0.002 0.0002 0.037163 0.023975 0.011887 0.0012742 
10 75 2 2.1e-05 1 1 0 882.42 0.044821 882.37 0.004974 
10 75 2 2.1e-05 2 1 0 887.7 0.04511 887.65 0.0052844 
10 75 2 2.1e-05 3 1 0 882.47 0.044947 882.42 0.0051655 
10 75 2 2.1e-05 4 1 0 882.47 0.044873 882.42 0.0051947 
10 75 2 2.1e-05 5 1 0 882.46 0.044747 882.41 0.0051966 
10 75 2 2.1e-05 8 1 0 882.14 0.044826 882.09 0.0052109 
10 75 2 2.1e-05 10 1 0 877.53 0.045346 877.48 0.0051743 
10 75 2 2.1e-05 12 1 0 852.53 0.044825 852.48 0.0051487 
10 75 2 2.1e-05 15 0.988 0.0018939 736.22 0.0446 736.17 0.0050661 
10 75 2 2.1e-05 20 0.92 0.033469 336.56 0.045074 336.51 0.0047543 
10 75 2 2.1e-05 25 0.854 0.071922 75.214 0.045087 75.164 0.0046061 
10 75 2 2.1e-05 30 0.774 0.11135 19.12 0.043462 19.072 0.0041202 
10 75 2 2.1e-05 40 0.572 0.17798 7.5865 0.041229 7.542 0.0031586 
10 75 2 2.1e-05 50 0.298 0.1402 3.5057 0.039458 3.4636 0.0026056 
10 75 2 2.1e-05 60 0.108 0.069731 1.0905 0.037484 1.0508 0.0021633 
10 75 2 2.1e-05 70 0.004 0.00039184 0.062449 0.035762 0.024716 0.0019423 
10 100 2 2.1e-05 1 1 0 882.11 0.059321 882.05 0.006191 
10 100 2 2.1e-05 2 1 0 886.83 0.059481 886.76 0.0064235 
10 100 2 2.1e-05 3 1 0 883.87 0.059301 883.81 0.0063216 
10 100 2 2.1e-05 4 1 0 882.68 0.058851 882.61 0.0063926 
10 100 2 2.1e-05 5 1 0 882.77 0.058867 882.71 0.0063588 
10 100 2 2.1e-05 8 1 0 882.74 0.059589 882.67 0.0063674 
10 100 2 2.1e-05 10 1 0 883.33 0.059358 883.26 0.0066695 
10 100 2 2.1e-05 12 1 0 883.48 0.059082 883.42 0.0063963 
10 100 2 2.1e-05 15 0.998 0.0002 872.57 0.058986 872.5 0.0063941 
10 100 2 2.1e-05 20 0.982 0.0080367 763.79 0.060001 763.72 0.0063037 
10 100 2 2.1e-05 25 0.936 0.039494 433.71 0.059028 433.65 0.006205 
10 100 2 2.1e-05 30 0.87 0.066633 135.18 0.058719 135.12 0.0058436 
10 100 2 2.1e-05 40 0.764 0.12031 16.377 0.057222 16.314 0.0053035 
10 100 2 2.1e-05 50 0.624 0.15982 9.2466 0.055049 9.1872 0.0042749 
10 100 2 2.1e-05 60 0.42 0.1551 4.8913 0.053192 4.8343 0.0036789 
10 100 2 2.1e-05 70 0.208 0.12483 2.6299 0.050821 2.576 0.0030413 
10 100 2 2.1e-05 80 0.086 0.051024 0.86671 0.04943 0.81437 0.0028712 
10 100 2 2.1e-05 90 0.018 0.0043633 0.1596 0.047937 0.10894 0.002668 
10 100 2 2.1e-05 100 0 0 0.049957 0.047284 6.081e-06 0.0026397 
10 125 2 2.1e-05 1 1 0 882.61 0.072596 882.53 0.0078752 
10 125 2 2.1e-05 2 1 0 883.84 0.072872 883.76 0.0080673 
10 125 2 2.1e-05 3 1 0 884.31 0.07319 884.23 0.0080598 
10 125 2 2.1e-05 4 1 0 882.55 0.073075 882.47 0.0080235 
10 125 2 2.1e-05 5 1 0 883.17 0.072764 883.09 0.0080876 
10 125 2 2.1e-05 8 1 0 882.63 0.072535 882.55 0.008024 
10 125 2 2.1e-05 10 1 0 883.31 0.072773 883.23 0.0080804 
10 125 2 2.1e-05 12 1 0 884.41 0.073401 884.33 0.0081252 
10 125 2 2.1e-05 15 1 0 884.82 0.072648 884.74 0.0081382 
10 125 2 2.1e-05 20 1 0 871.91 0.072776 871.83 0.0080951 
10 125 2 2.1e-05 25 0.994 0.00098367 777.03 0.072755 776.95 0.0080262 
10 125 2 2.1e-05 30 0.962 0.0122 509.16 0.072799 509.08 0.0077985 
10 125 2 2.1e-05 40 0.848 0.072343 62.372 0.072776 62.291 0.0075623 
10 125 2 2.1e-05 50 0.76 0.12367 15.748 0.069485 15.672 0.0062235 
10 125 2 2.1e-05 60 0.67 0.15765 9.4585 0.067598 9.3851 0.005636 
10 125 2 2.1e-05 70 0.486 0.17266 5.734 0.065751 5.6634 0.0047347 
10 125 2 2.1e-05 80 0.336 0.15378 3.7579 0.063628 3.6901 0.0041527 
10 125 2 2.1e-05 90 0.184 0.10709 2.2014 0.062488 2.1351 0.0037775 
10 125 2 2.1e-05 100 0.064 0.035004 0.53156 0.061217 0.46669 0.0036031 
10 125 2 2.1e-05 125 0 0 0.06157 0.058203 6.468e-06 0.0033278 
10 150 2 2.1e-05 1 1 0 883.5 0.08816 883.4 0.0094407 
10 150 2 2.1e-05 2 1 0 884.44 0.087431 884.35 0.0099002 
10 150 2 2.1e-05 3 1 0 882.7 0.087688 882.6 0.0096474 
10 150 2 2.1e-05 4 1 0 885.29 0.086986 885.19 0.0096167 
10 150 2 2.1e-05 5 1 0 882.01 0.086836 881.92 0.0096394 
10 150 2 2.1e-05 8 1 0 883.32 0.087283 883.22 0.0096488 
10 150 2 2.1e-05 10 1 0 884.87 0.087229 884.78 0.0096309 
10 150 2 2.1e-05 12 1 0 882.95 0.08688 882.86 0.0096148 
10 150 2 2.1e-05 15 1 0 882.25 0.087579 882.15 0.0096174 
10 150 2 2.1e-05 20 1 0 881.94 0.086593 881.84 0.009559 
10 150 2 2.1e-05 25 0.998 0.0002 872.62 0.086778 872.53 0.0095953 
10 150 2 2.1e-05 30 0.986 0.0028612 795.25 0.087107 795.15 0.0095722 
10 150 2 2.1e-05 40 0.92 0.042041 275.73 0.08755 275.63 0.0092506 
10 150 2 2.1e-05 50 0.858 0.07718 34.62 0.087414 34.523 0.0089702 
10 150 2 2.1e-05 60 0.776 0.10553 15.584 0.084094 15.493 0.0075803 
10 150 2 2.1e-05 70 0.69 0.14908 11.116 0.082055 11.027 0.0067998 
10 150 2 2.1e-05 80 0.57 0.17112 7.2672 0.080283 7.1806 0.0062004 
10 150 2 2.1e-05 90 0.438 0.15955 4.9275 0.078676 4.8431 0.0055768 
10 150 2 2.1e-05 100 0.274 0.12523 3.1009 0.075737 3.0202 0.0048524 
10 150 2 2.1e-05 125 0.05 0.039694 0.54747 0.072187 0.47092 0.0043176 
10 150 2 2.1e-05 150 0 0 0.074058 0.069986 7.582e-06 0.004033 
10 200 2 2.1e-05 1 1 0 885.72 0.11466 885.6 0.01209 
10 200 2 2.1e-05 2 1 0 882.59 0.11401 882.47 0.012274 
10 200 2 2.1e-05 3 1 0 882.72 0.11499 882.6 0.0123 
10 200 2 2.1e-05 4 1 0 882.59 0.11383 882.46 0.012178 
10 200 2 2.1e-05 5 1 0 883.01 0.11431 882.89 0.012166 
10 200 2 2.1e-05 8 1 0 884.82 0.1148 884.7 0.012234 
10 200 2 2.1e-05 10 1 0 885.54 0.11634 885.41 0.0072414 
10 200 2 2.1e-05 12 1 0 882.81 0.11519 882.68 0.0071142 
10 200 2 2.1e-05 15 1 0 882.9 0.116 882.77 0.0071782 
10 200 2 2.1e-05 20 1 0 882.66 0.11605 882.53 0.0071991 
10 200 2 2.1e-05 25 1 0 883.66 0.11621 883.54 0.0071936 
10 200 2 2.1e-05 30 1 0 882.97 0.11584 882.85 0.0072669 
10 200 2 2.1e-05 40 0.998 0.0002 810.07 0.11518 809.94 0.0071431 
10 200 2 2.1e-05 50 0.934 0.041065 404.91 0.11568 404.78 0.00683 
10 200 2 2.1e-05 60 0.89 0.065816 79.967 0.1154 79.844 0.00672 
10 200 2 2.1e-05 70 0.828 0.082057 22.668 0.11396 22.547 0.0065728 
10 200 2 2.1e-05 80 0.764 0.11296 14.968 0.1118 14.849 0.0065186 
10 200 2 2.1e-05 90 0.716 0.13239 11.453 0.11062 11.335 0.0068591 
10 200 2 2.1e-05 100 0.626 0.1587 8.2717 0.10936 8.1557 0.0065067 
10 200 2 2.1e-05 125 0.316 0.14423 3.7985 0.1042 3.6878 0.006379 
10 200 2 2.1e-05 150 0.126 0.085229 1.3872 0.09837 1.2826 0.0061418 
10 200 2 2.1e-05 200 0 0 0.10032 0.094243 8.1909e-06 0.006031 
10 250 2 2.1e-05 1 1 0 882.88 0.14009 882.72 0.014634 
10 250 2 2.1e-05 2 1 0 882.73 0.14044 882.57 0.014869 
10 250 2 2.1e-05 3 1 0 880.23 0.14048 880.08 0.014971 
10 250 2 2.1e-05 4 1 0 903.41 0.13673 903.26 0.013685 
10 250 2 2.1e-05 5 1 0 971.06 0.12896 970.91 0.012009 
10 250 2 2.1e-05 8 1 0 971.34 0.12861 971.19 0.011959 
10 250 2 2.1e-05 10 1 0 971.09 0.12807 970.95 0.011994 
10 250 2 2.1e-05 12 1 0 970.93 0.1283 970.79 0.011971 
10 250 2 2.1e-05 15 1 0 961.76 0.12869 961.62 0.012069 
10 250 2 2.1e-05 20 1 0 969.73 0.12854 969.59 0.011995 
10 250 2 2.1e-05 25 1 0 971.47 0.12841 971.33 0.01205 
10 250 2 2.1e-05 30 1 0 970.81 0.12875 970.67 0.011999 
10 250 2 2.1e-05 40 1 0 969.57 0.12841 969.43 0.011958 
10 250 2 2.1e-05 50 0.998 0.0002 905.27 0.12871 905.13 0.01192 
10 250 2 2.1e-05 60 0.942 0.027384 546.98 0.12924 546.84 0.011837 
10 250 2 2.1e-05 70 0.902 0.0602 160.83 0.12991 160.68 0.011616 
10 250 2 2.1e-05 80 0.874 0.069718 41.574 0.12858 41.434 0.011392 
10 250 2 2.1e-05 90 0.81 0.097245 21.794 0.12738 21.656 0.010706 
10 250 2 2.1e-05 100 0.762 0.12036 16.299 0.12769 16.16 0.010529 
10 250 2 2.1e-05 125 0.638 0.16444 9.6414 0.12308 9.5087 0.0094921 
10 250 2 2.1e-05 150 0.406 0.16915 5.086 0.11963 4.9584 0.0079018 
10 250 2 2.1e-05 200 0.066 0.044739 0.91604 0.11363 0.79543 0.0069473 
10 250 2 2.1e-05 250 0 0 0.11697 0.11026 1.0316e-05 0.0066721 
10 300 2 2.1e-05 1 1 0 964.18 0.16285 964 0.017455 
10 300 2 2.1e-05 2 1 0 955.27 0.16184 955.09 0.017515 
10 300 2 2.1e-05 3 1 0 964.91 0.16209 964.73 0.017365 
10 300 2 2.1e-05 4 1 0 965.74 0.14576 965.58 0.011655 
10 300 2 2.1e-05 5 1 0 966.05 0.14571 965.89 0.011638 
10 300 2 2.1e-05 8 1 0 966.22 0.14622 966.06 0.011635 
10 300 2 2.1e-05 10 1 0 966.03 0.14512 965.88 0.011599 
10 300 2 2.1e-05 12 1 0 966.11 0.14537 965.95 0.011662 
10 300 2 2.1e-05 15 1 0 960.06 0.14696 959.9 0.011683 
10 300 2 2.1e-05 20 1 0 983.66 0.15422 983.49 0.01255 
10 300 2 2.1e-05 25 1 0 996.48 0.15452 996.31 0.012753 
10 300 2 2.1e-05 30 1 0 996.83 0.15234 996.67 0.012505 
10 300 2 2.1e-05 40 1 0 998.6 0.15205 998.43 0.012262 
10 300 2 2.1e-05 50 1 0 979.83 0.15013 979.67 0.01243 
10 300 2 2.1e-05 60 0.996 0.00039184 911.99 0.14598 911.83 0.011566 
10 300 2 2.1e-05 70 0.962 0.015465 635.15 0.14518 634.99 0.011409 
10 300 2 2.1e-05 80 0.91 0.056837 239.45 0.14577 239.29 0.01127 
10 300 2 2.1e-05 90 0.882 0.069261 67.15 0.14527 66.994 0.011168 
10 300 2 2.1e-05 100 0.864 0.073371 29.433 0.14549 29.276 0.010907 
10 300 2 2.1e-05 125 0.734 0.13331 14.753 0.14576 14.597 0.010031 
10 300 2 2.1e-05 150 0.63 0.15929 8.8764 0.14402 8.7226 0.0096504 
10 300 2 2.1e-05 200 0.256 0.12333 3.4306 0.1407 3.2811 0.0086988 
10 300 2 2.1e-05 250 0.046 0.029473 0.44775 0.13577 0.30356 0.008379 
10 300 2 2.1e-05 300 0 0 0.14068 0.13237 1.1322e-05 0.0082592 
10 350 2 2.1e-05 1 1 0 919.25 0.18566 919.04 0.021043 
10 350 2 2.1e-05 2 1 0 926.3 0.18688 926.09 0.021507 
10 350 2 2.1e-05 3 1 0 926.21 0.18687 926 0.020737 
10 350 2 2.1e-05 4 1 0 926.06 0.1763 925.87 0.011614 
10 350 2 2.1e-05 5 1 0 925.6 0.17501 925.42 0.011574 
10 350 2 2.1e-05 8 1 0 925.65 0.17546 925.46 0.011564 
10 350 2 2.1e-05 10 1 0 925.3 0.17548 925.11 0.011438 
10 350 2 2.1e-05 12 1 0 925.74 0.17506 925.55 0.011599 
10 350 2 2.1e-05 15 1 0 920.26 0.17617 920.07 0.012012 
10 350 2 2.1e-05 20 1 0 927.45 0.17543 927.26 0.011596 
10 350 2 2.1e-05 25 1 0 926.81 0.17605 926.62 0.011516 
10 350 2 2.1e-05 30 1 0 921.59 0.1754 921.4 0.01153 
10 350 2 2.1e-05 40 1 0 921.41 0.17476 921.23 0.011613 
10 350 2 2.1e-05 50 1 0 921.5 0.17511 921.32 0.0116 
10 350 2 2.1e-05 60 1 0 918.91 0.17565 918.72 0.011576 
10 350 2 2.1e-05 70 0.99 0.0021429 877.01 0.17575 876.82 0.011575 
10 350 2 2.1e-05 80 0.97 0.016429 668.89 0.17571 668.7 0.0114 
10 350 2 2.1e-05 90 0.926 0.04278 310.43 0.17491 310.24 0.011337 
10 350 2 2.1e-05 100 0.9 0.06 97.195 0.17594 97.007 0.011219 
10 350 2 2.1e-05 125 0.822 0.0842 20.263 0.17426 20.078 0.011058 
10 350 2 2.1e-05 150 0.726 0.13135 13.109 0.17186 12.926 0.011049 
10 350 2 2.1e-05 200 0.458 0.18738 5.488 0.16499 5.3127 0.010241 
10 350 2 2.1e-05 250 0.18 0.11102 2.2823 0.1624 2.1099 0.0099489 
10 350 2 2.1e-05 300 0.032 0.019771 0.36473 0.15898 0.19592 0.0097895 
10 400 2 2.1e-05 1 1 0 925.24 0.21239 925 0.023093 
10 400 2 2.1e-05 2 1 0 925.26 0.2126 925.02 0.023255 
10 400 2 2.1e-05 3 1 0 925.18 0.2115 924.94 0.023027 
10 400 2 2.1e-05 4 1 0 925.72 0.19234 925.5 0.020183 
10 400 2 2.1e-05 5 1 0 924.8 0.19329 924.59 0.020035 
10 400 2 2.1e-05 8 1 0 924.23 0.19262 924.01 0.020085 
10 400 2 2.1e-05 10 1 0 924.35 0.19306 924.14 0.020045 
10 400 2 2.1e-05 12 1 0 917.25 0.19377 917.04 0.020082 
10 400 2 2.1e-05 15 1 0 923.84 0.19323 923.63 0.020003 
10 400 2 2.1e-05 20 1 0 924.14 0.19264 923.92 0.020086 
10 400 2 2.1e-05 25 1 0 923.92 0.19234 923.71 0.020035 
10 400 2 2.1e-05 30 1 0 924.21 0.19296 924 0.020203 
10 400 2 2.1e-05 40 1 0 924.52 0.19306 924.3 0.020144 
10 400 2 2.1e-05 50 1 0 924.57 0.1933 924.36 0.020137 
10 400 2 2.1e-05 60 1 0 916.87 0.1929 916.66 0.020354 
10 400 2 2.1e-05 70 1 0 921.42 0.19389 921.21 0.020025 
10 400 2 2.1e-05 80 0.994 0.00057551 887.46 0.19303 887.25 0.020151 
10 400 2 2.1e-05 90 0.954 0.022535 715.53 0.19265 715.32 0.019925 
10 400 2 2.1e-05 100 0.93 0.03398 391.05 0.19246 390.84 0.019589 
10 400 2 2.1e-05 125 0.86 0.073061 38.791 0.19215 38.58 0.019242 
10 400 2 2.1e-05 150 0.79 0.10827 17.675 0.19197 17.466 0.016838 
10 400 2 2.1e-05 200 0.628 0.17063 8.6027 0.19094 8.3968 0.014882 
10 400 2 2.1e-05 250 0.316 0.14423 3.9357 0.18928 3.7335 0.012764 
10 400 2 2.1e-05 300 0.142 0.099629 1.6344 0.18844 1.4341 0.011738 
10 400 2 2.1e-05 400 0 0 0.19659 0.18512 1.4705e-05 0.011405 
10 500 2 2.1e-05 1 1 0 925.15 0.25836 924.87 0.02887 
10 500 2 2.1e-05 2 1 0 925.42 0.25984 925.13 0.028976 
10 500 2 2.1e-05 3 1 0 925.62 0.25908 925.34 0.028549 
10 500 2 2.1e-05 4 1 0 925.42 0.23231 925.16 0.02508 
10 500 2 2.1e-05 5 1 0 918.66 0.23218 918.4 0.025124 
10 500 2 2.1e-05 8 1 0 925.41 0.23221 925.15 0.024984 
10 500 2 2.1e-05 10 1 0 926.21 0.2328 925.95 0.024945 
10 500 2 2.1e-05 12 1 0 925.12 0.23292 924.86 0.025056 
10 500 2 2.1e-05 15 1 0 925.09 0.23272 924.84 0.024868 
10 500 2 2.1e-05 20 1 0 925.46 0.23252 925.2 0.024853 
10 500 2 2.1e-05 25 1 0 925.34 0.23337 925.08 0.025003 
10 500 2 2.1e-05 30 1 0 918.54 0.23269 918.28 0.025045 
10 500 2 2.1e-05 40 1 0 925.46 0.23313 925.2 0.024973 
10 500 2 2.1e-05 50 1 0 925.16 0.23278 924.9 0.025052 
10 500 2 2.1e-05 60 1 0 928.14 0.23385 927.88 0.025445 
10 500 2 2.1e-05 70 1 0 928.38 0.23281 928.12 0.025049 
10 500 2 2.1e-05 80 1 0 927.98 0.23205 927.72 0.025037 
10 500 2 2.1e-05 90 1 0 925.3 0.23289 925.05 0.025037 
10 500 2 2.1e-05 100 0.996 0.00039184 899.67 0.23286 899.41 0.024906 
10 500 2 2.1e-05 125 0.942 0.029016 381.59 0.23253 381.33 0.024431 
10 500 2 2.1e-05 150 0.896 0.0608 47.793 0.23189 47.536 0.02433 
10 500 2 2.1e-05 200 0.77 0.11602 15.233 0.23407 14.978 0.020385 
10 500 2 2.1e-05 250 0.64 0.17102 8.9706 0.23333 8.7182 0.018913 
10 500 2 2.1e-05 300 0.382 0.16518 4.6126 0.23453 4.3615 0.016411 
10 500 2 2.1e-05 400 0.062 0.042812 0.72259 0.23501 0.47247 0.014997 
10 500 2 2.1e-05 500 0 0 0.24891 0.23436 1.7556e-05 0.014456 
10 600 2 2.1e-05 1 1 0 918.63 0.30886 918.29 0.034795 
10 600 2 2.1e-05 2 1 0 925.17 0.31028 924.83 0.034736 
10 600 2 2.1e-05 3 1 0 926.1 0.30603 925.76 0.033181 
10 600 2 2.1e-05 4 1 0 925.88 0.28259 925.58 0.018427 
10 600 2 2.1e-05 5 1 0 925.61 0.28255 925.31 0.018516 
10 600 2 2.1e-05 8 1 0 926.43 0.28312 926.12 0.018312 
10 600 2 2.1e-05 10 1 0 927.77 0.28184 927.47 0.018494 
10 600 2 2.1e-05 12 1 0 920.43 0.28259 920.13 0.018381 
10 600 2 2.1e-05 15 1 0 930.85 0.28172 930.54 0.018961 
10 600 2 2.1e-05 20 1 0 930.73 0.28361 930.43 0.018521 
10 600 2 2.1e-05 25 1 0 928.68 0.28221 928.38 0.018326 
10 600 2 2.1e-05 30 1 0 925.1 0.28212 924.8 0.01843 
10 600 2 2.1e-05 40 1 0 925.53 0.28143 925.23 0.018538 
10 600 2 2.1e-05 50 1 0 925.33 0.28214 925.03 0.018622 
10 600 2 2.1e-05 60 1 0 925.46 0.2827 925.15 0.018529 
10 600 2 2.1e-05 70 1 0 925.4 0.28209 925.1 0.018577 
10 600 2 2.1e-05 80 1 0 918.37 0.28228 918.07 0.018365 
10 600 2 2.1e-05 90 1 0 928.66 0.28165 928.36 0.018848 
10 600 2 2.1e-05 100 1 0 928.7 0.28227 928.4 0.018507 
10 600 2 2.1e-05 125 0.996 0.00039184 878.35 0.28309 878.05 0.018887 
10 600 2 2.1e-05 150 0.932 0.042629 374.97 0.28272 374.67 0.018518 
10 600 2 2.1e-05 200 0.838 0.084853 25.55 0.28101 25.251 0.018268 
10 600 2 2.1e-05 250 0.736 0.12929 14.205 0.2793 13.908 0.017843 
10 600 2 2.1e-05 300 0.624 0.16594 8.9538 0.27878 8.6573 0.017482 
10 600 2 2.1e-05 400 0.244 0.12374 3.166 0.27844 2.8702 0.017161 
10 600 2 2.1e-05 500 0.044 0.031902 0.59743 0.27833 0.30185 0.017159 
10 600 2 2.1e-05 600 0 0 0.29495 0.27785 2.2381e-05 0.016991 
10 700 2 2.1e-05 1 1 0 929.57 0.33901 929.19 0.040324 
10 700 2 2.1e-05 2 1 0 929.62 0.33966 929.24 0.040826 
10 700 2 2.1e-05 3 1 0 919.01 0.34152 918.62 0.041297 
10 700 2 2.1e-05 4 1 0 925.76 0.32261 925.42 0.02189 
10 700 2 2.1e-05 5 1 0 925.86 0.31943 925.52 0.021536 
10 700 2 2.1e-05 8 1 0 925.7 0.32086 925.36 0.02149 
10 700 2 2.1e-05 10 1 0 923.03 0.32065 922.69 0.021507 
10 700 2 2.1e-05 12 1 0 923.42 0.32032 923.08 0.021368 
10 700 2 2.1e-05 15 1 0 923.44 0.32037 923.1 0.021472 
10 700 2 2.1e-05 20 1 0 916.45 0.32121 916.11 0.021357 
10 700 2 2.1e-05 25 1 0 923.35 0.32023 923.01 0.021532 
10 700 2 2.1e-05 30 1 0 923.73 0.32071 923.38 0.021694 
10 700 2 2.1e-05 40 1 0 923.92 0.32012 923.57 0.02141 
10 700 2 2.1e-05 50 1 0 923.61 0.31955 923.27 0.021585 
10 700 2 2.1e-05 60 1 0 923.34 0.3198 923 0.021703 
10 700 2 2.1e-05 70 1 0 924.08 0.32159 923.73 0.021649 
10 700 2 2.1e-05 80 1 0 923.62 0.31924 923.28 0.022032 
10 700 2 2.1e-05 90 1 0 923.54 0.321 923.2 0.02157 
10 700 2 2.1e-05 100 1 0 916.41 0.31984 916.07 0.021319 
10 700 2 2.1e-05 125 1 0 922.53 0.32002 922.19 0.021528 
10 700 2 2.1e-05 150 0.986 0.0028612 848 0.31995 847.66 0.02134 
10 700 2 2.1e-05 200 0.894 0.065882 71.349 0.31994 71.007 0.021875 
10 700 2 2.1e-05 250 0.81 0.097245 19.473 0.31895 19.133 0.02069 
10 700 2 2.1e-05 300 0.73 0.13602 13.56 0.31903 13.22 0.020692 
10 700 2 2.1e-05 400 0.442 0.1833 5.5588 0.31847 5.2194 0.020743 
10 700 2 2.1e-05 500 0.182 0.11334 2.4657 0.32049 2.1246 0.020451 
10 700 2 2.1e-05 600 0.022 0.006649 0.47874 0.32293 0.13525 0.020434 
10 700 2 2.1e-05 700 0 0 0.34162 0.32108 2.4125e-05 0.020398 
10 800 2 2.1e-05 1 1 0 921.8 0.39152 921.37 0.037591 
10 800 2 2.1e-05 2 1 0 921.44 0.39118 921.01 0.037098 
10 800 2 2.1e-05 3 1 0 940.84 0.39655 940.4 0.037482 
10 800 2 2.1e-05 4 1 0 963.18 0.36252 962.78 0.028793 
10 800 2 2.1e-05 5 1 0 954.84 0.36501 954.44 0.028647 
10 800 2 2.1e-05 8 1 0 965.27 0.36544 964.88 0.028525 
10 800 2 2.1e-05 10 1 0 965.09 0.36402 964.69 0.028797 
10 800 2 2.1e-05 12 1 0 964.97 0.36278 964.58 0.028534 
10 800 2 2.1e-05 15 1 0 965.29 0.36272 964.9 0.02842 
10 800 2 2.1e-05 20 1 0 965.27 0.36247 964.88 0.028483 
10 800 2 2.1e-05 25 1 0 966.57 0.3625 966.18 0.02862 
10 800 2 2.1e-05 30 1 0 969.96 0.36207 969.57 0.028504 
10 800 2 2.1e-05 40 1 0 959.38 0.36272 958.99 0.028484 
10 800 2 2.1e-05 50 1 0 973.79 0.36755 973.4 0.029207 
10 800 2 2.1e-05 60 1 0 970.16 0.3641 969.77 0.028576 
10 800 2 2.1e-05 70 1 0 969.9 0.36534 969.5 0.02852 
10 800 2 2.1e-05 80 1 0 969.72 0.36188 969.33 0.028551 
10 800 2 2.1e-05 90 1 0 969.63 0.36419 969.24 0.02889 
10 800 2 2.1e-05 100 1 0 959.07 0.36308 958.68 0.028794 
10 800 2 2.1e-05 125 1 0 969.64 0.36278 969.25 0.028639 
10 800 2 2.1e-05 150 1 0 967.98 0.36269 967.59 0.028618 
10 800 2 2.1e-05 200 0.916 0.053208 376.71 0.3621 376.32 0.028263 
10 800 2 2.1e-05 250 0.868 0.072833 34.68 0.36287 34.29 0.027466 
10 800 2 2.1e-05 300 0.79 0.10663 17.844 0.36231 17.456 0.026113 
10 800 2 2.1e-05 400 0.622 0.17359 8.9243 0.36356 8.5356 0.025017 
10 800 2 2.1e-05 500 0.324 0.14839 4.4406 0.36537 4.0517 0.023425 
10 800 2 2.1e-05 600 0.14 0.10122 2.1117 0.36671 1.7222 0.022799 
10 800 2 2.1e-05 700 0.016 0.0042286 0.49364 0.3676 0.10322 0.022746 
10 800 2 2.1e-05 800 0 0 0.3901 0.36737 2.5195e-05 0.022642 
10 900 2 2.1e-05 1 1 0 924.2 0.43932 923.72 0.043581 
10 900 2 2.1e-05 2 1 0 923.88 0.43857 923.39 0.043424 
10 900 2 2.1e-05 3 1 0 924.28 0.44713 923.8 0.041464 
10 900 2 2.1e-05 4 1 0 924.44 0.48136 923.93 0.034986 
10 900 2 2.1e-05 5 1 0 918.73 0.4765 918.22 0.035749 
10 900 2 2.1e-05 8 1 0 925.32 0.48066 924.8 0.035379 
10 900 2 2.1e-05 10 1 0 925.14 0.47976 924.62 0.034984 
10 900 2 2.1e-05 12 1 0 924.69 0.47964 924.17 0.035332 
10 900 2 2.1e-05 15 1 0 924.96 0.48037 924.45 0.035117 
10 900 2 2.1e-05 20 1 0 925.19 0.47653 924.68 0.034952 
10 900 2 2.1e-05 25 1 0 924.69 0.48047 924.17 0.034931 
10 900 2 2.1e-05 30 1 0 924.36 0.47778 923.85 0.03519 
10 900 2 2.1e-05 40 1 0 917.54 0.47332 917.03 0.035231 
10 900 2 2.1e-05 50 1 0 924.43 0.48253 923.91 0.035151 
10 900 2 2.1e-05 60 1 0 924.68 0.47978 924.17 0.03509 
10 900 2 2.1e-05 70 1 0 925.14 0.48303 924.63 0.034893 
10 900 2 2.1e-05 80 1 0 924.85 0.48195 924.33 0.035362 
10 900 2 2.1e-05 90 1 0 925.26 0.48068 924.74 0.034933 
10 900 2 2.1e-05 100 1 0 924.45 0.48069 923.94 0.035142 
10 900 2 2.1e-05 125 1 0 924.93 0.48108 924.41 0.035 
10 900 2 2.1e-05 150 1 0 917.66 0.47784 917.15 0.035149 
10 900 2 2.1e-05 200 0.976 0.0051265 806.32 0.47971 805.8 0.03491 
10 900 2 2.1e-05 250 0.91 0.058061 84.713 0.47892 84.199 0.034412 
10 900 2 2.1e-05 300 0.846 0.078861 25.567 0.4816 25.052 0.033057 
10 900 2 2.1e-05 400 0.71 0.14051 12.873 0.48153 12.362 0.029962 
10 900 2 2.1e-05 500 0.5 0.17551 6.2139 0.47467 5.7116 0.027482 
10 900 2 2.1e-05 600 0.224 0.11819 3.4065 0.48206 2.898 0.026247 
10 900 2 2.1e-05 700 0.076 0.048392 1.3144 0.48262 0.80625 0.02533 
10 900 2 2.1e-05 800 0.014 0.0040857 0.594 0.48187 0.08699 0.025007 
10 900 2 2.1e-05 900 0 0 0.50667 0.48116 2.6797e-05 0.025342 
10 1000 2 2.1e-05 1 1 0 923.42 0.47066 922.9 0.047992 
10 1000 2 2.1e-05 2 1 0 923.73 0.46978 923.21 0.04813 
10 1000 2 2.1e-05 3 1 0 923.31 0.46556 922.8 0.045749 
10 1000 2 2.1e-05 4 1 0 923.72 0.44337 923.24 0.038719 
10 1000 2 2.1e-05 5 1 0 921.43 0.44414 920.95 0.038441 
10 1000 2 2.1e-05 8 1 0 921.46 0.44562 920.98 0.038387 
10 1000 2 2.1e-05 10 1 0 913.67 0.44336 913.19 0.038391 
10 1000 2 2.1e-05 12 1 0 921.23 0.44526 920.74 0.038501 
10 1000 2 2.1e-05 15 1 0 920.99 0.44406 920.51 0.038391 
10 1000 2 2.1e-05 20 1 0 921.29 0.4457 920.8 0.038257 
10 1000 2 2.1e-05 25 1 0 921.31 0.4435 920.82 0.038416 
10 1000 2 2.1e-05 30 1 0 920.96 0.44456 920.47 0.038232 
10 1000 2 2.1e-05 40 1 0 921.55 0.44316 921.07 0.038306 
10 1000 2 2.1e-05 50 1 0 924.65 0.44385 924.17 0.039048 
10 1000 2 2.1e-05 60 1 0 917.95 0.44385 917.46 0.038515 
10 1000 2 2.1e-05 70 1 0 924.63 0.44417 924.14 0.038409 
10 1000 2 2.1e-05 80 1 0 924.68 0.44367 924.2 0.038287 
10 1000 2 2.1e-05 90 1 0 924.03 0.44355 923.55 0.038331 
10 1000 2 2.1e-05 100 1 0 924.72 0.4441 924.23 0.038536 
10 1000 2 2.1e-05 125 1 0 924.37 0.44471 923.88 0.038546 
10 1000 2 2.1e-05 150 1 0 924.7 0.44395 924.21 0.038196 
10 1000 2 2.1e-05 200 0.998 0.0002 905.06 0.44343 904.58 0.038291 
10 1000 2 2.1e-05 250 0.914 0.058371 346.31 0.44389 345.83 0.037745 
10 1000 2 2.1e-05 300 0.876 0.07329 42.654 0.44503 42.171 0.037477 
10 1000 2 2.1e-05 400 0.762 0.11791 15.018 0.44532 14.539 0.033656 
10 1000 2 2.1e-05 500 0.642 0.16289 8.8332 0.44403 8.3565 0.032451 
10 1000 2 2.1e-05 600 0.376 0.16635 4.818 0.44608 4.3419 0.029769 
10 1000 2 2.1e-05 700 0.19 0.11561 2.9158 0.44758 2.4391 0.028965 
10 1000 2 2.1e-05 800 0.052 0.03969 0.92229 0.4478 0.44614 0.028213 
10 1000 2 2.1e-05 900 0.012 0.0018939 0.54785 0.44679 0.07262 0.028292 
10 1000 2 2.1e-05 1000 0 0 0.47617 0.44769 2.6914e-05 0.028322 
10 1250 2 2.1e-05 1 1 0 923.79 0.58882 923.15 0.052095 
10 1250 2 2.1e-05 2 1 0 923.86 0.58994 923.22 0.051915 
10 1250 2 2.1e-05 3 1 0 923.69 0.57918 923.06 0.049418 
10 1250 2 2.1e-05 4 1 0 923.18 0.5541 922.59 0.043369 
10 1250 2 2.1e-05 5 1 0 923.51 0.5542 922.91 0.04377 
10 1250 2 2.1e-05 8 1 0 923.61 0.55489 923.01 0.043346 
10 1250 2 2.1e-05 10 1 0 916.52 0.55673 915.92 0.043438 
10 1250 2 2.1e-05 12 1 0 923.64 0.55531 923.04 0.043536 
10 1250 2 2.1e-05 15 1 0 923.78 0.55523 923.18 0.043431 
10 1250 2 2.1e-05 20 1 0 923.65 0.55382 923.05 0.043524 
10 1250 2 2.1e-05 25 1 0 923.3 0.55467 922.7 0.043809 
10 1250 2 2.1e-05 30 1 0 923.43 0.55617 922.83 0.043777 
10 1250 2 2.1e-05 40 1 0 923.58 0.55766 922.98 0.043891 
10 1250 2 2.1e-05 50 1 0 923.23 0.55515 922.63 0.043445 
10 1250 2 2.1e-05 60 1 0 923.79 0.55294 923.19 0.043427 
10 1250 2 2.1e-05 70 1 0 914.64 0.55569 914.04 0.043371 
10 1250 2 2.1e-05 80 1 0 921.42 0.55537 920.82 0.043359 
10 1250 2 2.1e-05 90 1 0 922.55 0.55552 921.95 0.043864 
10 1250 2 2.1e-05 100 1 0 922.34 0.55662 921.74 0.043464 
10 1250 2 2.1e-05 125 1 0 922.22 0.55449 921.62 0.043488 
10 1250 2 2.1e-05 150 1 0 921.94 0.55702 921.34 0.04354 
10 1250 2 2.1e-05 200 1 0 922.02 0.55789 921.42 0.043941 
10 1250 2 2.1e-05 250 1 0 905.81 0.55796 905.21 0.043583 
10 1250 2 2.1e-05 300 0.93 0.043776 526.61 0.55611 526.01 0.043054 
10 1250 2 2.1e-05 400 0.87 0.073571 30.14 0.55531 29.542 0.041986 
10 1250 2 2.1e-05 500 0.76 0.12 15.227 0.55581 14.632 0.039378 
10 1250 2 2.1e-05 600 0.668 0.15855 10.47 0.55513 9.8756 0.038569 
10 1250 2 2.1e-05 700 0.474 0.17462 6.0116 0.55509 5.4196 0.036695 
10 1250 2 2.1e-05 800 0.29 0.14337 4.1682 0.55482 3.5775 0.035684 
10 1250 2 2.1e-05 900 0.168 0.10957 2.6972 0.5565 2.1055 0.035067 
10 1250 2 2.1e-05 1000 0.054 0.043351 1.0993 0.5564 0.50752 0.035231 
10 1500 2 2.1e-05 1 1 0 924.44 0.69738 923.69 0.054402 
10 1500 2 2.1e-05 2 1 0 924.42 0.69881 923.67 0.05494 
10 1500 2 2.1e-05 3 1 0 924.64 0.6838 923.9 0.050875 
10 1500 2 2.1e-05 4 1 0 924.44 0.65583 923.74 0.04611 
10 1500 2 2.1e-05 5 1 0 924.3 0.65598 923.6 0.046209 
10 1500 2 2.1e-05 8 1 0 924.69 0.65536 923.99 0.04611 
10 1500 2 2.1e-05 10 1 0 917.57 0.65694 916.87 0.046142 
10 1500 2 2.1e-05 12 1 0 924.41 0.6559 923.71 0.046328 
10 1500 2 2.1e-05 15 1 0 924.72 0.65804 924.02 0.046064 
10 1500 2 2.1e-05 20 1 0 924.26 0.65588 923.56 0.046111 
10 1500 2 2.1e-05 25 1 0 923.96 0.65612 923.26 0.046015 
10 1500 2 2.1e-05 30 1 0 923.75 0.65826 923.04 0.046228 
10 1500 2 2.1e-05 40 1 0 923.38 0.65659 922.68 0.046975 
10 1500 2 2.1e-05 50 1 0 923.88 0.65649 923.18 0.04601 
10 1500 2 2.1e-05 60 1 0 916.73 0.65745 916.03 0.046212 
10 1500 2 2.1e-05 70 1 0 923.42 0.65634 922.72 0.046495 
10 1500 2 2.1e-05 80 1 0 924.03 0.65758 923.33 0.04615 
10 1500 2 2.1e-05 90 1 0 923.38 0.65599 922.67 0.045932 
10 1500 2 2.1e-05 100 1 0 923.76 0.65689 923.05 0.046482 
10 1500 2 2.1e-05 125 1 0 923.53 0.65652 922.83 0.046096 
10 1500 2 2.1e-05 150 1 0 924.19 0.65828 923.48 0.046442 
10 1500 2 2.1e-05 200 1 0 923.81 0.65575 923.11 0.046014 
10 1500 2 2.1e-05 250 1 0 916.87 0.65821 916.17 0.046204 
10 1500 2 2.1e-05 300 1 0 917.62 0.65533 916.92 0.046505 
10 1500 2 2.1e-05 400 0.912 0.05822 122.6 0.65567 121.9 0.045685 
10 1500 2 2.1e-05 500 0.85 0.079286 25.646 0.65598 24.945 0.045185 
10 1500 2 2.1e-05 600 0.756 0.12129 15.413 0.65644 14.713 0.043683 
10 1500 2 2.1e-05 700 0.688 0.15577 11.363 0.65549 10.664 0.043047 
10 1500 2 2.1e-05 800 0.546 0.17682 7.0961 0.6573 6.3959 0.042751 
10 1500 2 2.1e-05 900 0.366 0.17127 5.0022 0.65811 4.3023 0.0417 
10 1500 2 2.1e-05 1000 0.236 0.12276 3.8179 0.65815 3.1185 0.041178 
10 1500 2 2.1e-05 1500 0 0 0.70141 0.66046 2.6622e-05 0.040851 
10 2000 2 2.1e-05 1 1 0 925.51 0.88996 924.55 0.06998 
10 2000 2 2.1e-05 2 1 0 925.44 0.89125 924.47 0.070218 
10 2000 2 2.1e-05 3 1 0 925.49 0.90167 924.52 0.065935 
10 2000 2 2.1e-05 4 1 0 924.95 0.91079 923.97 0.06228 
10 2000 2 2.1e-05 5 1 0 917.95 0.90996 916.98 0.062431 
10 2000 2 2.1e-05 8 1 0 925.16 0.91176 924.19 0.063074 
10 2000 2 2.1e-05 10 1 0 925.25 0.91408 924.27 0.063023 
10 2000 2 2.1e-05 12 1 0 926.14 0.91142 925.16 0.06256 
10 2000 2 2.1e-05 15 1 0 925.84 0.91249 924.86 0.063451 
10 2000 2 2.1e-05 20 1 0 925.46 0.91091 924.49 0.062593 
10 2000 2 2.1e-05 25 1 0 925.88 0.91429 924.9 0.062568 
10 2000 2 2.1e-05 30 1 0 925.85 0.91402 924.88 0.062401 
10 2000 2 2.1e-05 40 1 0 918.3 0.91252 917.33 0.062506 
10 2000 2 2.1e-05 50 1 0 924.8 0.91167 923.83 0.062519 
10 2000 2 2.1e-05 60 1 0 924.94 0.91267 923.96 0.062288 
10 2000 2 2.1e-05 70 1 0 925.87 0.91133 924.9 0.062531 
10 2000 2 2.1e-05 80 1 0 925.83 0.9125 924.85 0.063172 
10 2000 2 2.1e-05 90 1 0 925.91 0.91144 924.94 0.0623 
10 2000 2 2.1e-05 100 1 0 925.99 0.9128 925.02 0.062333 
10 2000 2 2.1e-05 125 1 0 924.83 0.91136 923.86 0.062332 
10 2000 2 2.1e-05 150 1 0 918.66 0.90934 917.69 0.062322 
10 2000 2 2.1e-05 200 1 0 925.52 0.9122 924.55 0.062231 
10 2000 2 2.1e-05 250 1 0 925.9 0.91144 924.93 0.062693 
10 2000 2 2.1e-05 300 1 0 925.88 0.91335 924.91 0.062243 
10 2000 2 2.1e-05 400 1 0 921.41 0.91402 920.44 0.062597 
10 2000 2 2.1e-05 500 0.938 0.034649 312.06 0.91148 311.08 0.062119 
10 2000 2 2.1e-05 600 0.886 0.071841 40.282 0.91281 39.308 0.061593 
10 2000 2 2.1e-05 700 0.828 0.087363 20.845 0.91066 19.874 0.060122 
10 2000 2 2.1e-05 800 0.762 0.12036 15.6 0.91283 14.629 0.057946 
10 2000 2 2.1e-05 900 0.704 0.14733 13.046 0.91322 12.074 0.058071 
10 2000 2 2.1e-05 1000 0.636 0.1697 9.1839 0.91207 8.2143 0.057318 
10 2000 2 2.1e-05 1500 0.132 0.082629 2.4226 0.91511 1.4519 0.055564 
10 2000 2 2.1e-05 2000 0 0 0.96746 0.91307 2.7481e-05 0.054289 
10 3000 2 2.1e-05 1 1 0 920.02 1.3172 918.61 0.095362 
10 3000 2 2.1e-05 2 1 0 912.65 1.3152 911.24 0.09604 
10 3000 2 2.1e-05 3 1 0 920.16 1.3009 918.77 0.08911 
10 3000 2 2.1e-05 4 1 0 920.6 1.2994 919.21 0.087842 
10 3000 2 2.1e-05 5 1 0 920.23 1.2969 918.85 0.088154 
10 3000 2 2.1e-05 8 1 0 919.79 1.2977 918.41 0.087664 
10 3000 2 2.1e-05 10 1 0 919.82 1.2975 918.43 0.087513 
10 3000 2 2.1e-05 12 1 0 920.01 1.2966 918.63 0.087947 
10 3000 2 2.1e-05 15 1 0 919.92 1.2961 918.54 0.08746 
10 3000 2 2.1e-05 20 1 0 920.29 1.2952 918.91 0.087883 
10 3000 2 2.1e-05 25 1 0 914.44 1.2998 913.05 0.088129 
10 3000 2 2.1e-05 30 1 0 922.16 1.2978 920.78 0.087692 
10 3000 2 2.1e-05 40 1 0 930.61 1.2964 929.23 0.087394 
10 3000 2 2.1e-05 50 1 0 930.86 1.2969 929.48 0.087533 
10 3000 2 2.1e-05 60 1 0 928.71 1.2975 927.32 0.088267 
10 3000 2 2.1e-05 70 1 0 928.23 1.2976 926.84 0.088111 
10 3000 2 2.1e-05 80 1 0 921.49 1.2975 920.1 0.087656 
10 3000 2 2.1e-05 90 1 0 928.28 1.2971 926.89 0.087861 
10 3000 2 2.1e-05 100 1 0 925.54 1.2953 924.15 0.087524 
10 3000 2 2.1e-05 125 1 0 925.17 1.2973 923.78 0.087603 
10 3000 2 2.1e-05 150 1 0 925.91 1.2978 924.52 0.087724 
10 3000 2 2.1e-05 200 1 0 925.7 1.2951 924.31 0.087919 
10 3000 2 2.1e-05 250 1 0 925.72 1.2957 924.34 0.087673 
10 3000 2 2.1e-05 300 1 0 925.39 1.2962 924.01 0.087942 
10 3000 2 2.1e-05 400 1 0 918.23 1.299 916.84 0.088208 
10 3000 2 2.1e-05 500 1 0 925.29 1.2943 923.91 0.087578 
10 3000 2 2.1e-05 600 1 0 922.42 1.2978 921.04 0.087592 
10 3000 2 2.1e-05 700 0.962 0.026078 693.94 1.2964 692.55 0.088221 
10 3000 2 2.1e-05 800 0.914 0.058371 107.36 1.2968 105.98 0.087585 
10 3000 2 2.1e-05 900 0.88 0.07102 38.292 1.2957 36.909 0.086923 
10 3000 2 2.1e-05 1000 0.84 0.083265 25.902 1.2963 24.52 0.086198 
10 3000 2 2.1e-05 1500 0.624 0.17084 9.6032 1.2978 8.222 0.08314 
10 3000 2 2.1e-05 2000 0.236 0.1248 4.4637 1.295 3.087 0.081482 
10 4000 2 2.1e-05 1 1 0 926.76 1.7502 924.87 0.13072 
10 4000 2 2.1e-05 2 1 0 1039.9 2.1012 1037.6 0.15006 
10 4000 2 2.1e-05 3 1 0 1078.2 2.2473 1075.8 0.15542 
10 4000 2 2.1e-05 4 1 0 1011 1.9721 1008.9 0.12256 
10 4000 2 2.1e-05 5 1 0 962.52 1.7977 960.61 0.1122 
10 4000 2 2.1e-05 8 1 0 969.12 1.7477 967.26 0.10966 
10 4000 2 2.1e-05 10 1 0 968.6 1.7482 966.74 0.10986 
10 4000 2 2.1e-05 12 1 0 968.71 1.7451 966.85 0.1094 
10 4000 2 2.1e-05 15 1 0 969.11 1.7449 967.26 0.10957 
10 4000 2 2.1e-05 20 1 0 979.71 1.812 977.79 0.11305 
10 4000 2 2.1e-05 25 1 0 1107.7 2.3422 1105.3 0.13325 
10 4000 2 2.1e-05 30 1 0 1118.6 2.3724 1116.1 0.13435 
10 4000 2 2.1e-05 40 1 0 1113.3 2.3698 1110.8 0.1345 
10 4000 2 2.1e-05 50 1 0 1114 2.3837 1111.4 0.13508 
10 4000 2 2.1e-05 60 1 0 1117.6 2.2798 1115.2 0.12959 
10 4000 2 2.1e-05 70 1 0 1119.3 2.3633 1116.8 0.13313 
10 4000 2 2.1e-05 80 1 0 1129.1 2.4191 1126.6 0.13428 
10 4000 2 2.1e-05 90 1 0 1106.8 2.3111 1104.4 0.12889 
10 4000 2 2.1e-05 100 1 0 1113.8 2.2931 1111.4 0.12694 
10 4000 2 2.1e-05 125 1 0 1073.2 2.2361 1070.8 0.12648 
10 4000 2 2.1e-05 150 1 0 1078.3 2.2707 1075.9 0.13023 
10 4000 2 2.1e-05 200 1 0 1069.3 2.2462 1066.9 0.12762 
10 4000 2 2.1e-05 250 1 0 1099.5 2.2837 1097.1 0.13015 
10 4000 2 2.1e-05 300 1 0 1121.6 2.4363 1119.1 0.13545 
10 4000 2 2.1e-05 400 1 0 1128.2 2.4117 1125.6 0.13623 
10 4000 2 2.1e-05 500 1 0 1126.4 2.4094 1123.9 0.13438 
10 4000 2 2.1e-05 600 1 0 986.77 1.8189 984.84 0.11275 
10 4000 2 2.1e-05 700 1 0 971.31 1.767 969.43 0.11055 
10 4000 2 2.1e-05 800 1 0 1065.4 2.1561 1063.1 0.12937 
10 4000 2 2.1e-05 900 0.972 0.013486 974.26 2.3062 971.82 0.13332 
10 4000 2 2.1e-05 1000 0.92 0.04898 344.15 2.3227 341.69 0.13351 
10 4000 2 2.1e-05 1500 0.796 0.10325 22.111 2.3318 19.647 0.13137 
10 4000 2 2.1e-05 2000 0.63 0.16745 12.212 2.3135 9.7681 0.12997 
10 5000 2 2.1e-05 1 1 0 1102.6 2.905 1099.5 0.18806 
10 5000 2 2.1e-05 2 1 0 1101 2.8855 1097.9 0.18948 
10 5000 2 2.1e-05 3 1 0 1101.7 2.9262 1098.6 0.18849 
10 5000 2 2.1e-05 4 1 0 1104.6 2.8966 1101.5 0.18189 
10 5000 2 2.1e-05 5 1 0 1080.2 2.7352 1077.3 0.16828 
10 5000 2 2.1e-05 8 1 0 1095.2 2.7856 1092.2 0.17376 
10 5000 2 2.1e-05 10 1 0 1085.1 2.7275 1082.2 0.16736 
10 5000 2 2.1e-05 12 1 0 1084.9 2.7082 1082.1 0.16809 
10 5000 2 2.1e-05 15 1 0 1056.4 2.6184 1053.6 0.1618 
10 5000 2 2.1e-05 20 1 0 1049.7 2.5862 1047 0.16048 
10 5000 2 2.1e-05 25 1 0 1016.9 2.4407 1014.3 0.15431 
10 5000 2 2.1e-05 30 1 0 1009.4 2.4052 1006.9 0.1531 
10 5000 2 2.1e-05 40 1 0 999.41 2.401 996.86 0.15376 
10 5000 2 2.1e-05 50 1 0 1010.5 2.3987 1007.9 0.15397 
10 5000 2 2.1e-05 60 1 0 1009.6 2.3962 1007 0.15222 
10 5000 2 2.1e-05 70 1 0 1009 2.4054 1006.4 0.15246 
10 5000 2 2.1e-05 80 1 0 1009 2.402 1006.4 0.15226 
10 5000 2 2.1e-05 90 1 0 1009.1 2.4024 1006.6 0.15239 
10 5000 2 2.1e-05 100 1 0 1009 2.4062 1006.5 0.15269 
10 5000 2 2.1e-05 125 1 0 998.17 2.3997 995.62 0.15317 
10 5000 2 2.1e-05 150 1 0 1008.7 2.4046 1006.1 0.15289 
10 5000 2 2.1e-05 200 1 0 1008.5 2.3978 1006 0.15206 
10 5000 2 2.1e-05 250 1 0 980.21 2.2327 977.82 0.14955 
10 5000 2 2.1e-05 300 1 0 967.43 2.148 965.13 0.14633 
10 5000 2 2.1e-05 400 1 0 967.76 2.1455 965.46 0.14669 
10 5000 2 2.1e-05 500 1 0 956.55 2.1489 954.25 0.14662 
10 5000 2 2.1e-05 600 1 0 967.36 2.1493 965.06 0.14691 
10 5000 2 2.1e-05 700 1 0 962.23 2.1947 959.88 0.1507 
10 5000 2 2.1e-05 800 1 0 921.42 2.3748 918.88 0.16251 
10 5000 2 2.1e-05 900 1 0 937.32 2.1579 935.01 0.14933 
10 5000 2 2.1e-05 1000 1 0 965.7 2.1498 963.4 0.1469 
10 5000 2 2.1e-05 1500 0.888 0.071282 40.914 2.147 38.62 0.14616 
10 5000 2 2.1e-05 2000 0.758 0.12167 17.507 2.1486 15.216 0.14167 
