10 5 3 1 2 0.606 0.094453 115.81 6.0293 109.78 0.00040418 
10 5 3 1 3 0.324 0.095331 22.597 5.8643 16.732 0.00027469 
10 5 3 1 4 0.11 0.031939 8.1031 5.8521 2.2506 0.0002743 
10 5 3 1 5 0.03 0.0058163 6.0814 5.8586 0.22252 0.0002635 
10 5 4 1 2 0.44 0.10122 42.332 8.2131 34.118 0.00027738 
10 5 4 1 3 0.234 0.065555 12.324 7.8708 4.453 0.00022875 
10 5 4 1 4 0.052 0.012343 8.6067 7.841 0.76536 0.00023214 
10 5 4 1 5 0 0 7.9005 7.8426 0.057581 0.00023303 
10 5 5 1 2 0.282 0.077016 23.348 11.666 11.683 0.00024338 
10 5 5 1 3 0.102 0.036935 13.332 11.722 1.61 0.00026056 
10 5 5 1 4 0.042 0.017996 11.924 11.58 0.3441 0.00023304 
10 5 5 1 5 0.006 0.00098367 11.623 11.579 0.043663 0.0002213 
10 5 6 1 2 0.206 0.066698 17.208 13.23 3.9772 0.00026457 
10 5 6 1 3 0.064 0.014596 13.442 12.852 0.58963 0.00026738 
10 5 6 1 4 0.014 0.0020449 12.942 12.853 0.089066 0.00025465 
10 5 6 1 5 0 0 12.883 12.883 2.5264e-05 0.00023831 
10 5 7 1 2 0.124 0.032065 15.643 13.792 1.8506 0.00025449 
10 5 7 1 3 0.032 0.0058939 13.425 13.127 0.29686 0.00024871 
10 5 7 1 4 0.002 0.0002 13.504 13.473 0.030652 0.00026922 
10 5 7 1 5 0 0 13.142 13.141 2.4155e-05 0.00024376 
10 10 3 1 2 0.85 0.031939 330.13 12.265 317.87 0.00075807 
10 10 3 1 3 0.688 0.099445 118.66 11.529 107.13 0.0005009 
10 10 3 1 4 0.548 0.13071 41.728 11.337 30.391 0.00039962 
10 10 3 1 5 0.38 0.13143 20.081 11.415 8.6653 0.00042017 
10 10 3 1 8 0.048 0.011935 11.826 11.32 0.50535 0.00038836 
10 10 3 1 10 0.004 0.00039184 11.382 11.343 0.038363 0.00037537 
10 10 4 1 2 0.646 0.10417 129.6 15.296 114.3 0.00045643 
10 10 4 1 3 0.458 0.12126 40.201 15.112 25.088 0.0003697 
10 10 4 1 4 0.324 0.11819 21.343 14.995 6.348 0.00032196 
10 10 4 1 5 0.192 0.0632 17.955 15.083 2.8722 0.00033991 
10 10 4 1 8 0.026 0.0080857 15.254 14.968 0.28563 0.00033055 
10 10 4 1 10 0.002 0.0002 15.017 15.007 0.0099537 0.00031421 
10 10 5 1 2 0.522 0.13522 55.822 18.884 36.938 0.00034277 
10 10 5 1 3 0.376 0.1186 26.085 18.69 7.3943 0.00029274 
10 10 5 1 4 0.236 0.077045 21.576 18.7 2.8755 0.00027949 
10 10 5 1 5 0.122 0.050731 20.157 18.772 1.3848 0.00030615 
10 10 5 1 8 0.004 0.00039184 18.741 18.717 0.024507 0.00027742 
10 10 5 1 10 0 0 18.87 18.87 2.4094e-05 0.00032532 
10 10 6 1 2 0.434 0.1076 37.207 25.067 12.14 0.00029721 
10 10 6 1 3 0.24 0.076327 28.081 24.999 3.0816 0.00034219 
10 10 6 1 4 0.132 0.052016 25.971 24.667 1.303 0.00028895 
10 10 6 1 5 0.074 0.02931 26.097 25.355 0.74234 0.00031462 
10 10 6 1 8 0.008 0.0019755 25.112 25.048 0.062978 0.00032969 
10 10 6 1 10 0.002 0.0002 25.582 25.571 0.010031 0.00033187 
10 10 7 1 2 0.278 0.090731 31.666 26.443 5.2225 0.00033731 
10 10 7 1 3 0.124 0.045127 27.552 26.269 1.2828 0.00036626 
10 10 7 1 4 0.06 0.021224 26.445 25.966 0.47852 0.00032313 
10 10 7 1 5 0.024 0.0030857 26.777 26.6 0.17595 0.00037902 
10 10 7 1 8 0 0 26.712 26.712 4.9323e-05 0.00039637 
10 10 7 1 10 0 0 26.702 26.702 4.9415e-05 0.0003913 
10 25 3 1 2 0.954 0.0086571 758.33 36.52 721.81 0.0016151 
10 25 3 1 3 0.91 0.031122 558.65 33.167 525.48 0.0014003 
10 25 3 1 4 0.846 0.060086 353.72 30.947 322.77 0.0011712 
10 25 3 1 5 0.786 0.091024 197.49 29.278 168.21 0.00096553 
10 25 3 1 8 0.636 0.14235 45.308 28.19 17.118 0.0008003 
10 25 3 1 10 0.486 0.14164 34.246 27.651 6.5942 0.0007321 
10 25 3 1 12 0.336 0.12766 32.194 28.147 4.0459 0.00076638 
10 25 3 1 15 0.156 0.067004 29.918 28.214 1.7034 0.00076248 
10 25 3 1 20 0.014 0.0053102 28.981 28.851 0.12906 0.00080235 
10 25 3 1 25 0 0 28.884 28.883 4.5951e-05 0.00078601 
10 50 4 1 2 0.358 0.082078 127.13 41.565 85.565 0.0010893 
10 50 4 1 3 0.162 0.035465 108.49 41.343 67.143 0.0012216 
10 50 4 1 4 0.064 0.0092898 106.94 41.359 65.584 0.0012568 
10 50 4 1 5 0.042 0.0041184 106.87 41.39 65.479 0.0012633 
10 50 4 1 8 0.042 0.0041184 106.78 41.415 65.358 0.0012857 
10 50 4 1 10 0.042 0.0041184 106.94 41.383 65.56 0.0012663 
10 50 4 1 12 0.042 0.0041184 106.69 41.372 65.317 0.0012726 
10 50 4 1 15 0.042 0.0041184 106.81 41.408 65.404 0.0013044 
10 50 4 1 20 0.042 0.0041184 106.81 41.379 65.43 0.0012999 
10 50 4 1 25 0.042 0.0041184 106.93 41.395 65.534 0.001262 
10 50 4 1 30 0.042 0.0041184 106.72 41.394 65.323 0.0012819 
10 50 4 1 40 0.042 0.0041184 106.81 41.38 65.425 0.0012801 
10 50 4 1 50 0 0 41.349 41.348 4.8366e-05 0.0011172 
10 50 5 1 2 0.678 0.10461 148.94 60.4 88.534 0.0011305 
10 50 5 1 3 0.506 0.13404 100.62 59.666 40.955 0.0009821 
10 50 5 1 4 0.368 0.11651 92.149 59.798 32.35 0.0010232 
10 50 5 1 5 0.256 0.08578 90.197 60.061 30.135 0.0011149 
10 50 5 1 8 0.046 0.012739 88.206 60.152 28.053 0.0011532 
10 50 5 1 10 0.03 0.0037755 88.043 60.162 27.88 0.0011986 
10 50 5 1 12 0.018 0.0015061 88.091 60.245 27.845 0.0012173 
10 50 5 1 15 0.018 0.0015061 87.965 60.155 27.808 0.0011729 
10 50 5 1 20 0.018 0.0015061 88.044 60.202 27.841 0.0011649 
10 50 5 1 25 0.018 0.0015061 88.085 60.238 27.845 0.0012257 
10 50 5 1 30 0.018 0.0015061 87.912 60.14 27.77 0.0011628 
10 50 5 1 40 0.01 0.00091837 60.211 60.091 0.11897 0.0010945 
10 50 5 1 50 0 0 60.11 60.109 0.00014228 0.0010892 
10 75 3 1 2 0.93 0.025408 574.64 51.263 523.38 0.0027469 
10 75 3 1 3 0.86 0.046531 367.44 50.766 316.68 0.0023058 
10 75 3 1 4 0.774 0.064412 241.76 51.077 190.68 0.0024304 
10 75 3 1 5 0.642 0.087384 185.39 50.545 134.84 0.00204 
10 75 3 1 8 0.314 0.071841 166.3 50.92 115.38 0.0022019 
10 75 3 1 10 0.184 0.026678 165.08 51.092 113.99 0.0023374 
10 75 3 1 12 0.13 0.0078571 164.57 51.119 113.45 0.0023883 
10 75 3 1 15 0.12 0.0077551 164.7 51.082 113.62 0.0023419 
10 75 3 1 20 0.12 0.0077551 164.56 51.145 113.41 0.002361 
10 75 3 1 25 0.12 0.0077551 164.58 51.077 113.5 0.0023372 
10 75 3 1 30 0.12 0.0077551 164.55 51.153 113.4 0.0023706 
10 75 3 1 40 0.12 0.0077551 164.55 51.095 113.45 0.0023349 
10 75 3 1 50 0.12 0.0077551 164.62 51.133 113.49 0.0023668 
10 75 3 1 60 0.12 0.0077551 164.51 51.123 113.39 0.0023418 
10 75 3 1 70 0.01 0.0013265 50.905 50.745 0.15782 0.0019642 
10 75 5 1 2 0.028 0.0024653 105.57 73.1 32.469 0.0014907 
10 75 5 1 3 0.018 0.0015061 105.88 72.996 32.882 0.0016412 
10 75 5 1 4 0.018 0.0015061 106.08 73.02 33.061 0.0017344 
10 75 5 1 5 0.018 0.0015061 105.94 73.019 32.922 0.0016827 
10 75 5 1 8 0.018 0.0015061 105.96 73.006 32.955 0.0016903 
10 75 5 1 10 0.018 0.0015061 106.01 73.006 33.001 0.0016509 
10 75 5 1 12 0.018 0.0015061 106.08 73.043 33.036 0.0016976 
10 75 5 1 15 0.018 0.0015061 105.93 73.003 32.924 0.0016723 
10 75 5 1 20 0.018 0.0015061 105.98 73.024 32.953 0.00166 
10 75 5 1 25 0.018 0.0015061 106.03 73.016 33.014 0.0016907 
10 75 5 1 30 0.018 0.0015061 106.09 73.071 33.013 0.0016569 
10 75 5 1 40 0.018 0.0015061 105.9 73.015 32.884 0.0016843 
10 75 5 1 50 0.018 0.0015061 106.01 73.025 32.983 0.0016357 
10 75 5 1 60 0.018 0.0015061 105.97 73.07 32.9 0.0016407 
10 75 5 1 70 0.018 0.0015061 105.9 72.992 32.903 0.0017188 
10 75 6 1 2 0.574 0.11666 137.13 102.35 34.787 0.0014543 
10 75 6 1 3 0.408 0.097078 120.18 101.99 18.18 0.0014958 
10 75 6 1 4 0.252 0.076424 117.34 102.33 15.007 0.0016613 
10 75 6 1 5 0.162 0.054649 117.6 103.72 13.879 0.001799 
10 75 6 1 8 0.028 0.004098 114.06 102.47 11.59 0.001707 
10 75 6 1 10 0.016 0.0013714 114.18 102.69 11.49 0.0018011 
10 75 6 1 12 0.012 0.0010776 114.2 102.72 11.478 0.0018147 
10 75 6 1 15 0.012 0.0010776 114.19 102.72 11.464 0.0017923 
10 75 6 1 20 0.012 0.0010776 114.17 102.69 11.475 0.0017926 
10 75 6 1 25 0.012 0.0010776 114.21 102.75 11.454 0.00177 
10 75 6 1 30 0.012 0.0010776 114.16 102.69 11.47 0.0017926 
10 75 6 1 40 0.012 0.0010776 114.14 102.67 11.472 0.0017274 
10 75 6 1 50 0.012 0.0010776 113.86 102.39 11.469 0.0017306 
10 75 6 1 60 0.012 0.0010776 114.18 102.68 11.497 0.0017871 
10 75 6 1 70 0 0 102.69 102.69 2.3404e-05 0.001783 
10 100 4 1 2 0.648 0.10989 218.52 81.91 136.61 0.0021501 
10 100 4 1 3 0.436 0.12847 159.84 81.96 77.88 0.0020038 
10 100 4 1 4 0.3 0.11429 150.77 81.991 68.775 0.0024317 
10 100 4 1 5 0.188 0.068424 148.64 82.043 66.598 0.0024251 
10 100 4 1 8 0.042 0.0041184 147.13 82.039 65.084 0.0025297 
10 100 4 1 10 0.042 0.0041184 147.12 82.045 65.072 0.0025625 
10 100 4 1 12 0.042 0.0041184 147.08 82.06 65.013 0.0025148 
10 100 4 1 15 0.042 0.0041184 147.24 82.086 65.151 0.0025244 
10 100 4 1 20 0.042 0.0041184 146.95 82.071 64.878 0.0025265 
10 100 4 1 25 0.042 0.0041184 146.97 82.033 64.929 0.0025636 
10 100 4 1 30 0.042 0.0041184 145.02 82.987 62.034 0.0026119 
10 100 4 1 40 0.042 0.0041184 128.72 82.195 46.522 0.0024115 
10 100 4 1 50 0.042 0.0041184 127.43 82.077 45.348 0.0024217 
10 100 4 1 60 0.042 0.0041184 127.49 82.114 45.373 0.0024603 
10 100 4 1 70 0.042 0.0041184 127.45 82.109 45.338 0.0027051 
10 100 4 1 80 0.042 0.0041184 127.5 82.165 45.335 0.0024398 
10 100 4 1 90 0.042 0.0041184 127.51 82.139 45.364 0.0023995 
10 100 4 1 100 0 0 82.104 82.101 2.2404e-05 0.0022492 
10 100 6 1 2 0.342 0.087792 148.2 123.11 25.089 0.0019207 
10 100 6 1 3 0.172 0.04818 141.53 123.39 18.142 0.0023071 
10 100 6 1 4 0.06 0.013061 139.65 123.76 15.892 0.0023815 
10 100 6 1 5 0.034 0.0075959 140.1 123.39 16.712 0.0023782 
10 100 6 1 8 0.012 0.0010776 140.09 123.44 16.648 0.0023364 
10 100 6 1 10 0.012 0.0010776 140.05 123.39 16.651 0.0023587 
10 100 6 1 12 0.012 0.0010776 139.97 123.37 16.598 0.0023383 
10 100 6 1 15 0.012 0.0010776 139.98 123.42 16.561 0.0023333 
10 100 6 1 20 0.012 0.0010776 140.07 123.48 16.585 0.0023253 
10 100 6 1 25 0.012 0.0010776 140.1 123.44 16.655 0.0023409 
10 100 6 1 30 0.012 0.0010776 140.05 123.39 16.654 0.0023286 
10 100 6 1 40 0.012 0.0010776 140 123.38 16.622 0.0023462 
10 100 6 1 50 0.012 0.0010776 140.09 123.5 16.59 0.0023299 
10 100 6 1 60 0.012 0.0010776 140.02 123.43 16.584 0.0023562 
10 100 6 1 70 0.012 0.0010776 139.97 123.33 16.631 0.0023151 
10 100 6 1 80 0.012 0.0010776 139.96 123.36 16.606 0.0023265 
10 100 6 1 90 0.012 0.0010776 139.99 123.42 16.57 0.0023401 
10 100 6 1 100 0 0 123.34 123.34 4.8051e-05 0.0022251 
10 125 3 1 2 0.28 0.066122 209.15 72.908 136.24 0.0031888 
10 125 3 1 3 0.12 0.0077551 196.81 72.923 123.88 0.0040843 
10 125 3 1 4 0.12 0.0077551 196.77 72.914 123.85 0.0037172 
10 125 3 1 5 0.12 0.0077551 196.97 72.989 123.98 0.003739 
10 125 3 1 8 0.12 0.0077551 196.46 72.971 123.49 0.0037831 
10 125 3 1 10 0.12 0.0077551 196.86 72.922 123.93 0.0036963 
10 125 3 1 12 0.12 0.0077551 196.73 72.995 123.73 0.003704 
10 125 3 1 15 0.12 0.0077551 196.76 72.977 123.78 0.0037835 
10 125 3 1 20 0.12 0.0077551 196.75 72.893 123.86 0.003771 
10 125 3 1 25 0.12 0.0077551 196.78 72.926 123.85 0.003725 
10 125 3 1 30 0.12 0.0077551 196.8 72.923 123.87 0.0037142 
10 125 3 1 40 0.12 0.0077551 196.75 72.93 123.82 0.003693 
10 125 3 1 50 0.12 0.0077551 196.98 72.996 123.98 0.0037064 
10 125 3 1 60 0.12 0.0077551 196.93 72.945 123.98 0.0037906 
10 125 3 1 70 0.12 0.0077551 196.7 73.004 123.69 0.0037303 
10 125 3 1 80 0.12 0.0077551 197.13 73.027 124.1 0.003708 
10 125 3 1 90 0.12 0.0077551 196.92 73.004 123.91 0.0036769 
10 125 3 1 100 0.12 0.0077551 196.84 72.957 123.88 0.0037132 
10 125 5 1 2 0.672 0.1041 229.48 132.25 97.219 0.002399 
10 125 5 1 3 0.514 0.11633 177.48 132.25 45.22 0.0023608 
10 125 5 1 4 0.376 0.11084 168.39 132.53 35.858 0.0027441 
10 125 5 1 5 0.28 0.094286 166.19 132.57 33.614 0.0028332 
10 125 5 1 8 0.066 0.0178 163.83 132.57 31.257 0.002927 
10 125 5 1 10 0.032 0.006302 163.46 132.6 30.854 0.0029251 
10 125 5 1 12 0.02 0.0016327 163.39 132.69 30.693 0.0029525 
10 125 5 1 15 0.018 0.0015061 163.39 132.64 30.749 0.0028866 
10 125 5 1 20 0.018 0.0015061 163.27 132.63 30.635 0.002953 
10 125 5 1 25 0.018 0.0015061 163.36 132.63 30.723 0.0028918 
10 125 5 1 30 0.018 0.0015061 163.44 132.69 30.747 0.0029635 
10 125 5 1 40 0.018 0.0015061 163.27 132.57 30.692 0.0029236 
10 125 5 1 50 0.018 0.0015061 162.24 133.01 29.22 0.0029139 
10 125 5 1 60 0.018 0.0015061 163.33 132.64 30.681 0.0029694 
10 125 5 1 70 0.018 0.0015061 163.38 132.67 30.71 0.0029128 
10 125 5 1 80 0.018 0.0015061 163.25 132.6 30.653 0.0029851 
10 125 5 1 90 0.018 0.0015061 163.34 132.59 30.741 0.0029 
10 125 5 1 100 0.018 0.0015061 163.26 132.68 30.577 0.0030133 
10 125 6 1 2 0.038 0.0052612 162.48 145.4 17.076 0.002756 
10 125 6 1 3 0.012 0.0010776 162.14 145.54 16.599 0.002952 
10 125 6 1 4 0.012 0.0010776 162 145.44 16.556 0.0033035 
10 125 6 1 5 0.012 0.0010776 161.44 145.84 15.598 0.0030779 
10 125 6 1 8 0.012 0.0010776 162.15 145.53 16.614 0.0030453 
10 125 6 1 10 0.012 0.0010776 162.02 145.45 16.568 0.0030537 
10 125 6 1 12 0.012 0.0010776 161.95 145.44 16.51 0.0030989 
10 125 6 1 15 0.012 0.0010776 162.03 145.44 16.589 0.0029762 
10 125 6 1 20 0.012 0.0010776 162.16 145.54 16.619 0.003014 
10 125 6 1 25 0.012 0.0010776 162.06 145.43 16.628 0.0030628 
10 125 6 1 30 0.012 0.0010776 162.12 145.54 16.575 0.0030448 
10 125 6 1 40 0.012 0.0010776 161.99 145.43 16.559 0.0030714 
10 125 6 1 50 0.012 0.0010776 162.13 145.54 16.585 0.0030528 
10 125 6 1 60 0.012 0.0010776 162.13 145.51 16.626 0.0029558 
10 125 6 1 70 0.012 0.0010776 162.08 145.5 16.579 0.0030621 
10 125 6 1 80 0.012 0.0010776 161.98 145.4 16.581 0.0030336 
10 125 6 1 90 0.012 0.0010776 161.97 145.4 16.567 0.0030393 
10 125 6 1 100 0.012 0.0010776 162.06 145.44 16.618 0.0030746 
10 150 3 1 2 0.98 0.002449 836.28 107.76 728.52 0.0052243 
10 150 3 1 3 0.946 0.020494 688.34 105.6 582.74 0.0047967 
10 150 3 1 4 0.92 0.031429 525.7 104.7 420.99 0.0043735 
10 150 3 1 5 0.882 0.046812 389.84 103.04 286.79 0.0039976 
10 150 3 1 8 0.76 0.078776 236.84 102.62 134.21 0.0037558 
10 150 3 1 10 0.606 0.1018 226.22 104.74 121.48 0.0040914 
10 150 3 1 12 0.464 0.10521 223.17 104.71 118.46 0.0042779 
10 150 3 1 15 0.29 0.072347 222.25 105.75 116.5 0.0044114 
10 150 3 1 20 0.152 0.015608 220.51 105.8 114.71 0.0044077 
10 150 3 1 25 0.12 0.0077551 220.19 105.88 114.31 0.0044212 
10 150 3 1 30 0.12 0.0077551 220.21 105.86 114.34 0.0044392 
10 150 3 1 40 0.12 0.0077551 220.69 106.34 114.35 0.0045251 
10 150 3 1 50 0.12 0.0077551 220.24 105.83 114.41 0.0044351 
10 150 3 1 60 0.12 0.0077551 220.36 105.86 114.49 0.0043779 
10 150 3 1 70 0.12 0.0077551 220.8 106.41 114.38 0.0045005 
10 150 3 1 80 0.12 0.0077551 220.18 105.85 114.33 0.0044495 
10 150 3 1 90 0.12 0.0077551 220.31 105.87 114.44 0.0044191 
10 150 3 1 100 0.12 0.0077551 217.36 106.23 111.12 0.004402 
10 150 4 1 2 0.782 0.079465 315.19 123.25 191.94 0.0036654 
10 150 4 1 3 0.628 0.12165 218.11 123.09 95.012 0.0034248 
10 150 4 1 4 0.49 0.13071 194.85 123.37 71.477 0.0036427 
10 150 4 1 5 0.35 0.12255 189.55 123.84 65.71 0.0039347 
10 150 4 1 8 0.098 0.026731 186.6 123.98 62.618 0.004095 
10 150 4 1 10 0.056 0.0061878 186.13 124 62.123 0.0041135 
10 150 4 1 12 0.042 0.0041184 186.04 124.04 62 0.004176 
10 150 4 1 15 0.042 0.0041184 186.04 124.09 61.943 0.0042005 
10 150 4 1 20 0.042 0.0041184 185.89 123.92 61.971 0.0041104 
10 150 4 1 25 0.042 0.0041184 185.97 123.98 61.979 0.0042117 
10 150 4 1 30 0.042 0.0041184 185.9 123.95 61.945 0.0040762 
10 150 4 1 40 0.042 0.0041184 185.94 124.03 61.903 0.0041851 
10 150 4 1 50 0.042 0.0041184 185.89 123.97 61.915 0.0040651 
10 150 4 1 60 0.042 0.0041184 185.95 123.99 61.953 0.0041747 
10 150 4 1 70 0.042 0.0041184 186.03 124.08 61.938 0.0041641 
10 150 4 1 80 0.042 0.0041184 185.85 123.93 61.916 0.0041068 
10 150 4 1 90 0.042 0.0041184 185.94 124.01 61.919 0.0041425 
10 150 4 1 100 0.042 0.0041184 185.98 124.01 61.971 0.0041222 
10 150 5 1 2 0.086 0.023269 181.1 145.38 35.713 0.0031613 
10 150 5 1 3 0.026 0.0019633 178.28 145.57 32.704 0.0036271 
10 150 5 1 4 0.018 0.0015061 178.16 145.54 32.612 0.0036153 
10 150 5 1 5 0.018 0.0015061 178.27 145.61 32.66 0.0037687 
10 150 5 1 8 0.018 0.0015061 178.3 145.64 32.655 0.0037144 
10 150 5 1 10 0.018 0.0015061 178.27 145.53 32.743 0.0036763 
10 150 5 1 12 0.018 0.0015061 178.4 145.63 32.766 0.003651 
10 150 5 1 15 0.018 0.0015061 178.44 145.62 32.811 0.0036316 
10 150 5 1 20 0.018 0.0015061 178.41 145.64 32.758 0.004345 
10 150 5 1 25 0.018 0.0015061 178.38 145.65 32.729 0.0036786 
10 150 5 1 30 0.018 0.0015061 178.3 145.65 32.651 0.0035807 
10 150 5 1 40 0.018 0.0015061 178.35 145.57 32.777 0.0036458 
10 150 5 1 50 0.018 0.0015061 178.38 145.6 32.773 0.0037192 
10 150 5 1 60 0.018 0.0015061 178.44 145.59 32.846 0.003728 
10 150 5 1 70 0.018 0.0015061 178.41 145.58 32.831 0.0037029 
10 150 5 1 80 0.018 0.0015061 178.38 145.55 32.82 0.0036506 
10 150 5 1 90 0.018 0.0015061 178.37 145.6 32.773 0.003634 
10 150 5 1 100 0.018 0.0015061 178.42 145.58 32.838 0.0039946 
10 200 3 1 2 0.95 0.011531 705.25 122.75 582.5 0.0059255 
10 200 3 1 3 0.904 0.022024 491.95 122.72 369.23 0.0052347 
10 200 3 1 4 0.808 0.051363 351.35 122.71 228.64 0.0047762 
10 200 3 1 5 0.678 0.090322 285.15 122.77 162.37 0.0047304 
10 200 3 1 8 0.364 0.075412 251.52 122.71 128.8 0.0056811 
10 200 3 1 10 0.232 0.049567 250.48 122.82 127.65 0.0056734 
10 200 3 1 12 0.17 0.026633 249.43 122.83 126.6 0.0057606 
10 200 3 1 15 0.122 0.0078735 249.11 122.84 126.26 0.0057175 
10 200 3 1 20 0.12 0.0077551 248.85 122.8 126.04 0.0058283 
10 200 3 1 25 0.12 0.0077551 249.2 122.83 126.36 0.0056586 
10 200 3 1 30 0.12 0.0077551 249.19 122.83 126.36 0.0057306 
10 200 3 1 40 0.12 0.0077551 249.45 122.93 126.51 0.0057155 
10 200 3 1 50 0.12 0.0077551 249.29 122.95 126.33 0.0058193 
10 200 3 1 60 0.12 0.0077551 248.88 122.82 126.05 0.0057388 
10 200 3 1 70 0.12 0.0077551 249.07 122.81 126.26 0.0057061 
10 200 3 1 80 0.12 0.0077551 249.29 122.84 126.44 0.0056853 
10 200 3 1 90 0.12 0.0077551 249.3 122.93 126.37 0.0058181 
10 200 3 1 100 0.12 0.0077551 249.28 122.97 126.31 0.0057524 
10 200 4 1 2 0.83 0.045408 422.55 164.73 257.82 0.0045489 
10 200 4 1 3 0.704 0.079984 281.93 163.84 118.09 0.0040016 
10 200 4 1 4 0.604 0.10692 238.17 163.99 74.179 0.0042225 
10 200 4 1 5 0.49 0.12582 227.29 164.12 63.174 0.0046032 
10 200 4 1 8 0.232 0.077322 221.51 164.33 57.171 0.00496 
10 200 4 1 10 0.094 0.015678 219.07 164.6 54.463 0.0050465 
10 200 4 1 12 0.052 0.0054041 219.71 164.31 55.396 0.0050854 
10 200 4 1 15 0.042 0.0041184 219.67 164.34 55.323 0.005142 
10 200 4 1 20 0.042 0.0041184 219.72 164.39 55.332 0.0050911 
10 200 4 1 25 0.042 0.0041184 219.63 164.3 55.326 0.0050761 
10 200 4 1 30 0.042 0.0041184 219.53 164.3 55.225 0.0050426 
10 200 4 1 40 0.042 0.0041184 219.51 164.24 55.264 0.0050734 
10 200 4 1 50 0.042 0.0041184 219.38 164.22 55.157 0.0050518 
10 200 4 1 60 0.042 0.0041184 219.48 164.27 55.203 0.0050826 
10 200 4 1 70 0.042 0.0041184 219.49 164.25 55.235 0.0052689 
10 200 4 1 80 0.042 0.0041184 219.46 164.34 55.115 0.0050094 
10 200 4 1 90 0.042 0.0041184 219.46 164.25 55.211 0.0049859 
10 200 4 1 100 0.042 0.0041184 219.44 164.24 55.198 0.0050967 
10 200 5 1 2 0.676 0.095331 308.85 206.03 102.82 0.0037007 
10 200 5 1 3 0.522 0.12665 252.57 206.41 46.155 0.0039323 
10 200 5 1 4 0.402 0.12796 244.06 207.9 36.154 0.0044004 
10 200 5 1 5 0.294 0.099759 242.34 208.22 34.11 0.0045392 
10 200 5 1 8 0.07 0.017245 240.14 208.86 31.28 0.0047496 
10 200 5 1 10 0.028 0.0045061 239.72 208.88 30.831 0.0049453 
10 200 5 1 12 0.02 0.0016327 239.41 208.6 30.801 0.0047142 
10 200 5 1 15 0.018 0.0015061 239.69 208.9 30.785 0.0047277 
10 200 5 1 20 0.018 0.0015061 239.74 208.88 30.847 0.0047485 
10 200 5 1 25 0.018 0.0015061 239.43 208.59 30.837 0.00463 
10 200 5 1 30 0.018 0.0015061 239.74 208.88 30.855 0.0047207 
10 200 5 1 40 0.018 0.0015061 239.6 208.82 30.775 0.0047291 
10 200 5 1 50 0.018 0.0015061 239.69 208.9 30.786 0.0047364 
10 200 5 1 60 0.018 0.0015061 239.38 208.58 30.796 0.0046257 
10 200 5 1 70 0.018 0.0015061 239.72 208.94 30.778 0.0047186 
10 200 5 1 80 0.018 0.0015061 239.67 208.93 30.743 0.0047368 
10 200 5 1 90 0.018 0.0015061 239.68 208.89 30.785 0.0046153 
10 200 5 1 100 0.018 0.0015061 238.86 209.01 29.84 0.0047449 
10 200 6 1 2 0.622 0.11481 288.45 248.4 40.05 0.004131 
10 200 6 1 3 0.428 0.11471 271.87 251.22 20.652 0.0049173 
10 200 6 1 4 0.292 0.088914 269.95 252.38 17.559 0.0051992 
10 200 6 1 5 0.176 0.054922 269.16 252.9 16.259 0.00519 
10 200 6 1 8 0.032 0.0042612 267.89 253.03 14.847 0.0052545 
10 200 6 1 10 0.016 0.0013714 267.7 252.97 14.725 0.0053639 
10 200 6 1 12 0.014 0.0012286 267.73 253.02 14.709 0.0053381 
10 200 6 1 15 0.012 0.0010776 267.78 253.09 14.692 0.0053545 
10 200 6 1 20 0.012 0.0010776 267.68 252.99 14.69 0.0053566 
10 200 6 1 25 0.012 0.0010776 267.54 252.9 14.627 0.0053513 
10 200 6 1 30 0.012 0.0010776 267.65 252.95 14.691 0.0053573 
10 200 6 1 40 0.012 0.0010776 267.68 253.01 14.666 0.0053621 
10 200 6 1 50 0.012 0.0010776 267.64 252.95 14.68 0.00543 
10 200 6 1 60 0.012 0.0010776 267.72 253.02 14.691 0.0053595 
10 200 6 1 70 0.012 0.0010776 267.71 253.03 14.678 0.0053361 
10 200 6 1 80 0.012 0.0010776 267.61 252.94 14.661 0.0053399 
10 200 6 1 90 0.012 0.0010776 267.67 252.99 14.677 0.005327 
10 200 6 1 100 0.012 0.0010776 267.88 253.6 14.274 0.0053759 
10 250 3 1 2 0.488 0.095771 327.19 145.38 181.8 0.0063734 
10 250 3 1 3 0.278 0.057261 271.38 145.31 126.07 0.0070285 
10 250 3 1 4 0.156 0.014759 265.82 145.35 120.46 0.0075946 
10 250 3 1 5 0.12 0.0077551 265.45 145.33 120.11 0.0076286 
10 250 3 1 8 0.12 0.0077551 265.53 145.31 120.21 0.007688 
10 250 3 1 10 0.12 0.0077551 265.73 145.29 120.43 0.0088576 
10 250 3 1 12 0.12 0.0077551 265.42 145.36 120.06 0.0076506 
10 250 3 1 15 0.12 0.0077551 265.27 145.3 119.96 0.0078256 
10 250 3 1 20 0.12 0.0077551 265.38 145.26 120.11 0.0076409 
10 250 3 1 25 0.12 0.0077551 265.32 145.3 120.02 0.007711 
10 250 3 1 30 0.12 0.0077551 265.56 145.36 120.19 0.0076517 
10 250 3 1 40 0.12 0.0077551 265.82 145.36 120.45 0.0077051 
10 250 3 1 50 0.12 0.0077551 265.64 145.36 120.27 0.0077408 
10 250 3 1 60 0.12 0.0077551 265.75 145.41 120.33 0.007664 
10 250 3 1 70 0.12 0.0077551 265.58 145.44 120.14 0.0078092 
10 250 3 1 80 0.12 0.0077551 265.57 145.38 120.19 0.0077245 
10 250 3 1 90 0.12 0.0077551 265.51 145.38 120.12 0.0076695 
10 250 3 1 100 0.12 0.0077551 265.9 145.42 120.47 0.0076823 
10 250 4 1 2 0.868 0.043853 513.76 204.18 309.58 0.0060675 
10 250 4 1 3 0.81 0.073163 346 204.16 141.83 0.0054405 
10 250 4 1 4 0.722 0.098078 283.35 204.12 79.223 0.005616 
10 250 4 1 5 0.602 0.13449 264.73 204.25 60.471 0.0059078 
10 250 4 1 8 0.308 0.1081 255.56 204.31 51.241 0.0063322 
10 250 4 1 10 0.188 0.061078 253.91 204.42 49.485 0.0064576 
10 250 4 1 12 0.102 0.017343 252.97 204.41 48.557 0.0065984 
10 250 4 1 15 0.054 0.0049837 252.59 204.38 48.203 0.0066053 
10 250 4 1 20 0.042 0.0041184 252.54 204.43 48.099 0.0065111 
10 250 4 1 25 0.042 0.0041184 252.54 204.46 48.07 0.0066056 
10 250 4 1 30 0.042 0.0041184 252.5 204.38 48.111 0.0065039 
10 250 4 1 40 0.042 0.0041184 252.6 204.43 48.159 0.00663 
10 250 4 1 50 0.042 0.0041184 252.55 204.4 48.145 0.0069624 
10 250 4 1 60 0.042 0.0041184 252.6 204.47 48.13 0.0065188 
10 250 4 1 70 0.042 0.0041184 252.66 204.55 48.098 0.0066705 
10 250 4 1 80 0.042 0.0041184 252.74 204.62 48.114 0.0066482 
10 250 4 1 90 0.042 0.0041184 252.73 204.57 48.155 0.0065234 
10 250 4 1 100 0.042 0.0041184 252.79 204.69 48.086 0.0066418 
10 300 4 1 2 0.872 0.048588 625.01 245.32 379.68 0.0075772 
10 300 4 1 3 0.802 0.074078 436.73 245.1 191.62 0.0067445 
10 300 4 1 4 0.75 0.094796 353.4 245 108.39 0.0064863 
10 300 4 1 5 0.662 0.11832 324.09 244.99 79.094 0.0069878 
10 300 4 1 8 0.426 0.13217 310.26 245.17 65.09 0.0078605 
10 300 4 1 10 0.298 0.11163 308.33 245.11 63.215 0.0078621 
10 300 4 1 12 0.196 0.068963 307.41 245.16 62.243 0.0080492 
10 300 4 1 15 0.092 0.026465 306.55 245.38 61.159 0.0080056 
10 300 4 1 20 0.046 0.0041673 305.95 245.41 60.531 0.0081915 
10 300 4 1 25 0.042 0.0041184 306.04 245.29 60.747 0.0080068 
10 300 4 1 30 0.042 0.0041184 305.7 245.21 60.478 0.008245 
10 300 4 1 40 0.042 0.0041184 305.73 245.18 60.537 0.0087004 
10 300 4 1 50 0.042 0.0041184 305.92 245.23 60.675 0.0081826 
10 300 4 1 60 0.042 0.0041184 305.69 245.32 60.365 0.0080208 
10 300 4 1 70 0.042 0.0041184 306.01 245.27 60.733 0.008261 
10 300 4 1 80 0.042 0.0041184 305.91 245.3 60.603 0.0079965 
10 300 4 1 90 0.042 0.0041184 305.85 245.19 60.651 0.0082118 
10 300 4 1 100 0.042 0.0041184 306.04 245.32 60.715 0.0079992 
