10 5 3 1 2 0.594 0.11119 105.38 6.751 98.63 0.00044886 
10 5 3 1 3 0.322 0.091547 22.235 6.585 15.65 0.00033736 
10 5 3 1 4 0.114 0.028984 8.7049 6.5737 2.1309 0.00032808 
10 5 3 1 5 0.01 0.0013265 6.771 6.5888 0.18184 0.00032716 
10 5 4 1 2 0.414 0.10286 39.035 7.6944 31.341 0.0003271 
10 5 4 1 3 0.21 0.069082 11.833 7.6793 4.1531 0.00027409 
10 5 4 1 4 0.072 0.029404 8.4957 7.6751 0.82021 0.00027866 
10 5 4 1 5 0.004 0.00039184 7.7849 7.6744 0.11014 0.0002752 
10 5 5 1 2 0.342 0.11963 20.851 9.9198 10.931 0.00027376 
10 5 5 1 3 0.132 0.043445 11.174 9.5438 1.6297 0.00028503 
10 5 5 1 4 0.034 0.0092286 9.8747 9.5024 0.37199 0.00027434 
10 5 5 1 5 0.004 0.00039184 9.5496 9.4991 0.050128 0.00026465 
10 5 6 1 2 0.196 0.052637 15.616 11.358 4.2571 0.00027477 
10 5 6 1 3 0.07 0.022143 12.09 11.35 0.73991 0.00028259 
10 5 6 1 4 0.02 0.002449 11.532 11.349 0.18298 0.00028558 
10 5 6 1 5 0.002 0.0002 11.385 11.36 0.024507 0.00027788 
10 5 7 1 2 0.156 0.038433 15.087 13.192 1.895 0.00028465 
10 5 7 1 3 0.032 0.0054857 13.544 13.259 0.2843 0.00029635 
10 5 7 1 4 0.012 0.0035265 13.241 13.165 0.076232 0.00027403 
10 5 7 1 5 0.004 0.0008 13.185 13.161 0.023894 0.00028144 
10 10 3 1 2 0.822 0.05522 293.22 12.443 280.78 0.00075549 
10 10 3 1 3 0.68 0.10735 109.03 12.147 96.886 0.00053401 
10 10 3 1 4 0.528 0.11961 38.72 11.999 26.721 0.00043986 
10 10 3 1 5 0.388 0.12516 19.918 12.091 7.8268 0.00043954 
10 10 3 1 8 0.118 0.064771 13.261 12.032 1.2286 0.00040856 
10 10 3 1 10 0.02 0.0044898 12.169 12.006 0.16254 0.00040002 
10 10 4 1 2 0.674 0.1236 124.23 15.117 109.11 0.0004823 
10 10 4 1 3 0.536 0.13623 38.52 15.047 23.472 0.00036906 
10 10 4 1 4 0.414 0.13102 21.67 15.029 6.6403 0.0003573 
10 10 4 1 5 0.264 0.09582 18.053 14.982 3.0703 0.00033568 
10 10 4 1 8 0.034 0.016167 15.364 15.018 0.34524 0.00033711 
10 10 4 1 10 0.004 0.00039184 15.021 14.981 0.039281 0.00034109 
10 10 5 1 2 0.554 0.11315 56.322 19.801 36.52 0.00050485 
10 10 5 1 3 0.392 0.11626 25.735 18.938 6.7963 0.00040916 
10 10 5 1 4 0.236 0.085208 21.604 18.949 2.6539 0.00041838 
10 10 5 1 5 0.12 0.045714 20.154 18.907 1.2469 0.00041423 
10 10 5 1 8 0.012 0.0018939 19.033 18.949 0.083363 0.00045965 
10 10 5 1 10 0 0 19.055 19.054 4.912e-05 0.00050619 
10 10 6 1 2 0.388 0.10067 35.613 22.647 12.966 0.00051217 
10 10 6 1 3 0.238 0.084853 25.479 22.463 3.0154 0.00055785 
10 10 6 1 4 0.13 0.042959 23.581 22.365 1.2157 0.00048218 
10 10 6 1 5 0.054 0.016412 22.964 22.458 0.50611 0.00053475 
10 10 6 1 8 0.002 0.0002 22.599 22.579 0.020043 0.00038295 
10 10 6 1 10 0 0 22.558 22.557 5.9104e-05 0.00040746 
10 10 7 1 2 0.29 0.071939 34.129 29.154 4.9745 0.00036082 
10 10 7 1 3 0.122 0.029098 29.364 28.137 1.227 0.00039642 
10 10 7 1 4 0.048 0.0090776 28.52 28.175 0.34432 0.00038006 
10 10 7 1 5 0.02 0.0044898 28.454 28.312 0.14221 0.00041503 
10 10 7 1 8 0 0 28.278 28.277 2.4179e-05 0.00043663 
10 10 7 1 10 0 0 28.367 28.367 2.4827e-05 0.00042295 
10 25 3 1 2 0.974 0.0064531 696.66 30.382 666.27 0.001611 
10 25 3 1 3 0.934 0.021473 512.11 29.233 482.88 0.0014101 
10 25 3 1 4 0.882 0.048037 326.76 28.751 298 0.0011667 
10 25 3 1 5 0.846 0.058453 185.1 28.279 156.82 0.00098879 
10 25 3 1 8 0.656 0.12864 44.448 27.982 16.464 0.00080726 
10 25 3 1 10 0.516 0.14096 34.365 27.804 6.56 0.00076535 
10 25 3 1 12 0.342 0.13269 31.856 27.931 3.9247 0.00079851 
10 25 3 1 15 0.176 0.094922 30.061 27.982 2.0776 0.0007985 
10 25 3 1 20 0.05 0.028673 28.738 28.137 0.60056 0.00084257 
10 25 3 1 25 0.002 0.0002 28.15 28.136 0.012838 0.00082321 
10 50 4 1 2 0.378 0.093996 126.24 41.266 84.971 0.001113 
10 50 4 1 3 0.156 0.040473 108.65 41.233 67.417 0.0012161 
10 50 4 1 4 0.064 0.0080653 106.72 41.204 65.511 0.0012827 
10 50 4 1 5 0.042 0.0041184 106.48 41.248 65.235 0.0013399 
10 50 4 1 8 0.042 0.0041184 106.68 41.26 65.414 0.0012936 
10 50 4 1 10 0.042 0.0041184 106.62 41.255 65.362 0.0013154 
10 50 4 1 12 0.042 0.0041184 106.62 41.258 65.357 0.0013047 
10 50 4 1 15 0.042 0.0041184 106.61 41.257 65.351 0.0013667 
10 50 4 1 20 0.042 0.0041184 106.67 41.29 65.38 0.0013108 
10 50 4 1 25 0.042 0.0041184 106.53 41.24 65.29 0.0013157 
10 50 4 1 30 0.042 0.0041184 106.59 41.263 65.327 0.0013537 
10 50 4 1 40 0.042 0.0041184 106.6 41.261 65.336 0.0012867 
10 50 4 1 50 0 0 41.249 41.248 4.0545e-05 0.0011183 
10 50 5 1 2 0.656 0.10333 139.06 59.894 79.161 0.0010808 
10 50 5 1 3 0.492 0.12075 94.759 59.712 35.046 0.00096939 
10 50 5 1 4 0.352 0.10296 87.161 59.807 27.353 0.0010213 
10 50 5 1 5 0.226 0.066861 85.156 59.947 25.208 0.0010968 
10 50 5 1 8 0.05 0.011122 83.404 60.054 23.349 0.0011465 
10 50 5 1 10 0.02 0.0016327 83.15 59.993 23.156 0.0011691 
10 50 5 1 12 0.018 0.0015061 83.226 60.063 23.162 0.0011481 
10 50 5 1 15 0.018 0.0015061 83.142 59.996 23.145 0.0011553 
10 50 5 1 20 0.018 0.0015061 83.193 60.043 23.149 0.0011417 
10 50 5 1 25 0.018 0.0015061 83.154 59.991 23.161 0.0011518 
10 50 5 1 30 0.018 0.0015061 83.194 60.033 23.159 0.0011513 
10 50 5 1 40 0.006 0.00057551 60.014 59.922 0.090471 0.0011236 
10 50 5 1 50 0 0 59.938 59.937 4.0783e-05 0.0010733 
10 75 3 1 2 0.932 0.014873 562.14 50.443 511.7 0.0026527 
10 75 3 1 3 0.85 0.039286 358.62 50.331 308.29 0.0022737 
10 75 3 1 4 0.748 0.062955 244.35 50.357 194 0.0020945 
10 75 3 1 5 0.624 0.086351 196.7 50.326 146.37 0.0020186 
10 75 3 1 8 0.328 0.073078 175.65 50.378 125.27 0.0023721 
10 75 3 1 10 0.168 0.017731 173.75 50.366 123.38 0.0024254 
10 75 3 1 12 0.128 0.0094041 173.5 50.361 123.14 0.0025049 
10 75 3 1 15 0.12 0.0077551 173.31 50.358 122.95 0.0024893 
10 75 3 1 20 0.12 0.0077551 173.43 50.36 123.07 0.0024696 
10 75 3 1 25 0.12 0.0077551 173.32 50.376 122.95 0.0024606 
10 75 3 1 30 0.12 0.0077551 173.39 50.392 123 0.002482 
10 75 3 1 40 0.12 0.0077551 173.4 50.358 123.03 0.0025027 
10 75 3 1 50 0.12 0.0077551 173.49 50.355 123.13 0.002505 
10 75 3 1 60 0.12 0.0077551 173.42 50.393 123.03 0.0025214 
10 75 3 1 70 0.012 0.0014857 50.542 50.375 0.1651 0.0020126 
10 75 5 1 2 0.026 0.0031878 106.45 72.78 33.664 0.0014619 
10 75 5 1 3 0.018 0.0015061 105.73 72.889 32.835 0.0017199 
10 75 5 1 4 0.018 0.0015061 105.73 72.891 32.836 0.0017495 
10 75 5 1 5 0.018 0.0015061 105.73 72.881 32.843 0.0017291 
10 75 5 1 8 0.018 0.0015061 105.63 72.891 32.733 0.0017467 
10 75 5 1 10 0.018 0.0015061 105.82 72.904 32.914 0.0017613 
10 75 5 1 12 0.018 0.0015061 105.69 72.836 32.852 0.0017589 
10 75 5 1 15 0.018 0.0015061 105.79 72.823 32.964 0.0017318 
10 75 5 1 20 0.018 0.0015061 105.78 72.825 32.954 0.0017193 
10 75 5 1 25 0.018 0.0015061 105.85 72.878 32.975 0.001728 
10 75 5 1 30 0.018 0.0015061 105.72 72.886 32.835 0.0017472 
10 75 5 1 40 0.018 0.0015061 105.71 72.879 32.83 0.0017248 
10 75 5 1 50 0.018 0.0015061 105.77 72.889 32.878 0.0017075 
10 75 5 1 60 0.018 0.0015061 105.78 72.867 32.908 0.0017243 
10 75 5 1 70 0.018 0.0015061 105.8 72.867 32.93 0.0016744 
10 75 6 1 2 0.536 0.11745 132.94 100.67 32.268 0.0014884 
10 75 6 1 3 0.36 0.10286 117.38 100.6 16.775 0.001521 
10 75 6 1 4 0.212 0.072506 115.03 100.91 14.115 0.0017153 
10 75 6 1 5 0.128 0.054302 114.15 101.02 13.136 0.0017834 
10 75 6 1 8 0.034 0.014127 113.22 101.04 12.182 0.0017825 
10 75 6 1 10 0.024 0.0059429 113.13 101.09 12.042 0.0018726 
10 75 6 1 12 0.012 0.0010776 112.98 101 11.981 0.0017704 
10 75 6 1 15 0.012 0.0010776 113.07 101.09 11.982 0.0017895 
10 75 6 1 20 0.012 0.0010776 112.99 101.03 11.956 0.0018299 
10 75 6 1 25 0.012 0.0010776 113.01 101.03 11.981 0.0017765 
10 75 6 1 30 0.012 0.0010776 113.09 101.11 11.981 0.0018372 
10 75 6 1 40 0.012 0.0010776 113.06 101.07 11.982 0.0017843 
10 75 6 1 50 0.012 0.0010776 113.15 101.15 11.994 0.001826 
10 75 6 1 60 0.012 0.0010776 112.96 100.98 11.972 0.0018102 
10 75 6 1 70 0 0 101.05 101.05 2.4636e-05 0.0017752 
10 100 4 1 2 0.64 0.093061 217.52 82.25 135.27 0.0037255 
10 100 4 1 3 0.432 0.11651 159.89 82.142 77.746 0.0036325 
10 100 4 1 4 0.224 0.066351 150 82.216 67.781 0.0041999 
10 100 4 1 5 0.126 0.026045 148.4 82.234 66.165 0.004135 
10 100 4 1 8 0.042 0.0041184 147.35 82.143 65.207 0.0028124 
10 100 4 1 10 0.042 0.0041184 147.33 82.147 65.182 0.0025111 
10 100 4 1 12 0.042 0.0041184 147.41 82.147 65.263 0.0025176 
10 100 4 1 15 0.042 0.0041184 147.4 82.17 65.23 0.0025571 
10 100 4 1 20 0.042 0.0041184 147.42 82.16 65.254 0.0024966 
10 100 4 1 25 0.042 0.0041184 147.36 82.173 65.185 0.0025175 
10 100 4 1 30 0.042 0.0041184 147.4 82.217 65.179 0.0024903 
10 100 4 1 40 0.042 0.0041184 147.42 82.158 65.256 0.0024915 
10 100 4 1 50 0.042 0.0041184 147.49 82.196 65.289 0.0024838 
10 100 4 1 60 0.042 0.0041184 147.43 82.187 65.239 0.0025455 
10 100 4 1 70 0.042 0.0041184 147.45 82.194 65.25 0.0024786 
10 100 4 1 80 0.042 0.0041184 147.53 82.169 65.362 0.0024864 
10 100 4 1 90 0.042 0.0041184 147.37 82.205 65.158 0.0024678 
10 100 4 1 100 0 0 82.189 82.187 2.2733e-05 0.0022547 
10 100 6 1 2 0.328 0.085731 144.79 123.22 21.559 0.0019442 
10 100 6 1 3 0.168 0.047118 139.01 123.54 15.467 0.0022841 
10 100 6 1 4 0.074 0.014616 138.06 123.6 14.464 0.0023326 
10 100 6 1 5 0.026 0.0027796 137.9 123.74 14.156 0.0024432 
10 100 6 1 8 0.012 0.0010776 137.55 123.55 14.001 0.0023374 
10 100 6 1 10 0.012 0.0010776 137.61 123.6 14.003 0.0023805 
10 100 6 1 12 0.012 0.0010776 137.67 123.62 14.054 0.00241 
10 100 6 1 15 0.012 0.0010776 137.69 123.63 14.061 0.0023427 
10 100 6 1 20 0.012 0.0010776 137.71 123.66 14.053 0.0024157 
10 100 6 1 25 0.012 0.0010776 137.67 123.64 14.032 0.0023277 
10 100 6 1 30 0.012 0.0010776 137.69 123.68 14.011 0.0024121 
10 100 6 1 40 0.012 0.0010776 137.57 123.53 14.036 0.0023244 
10 100 6 1 50 0.012 0.0010776 137.82 123.76 14.057 0.0024217 
10 100 6 1 60 0.012 0.0010776 137.62 123.57 14.049 0.0023491 
10 100 6 1 70 0.012 0.0010776 137.76 123.7 14.058 0.0024384 
10 100 6 1 80 0.012 0.0010776 137.59 123.57 14.016 0.0023558 
10 100 6 1 90 0.012 0.0010776 137.71 123.7 14.007 0.0024123 
10 100 6 1 100 0 0 123.62 123.62 2.4761e-05 0.0023547 
10 125 3 1 2 0.256 0.055576 208.21 73.027 135.18 0.0032393 
10 125 3 1 3 0.12 0.0077551 195.09 72.998 122.09 0.0036811 
10 125 3 1 4 0.12 0.0077551 194.98 72.954 122.03 0.0037345 
10 125 3 1 5 0.12 0.0077551 195.08 72.9 122.17 0.0038328 
10 125 3 1 8 0.12 0.0077551 195.11 72.951 122.16 0.0037488 
10 125 3 1 10 0.12 0.0077551 195.14 72.963 122.18 0.0037858 
10 125 3 1 12 0.12 0.0077551 195.01 72.926 122.08 0.0037641 
10 125 3 1 15 0.12 0.0077551 195.15 72.909 122.24 0.0037126 
10 125 3 1 20 0.12 0.0077551 194.97 72.893 122.07 0.0038163 
10 125 3 1 25 0.12 0.0077551 194.93 72.854 122.07 0.003754 
10 125 3 1 30 0.12 0.0077551 194.86 72.869 121.99 0.0038119 
10 125 3 1 40 0.12 0.0077551 195.15 72.977 122.17 0.0037639 
10 125 3 1 50 0.12 0.0077551 195.1 72.942 122.16 0.0037516 
10 125 3 1 60 0.12 0.0077551 195.09 72.901 122.19 0.0038502 
10 125 3 1 70 0.12 0.0077551 195.13 72.879 122.25 0.0037365 
10 125 3 1 80 0.12 0.0077551 195.04 72.912 122.13 0.0037351 
10 125 3 1 90 0.12 0.0077551 195.01 72.908 122.1 0.003799 
10 125 3 1 100 0.12 0.0077551 194.97 72.891 122.08 0.0037237 
10 125 5 1 2 0.69 0.097653 224.9 132.09 92.803 0.0023908 
10 125 5 1 3 0.536 0.12766 176.06 132.01 44.051 0.0023397 
10 125 5 1 4 0.396 0.13835 167.4 132.29 35.106 0.002668 
10 125 5 1 5 0.286 0.11592 165.33 132.58 32.749 0.0028389 
10 125 5 1 8 0.08 0.020816 162.5 132.4 30.099 0.0028299 
10 125 5 1 10 0.028 0.0028735 162.13 132.51 29.622 0.0029442 
10 125 5 1 12 0.022 0.001751 161.99 132.48 29.499 0.0029916 
10 125 5 1 15 0.018 0.0015061 161.94 132.51 29.421 0.0029548 
10 125 5 1 20 0.018 0.0015061 161.93 132.52 29.41 0.0029871 
10 125 5 1 25 0.018 0.0015061 162.01 132.52 29.486 0.0029752 
10 125 5 1 30 0.018 0.0015061 161.83 132.43 29.392 0.0029471 
10 125 5 1 40 0.018 0.0015061 161.95 132.48 29.468 0.0029516 
10 125 5 1 50 0.018 0.0015061 161.93 132.49 29.436 0.0029596 
10 125 5 1 60 0.018 0.0015061 161.91 132.46 29.45 0.0029538 
10 125 5 1 70 0.018 0.0015061 160.93 132.75 28.18 0.0029527 
10 125 5 1 80 0.018 0.0015061 161.91 132.48 29.43 0.0029704 
10 125 5 1 90 0.018 0.0015061 161.97 132.51 29.459 0.0029515 
10 125 5 1 100 0.018 0.0015061 161.84 132.46 29.383 0.0029457 
10 125 6 1 2 0.036 0.0068408 161.64 145.73 15.908 0.0027632 
10 125 6 1 3 0.012 0.0010776 161.66 146.03 15.628 0.0031763 
10 125 6 1 4 0.012 0.0010776 161.56 145.98 15.585 0.0030581 
10 125 6 1 5 0.012 0.0010776 161.62 146 15.616 0.0031739 
10 125 6 1 8 0.012 0.0010776 161.65 146.06 15.582 0.0031095 
10 125 6 1 10 0.012 0.0010776 161.57 145.95 15.615 0.003167 
10 125 6 1 12 0.012 0.0010776 161.62 146.06 15.562 0.0031387 
10 125 6 1 15 0.012 0.0010776 161.62 145.99 15.632 0.0030719 
10 125 6 1 20 0.012 0.0010776 161.72 146.17 15.55 0.0031812 
10 125 6 1 25 0.012 0.0010776 161.64 146.02 15.608 0.0030983 
10 125 6 1 30 0.012 0.0010776 161.71 146.11 15.592 0.0032302 
10 125 6 1 40 0.012 0.0010776 161.31 146.11 15.202 0.0030804 
10 125 6 1 50 0.012 0.0010776 161.57 146.35 15.218 0.0031562 
10 125 6 1 60 0.012 0.0010776 161.64 145.99 15.649 0.0030046 
10 125 6 1 70 0.012 0.0010776 161.61 146.08 15.527 0.0030993 
10 125 6 1 80 0.012 0.0010776 161.6 145.97 15.627 0.0030563 
10 125 6 1 90 0.012 0.0010776 161.63 146.08 15.548 0.0032038 
10 125 6 1 100 0.012 0.0010776 161.53 145.97 15.566 0.0030769 
10 150 3 1 2 0.996 0.00039184 810.1 103.99 706.1 0.0050882 
10 150 3 1 3 0.974 0.0040041 664.75 103.16 561.58 0.0046848 
10 150 3 1 4 0.934 0.012902 508.5 102.39 406.11 0.0042963 
10 150 3 1 5 0.88 0.042041 379.52 102.03 277.49 0.0040158 
10 150 3 1 8 0.708 0.096669 231.99 101.52 130.46 0.0037356 
10 150 3 1 10 0.606 0.11568 221.88 102.32 119.56 0.0040465 
10 150 3 1 12 0.488 0.11455 219.79 102.88 116.9 0.00429 
10 150 3 1 15 0.334 0.090045 218.43 103.19 115.24 0.0043697 
10 150 3 1 20 0.172 0.022465 216.82 103.47 113.35 0.0043259 
10 150 3 1 25 0.12 0.0077551 216.09 103.15 112.94 0.0044593 
10 150 3 1 30 0.12 0.0077551 216.29 103.41 112.88 0.0044558 
10 150 3 1 40 0.12 0.0077551 215.96 103.27 112.69 0.0043484 
10 150 3 1 50 0.12 0.0077551 216 103.34 112.65 0.0044516 
10 150 3 1 60 0.12 0.0077551 216.32 103.4 112.91 0.004437 
10 150 3 1 70 0.12 0.0077551 216.18 103.19 112.98 0.0043295 
10 150 3 1 80 0.12 0.0077551 216.13 103.4 112.72 0.0044319 
10 150 3 1 90 0.12 0.0077551 216 103.39 112.6 0.0044375 
10 150 3 1 100 0.12 0.0077551 215.98 103.12 112.86 0.0043804 
10 150 4 1 2 0.78 0.073061 310.59 124.1 186.49 0.0032634 
10 150 4 1 3 0.592 0.11708 215.32 123.14 92.182 0.0030597 
10 150 4 1 4 0.446 0.12702 194.15 123.42 70.726 0.0033287 
10 150 4 1 5 0.35 0.11888 190.36 123.92 66.438 0.003681 
10 150 4 1 8 0.112 0.028016 187.13 123.86 63.265 0.0037336 
10 150 4 1 10 0.052 0.0045878 186.7 124.03 62.671 0.0037857 
10 150 4 1 12 0.042 0.0041184 186.22 123.97 62.25 0.0038058 
10 150 4 1 15 0.042 0.0041184 186.29 124 62.279 0.0037876 
10 150 4 1 20 0.042 0.0041184 186.42 124.12 62.295 0.0038159 
10 150 4 1 25 0.042 0.0041184 186.2 123.96 62.232 0.003873 
10 150 4 1 30 0.042 0.0041184 186.25 123.98 62.264 0.0038228 
10 150 4 1 40 0.042 0.0041184 186.25 123.96 62.292 0.0038184 
10 150 4 1 50 0.042 0.0041184 186.34 124 62.339 0.0038114 
10 150 4 1 60 0.042 0.0041184 186.23 123.95 62.282 0.0037874 
10 150 4 1 70 0.042 0.0041184 186.27 123.93 62.333 0.0038213 
10 150 4 1 80 0.042 0.0041184 186.24 123.96 62.268 0.0037845 
10 150 4 1 90 0.042 0.0041184 186.14 123.93 62.213 0.0038144 
10 150 4 1 100 0.042 0.0041184 186.2 123.95 62.246 0.0037849 
10 150 5 1 2 0.09 0.01398 181.38 145.12 36.257 0.0032484 
10 150 5 1 3 0.02 0.0020408 177.86 145.16 32.696 0.0037604 
10 150 5 1 4 0.018 0.0015061 177.67 145.1 32.565 0.0038444 
10 150 5 1 5 0.018 0.0015061 177.89 145.19 32.705 0.003822 
10 150 5 1 8 0.018 0.0015061 177.97 145.09 32.874 0.0037822 
10 150 5 1 10 0.018 0.0015061 177.88 145.12 32.76 0.0037763 
10 150 5 1 12 0.018 0.0015061 177.88 145.21 32.662 0.0038531 
10 150 5 1 15 0.018 0.0015061 177.9 145.12 32.781 0.0037517 
10 150 5 1 20 0.018 0.0015061 178.08 145.15 32.924 0.0038772 
10 150 5 1 25 0.018 0.0015061 178.1 145.19 32.907 0.0038891 
10 150 5 1 30 0.018 0.0015061 178.15 145.21 32.935 0.0038371 
10 150 5 1 40 0.018 0.0015061 177.85 145.12 32.729 0.0037266 
10 150 5 1 50 0.018 0.0015061 177.84 145.07 32.769 0.0038638 
10 150 5 1 60 0.018 0.0015061 178.05 145.13 32.919 0.0039171 
10 150 5 1 70 0.018 0.0015061 177.99 145.09 32.894 0.0037379 
10 150 5 1 80 0.018 0.0015061 177.93 145.09 32.837 0.0038508 
10 150 5 1 90 0.018 0.0015061 177.83 145.08 32.747 0.003852 
10 150 5 1 100 0.018 0.0015061 177.83 145.06 32.771 0.0037152 
10 200 3 1 2 0.936 0.01582 652.62 122.77 529.84 0.0058422 
10 200 3 1 3 0.87 0.038878 460.31 122.65 337.66 0.0054853 
10 200 3 1 4 0.788 0.067608 333.58 122.72 210.86 0.0048687 
10 200 3 1 5 0.686 0.09878 275.58 122.68 152.9 0.0046372 
10 200 3 1 8 0.398 0.087139 244.58 122.72 121.85 0.0054876 
10 200 3 1 10 0.226 0.047269 242.59 122.76 119.83 0.0056642 
10 200 3 1 12 0.152 0.015608 241.82 122.73 119.08 0.006101 
10 200 3 1 15 0.12 0.0077551 241.29 122.69 118.59 0.0057837 
10 200 3 1 20 0.12 0.0077551 241.83 122.88 118.94 0.0057322 
10 200 3 1 25 0.12 0.0077551 241.69 122.74 118.94 0.0057489 
10 200 3 1 30 0.12 0.0077551 241.55 122.72 118.82 0.0057729 
10 200 3 1 40 0.12 0.0077551 241.7 122.74 118.96 0.0057417 
10 200 3 1 50 0.12 0.0077551 241.6 122.76 118.83 0.0057486 
10 200 3 1 60 0.12 0.0077551 241.07 122.76 118.31 0.0057502 
10 200 3 1 70 0.12 0.0077551 241.2 122.79 118.4 0.0057719 
10 200 3 1 80 0.12 0.0077551 241.07 122.81 118.26 0.0057803 
10 200 3 1 90 0.12 0.0077551 241.17 122.77 118.4 0.0057862 
10 200 3 1 100 0.12 0.0077551 241.01 122.74 118.26 0.0060669 
10 200 4 1 2 0.836 0.055412 413 164.21 248.79 0.0044438 
10 200 4 1 3 0.714 0.1 281.83 164 117.82 0.0041477 
10 200 4 1 4 0.606 0.13037 239.89 163.9 75.982 0.0040968 
10 200 4 1 5 0.504 0.12202 229.9 164.41 65.477 0.0046377 
10 200 4 1 8 0.182 0.048445 224.25 164.7 59.544 0.0050028 
10 200 4 1 10 0.078 0.0095061 223.32 164.7 58.612 0.0049907 
10 200 4 1 12 0.046 0.0041673 223.07 164.7 58.372 0.0049924 
10 200 4 1 15 0.044 0.0041469 223.11 164.78 58.328 0.0051259 
10 200 4 1 20 0.042 0.0041184 223.08 164.7 58.374 0.0052949 
10 200 4 1 25 0.042 0.0041184 222.92 164.65 58.269 0.0050256 
10 200 4 1 30 0.042 0.0041184 223.07 164.78 58.285 0.0050988 
10 200 4 1 40 0.042 0.0041184 223.02 164.71 58.309 0.005015 
10 200 4 1 50 0.042 0.0041184 221.55 165.05 56.496 0.0050197 
10 200 4 1 60 0.042 0.0041184 223.05 164.7 58.343 0.0051155 
10 200 4 1 70 0.042 0.0041184 223.07 164.7 58.36 0.0050155 
10 200 4 1 80 0.042 0.0041184 222.99 164.68 58.305 0.004997 
10 200 4 1 90 0.042 0.0041184 223.19 164.85 58.326 0.0051274 
10 200 4 1 100 0.042 0.0041184 222.93 164.58 58.341 0.0049679 
10 200 5 1 2 0.704 0.086106 303.37 204.23 99.137 0.0037468 
10 200 5 1 3 0.56 0.12449 247.98 204.44 43.539 0.0040037 
10 200 5 1 4 0.426 0.11992 239.18 204.33 34.852 0.0046636 
10 200 5 1 5 0.298 0.096935 236.52 204.19 32.325 0.0047401 
10 200 5 1 8 0.078 0.01522 234.15 204.24 29.898 0.0048485 
10 200 5 1 10 0.032 0.0030367 233.82 204.25 29.565 0.0048572 
10 200 5 1 12 0.018 0.0015061 233.72 204.25 29.465 0.0049 
10 200 5 1 15 0.018 0.0015061 233.63 204.19 29.434 0.0048542 
10 200 5 1 20 0.018 0.0015061 233.66 204.19 29.462 0.0051822 
10 200 5 1 25 0.018 0.0015061 233.59 204.16 29.432 0.0048227 
10 200 5 1 30 0.018 0.0015061 233.63 204.22 29.407 0.004879 
10 200 5 1 40 0.018 0.0015061 233.44 204.18 29.263 0.0048759 
10 200 5 1 50 0.018 0.0015061 233.38 204.14 29.236 0.0048616 
10 200 5 1 60 0.018 0.0015061 233.5 204.13 29.361 0.0049442 
10 200 5 1 70 0.018 0.0015061 233.63 204.16 29.462 0.0048365 
10 200 5 1 80 0.018 0.0015061 233.57 204.16 29.407 0.004866 
10 200 5 1 90 0.018 0.0015061 233.54 204.09 29.441 0.0048584 
10 200 5 1 100 0.018 0.0015061 233.59 204.13 29.454 0.0048322 
10 200 6 1 2 0.582 0.11742 284.14 244.85 39.285 0.0040968 
10 200 6 1 3 0.452 0.11928 265.76 244.85 20.897 0.0048263 
10 200 6 1 4 0.324 0.096555 262.74 244.95 17.787 0.0051032 
10 200 6 1 5 0.214 0.067759 261.55 244.91 16.634 0.0052435 
10 200 6 1 8 0.06 0.017143 260.16 244.95 15.201 0.0052533 
10 200 6 1 10 0.028 0.0057306 259.89 244.89 15.003 0.0052951 
10 200 6 1 12 0.016 0.0013714 259.91 245.04 14.863 0.0052465 
10 200 6 1 15 0.012 0.0010776 259.89 244.97 14.909 0.0052496 
10 200 6 1 20 0.012 0.0010776 259.87 244.99 14.873 0.0057135 
10 200 6 1 25 0.012 0.0010776 259.89 244.99 14.894 0.0052687 
10 200 6 1 30 0.012 0.0010776 259.91 245.02 14.888 0.005293 
10 200 6 1 40 0.012 0.0010776 259.88 245.01 14.867 0.005258 
10 200 6 1 50 0.012 0.0010776 259.92 245.09 14.827 0.0054113 
10 200 6 1 60 0.012 0.0010776 259.82 245.23 14.579 0.0052815 
10 200 6 1 70 0.012 0.0010776 259.84 244.96 14.878 0.0052539 
10 200 6 1 80 0.012 0.0010776 259.83 244.92 14.908 0.0052347 
10 200 6 1 90 0.012 0.0010776 259.79 244.93 14.861 0.0053879 
10 200 6 1 100 0.012 0.0010776 259.85 244.95 14.893 0.0052645 
10 250 3 1 2 0.514 0.094698 307.75 145.35 162.39 0.0064535 
10 250 3 1 3 0.274 0.04278 252.74 145.14 107.59 0.0068766 
10 250 3 1 4 0.156 0.021698 246.84 145.16 101.68 0.0074382 
10 250 3 1 5 0.12 0.0077551 246.27 145.19 101.07 0.007725 
10 250 3 1 8 0.12 0.0077551 246.23 145.16 101.07 0.00749 
10 250 3 1 10 0.12 0.0077551 246.16 145.14 101.01 0.0075499 
10 250 3 1 12 0.12 0.0077551 246.25 145.17 101.08 0.0076047 
10 250 3 1 15 0.12 0.0077551 246.25 145.13 101.11 0.0074646 
10 250 3 1 20 0.12 0.0077551 246.23 145.18 101.04 0.0074866 
10 250 3 1 25 0.12 0.0077551 246.24 145.17 101.06 0.0075949 
10 250 3 1 30 0.12 0.0077551 246.22 145.13 101.09 0.0075201 
10 250 3 1 40 0.12 0.0077551 246.17 145.17 101 0.0075023 
10 250 3 1 50 0.12 0.0077551 246.15 145.1 101.04 0.0076286 
10 250 3 1 60 0.12 0.0077551 246.2 145.19 101.01 0.0078042 
10 250 3 1 70 0.12 0.0077551 246.12 145.11 101 0.0075861 
10 250 3 1 80 0.12 0.0077551 246.26 145.15 101.11 0.0075503 
10 250 3 1 90 0.12 0.0077551 246.19 145.14 101.05 0.0075085 
10 250 3 1 100 0.12 0.0077551 246.16 145.14 101.01 0.0076312 
10 250 4 1 2 0.87 0.041327 545.16 226.62 318.53 0.0062498 
10 250 4 1 3 0.8 0.077143 374.92 226.68 148.24 0.005682 
10 250 4 1 4 0.688 0.1174 309.4 226.65 82.745 0.0057727 
10 250 4 1 5 0.602 0.13449 290.88 226.47 64.398 0.0063633 
10 250 4 1 8 0.35 0.10663 283.07 227.29 55.778 0.0068795 
10 250 4 1 10 0.174 0.055024 282.97 229.11 53.853 0.0069989 
10 250 4 1 12 0.094 0.024249 279.24 226.83 52.403 0.0070028 
10 250 4 1 15 0.05 0.0045918 279.89 227.6 52.283 0.0071456 
10 250 4 1 20 0.042 0.0041184 278.87 226.94 51.921 0.0069634 
10 250 4 1 25 0.042 0.0041184 279.29 227.25 52.028 0.0071366 
10 250 4 1 30 0.042 0.0041184 279.6 227.43 52.159 0.0069845 
10 250 4 1 40 0.042 0.0041184 278.9 227 51.892 0.0071685 
10 250 4 1 50 0.042 0.0041184 279.57 227.44 52.122 0.0071892 
10 250 4 1 60 0.042 0.0041184 279.06 227.07 51.982 0.0069389 
10 250 4 1 70 0.042 0.0041184 279.23 227.23 51.994 0.007159 
10 250 4 1 80 0.042 0.0041184 279.49 227.32 52.159 0.0069842 
10 250 4 1 90 0.042 0.0041184 279.03 227.07 51.95 0.0071205 
10 250 4 1 100 0.042 0.0041184 279.17 227.11 52.052 0.006969 
