10 10 1 23.9374 1 1 0 8.1223e-05
10 10 1 23.937 2 1 0 9.0365e-05
10 10 1 23.937 3 1 0 7.2714e-05
10 10 1 23.937 4 0.96 0.008 9.1011e-05
10 10 1 23.937 5 0.84 0.018 5.2472e-05
10 10 1 23.937 8 0.42 0.087 2.8226e-05
10 10 1 23.937 10 0.42 0.087 2.7203e-05
10 10 2 23.9374 1 1 0 6.8562e-05
10 10 2 23.937 2 1 0 6.4077e-05
10 10 2 23.937 3 0.96 0.008 3.9724e-05
10 10 2 23.937 4 0.82 0.047 2.6608e-05
10 10 2 23.937 5 0.72 0.052 2.3344e-05
10 10 2 23.937 8 0.72 0.052 2.3567e-05
10 10 2 23.937 10 0.72 0.052 2.3005e-05
10 10 3 23.9374 1 0.9 0.015 5.5703e-05
10 10 3 23.937 2 0.58 0.047 3.4098e-05
10 10 3 23.937 3 0.42 0.047 2.2789e-05
10 10 3 23.937 4 0.42 0.047 2.4215e-05
10 10 3 23.937 5 0.42 0.047 2.3513e-05
10 10 3 23.937 8 0.42 0.047 2.3151e-05
10 10 3 23.937 10 0.42 0.047 2.2537e-05
10 10 4 23.9374 1 0.86 0.013 4.5506e-05
10 10 4 23.937 2 0.7 0.015 3.3337e-05
10 10 4 23.937 3 0.7 0.015 3.4186e-05
10 10 4 23.937 4 0.7 0.015 3.3223e-05
10 10 4 23.937 5 0.7 0.015 3.2963e-05
10 10 4 23.937 8 0.7 0.015 3.2603e-05
10 10 4 23.937 10 0.7 0.015 3.2205e-05
10 10 5 23.9374 1 0.74 0.058 3.5083e-05
10 10 5 23.937 2 0.74 0.058 3.7195e-05
10 10 5 23.937 3 0.74 0.058 3.6121e-05
10 10 5 23.937 4 0.74 0.058 3.5822e-05
10 10 5 23.937 5 0.74 0.058 3.4947e-05
10 10 5 23.937 8 0.74 0.058 3.4375e-05
10 10 5 23.937 10 0.74 0.058 3.3767e-05
10 25 1 23.9374 1 1 0 7.527e-05
10 25 1 23.937 2 1 0 7.7143e-05
10 25 1 23.937 3 1 0 7.6349e-05
10 25 1 23.937 4 1 0 7.562e-05
10 25 1 23.937 5 1 0 7.6112e-05
10 25 1 23.937 8 1 0 7.3363e-05
10 25 1 23.937 10 1 0 6.6141e-05
10 25 1 23.937 12 0.84 0.093 5.4611e-05
10 25 1 23.937 15 0.6 0.15 3.4718e-05
10 25 1 23.937 20 0.46 0.148 2.8167e-05
10 25 1 23.937 25 0.46 0.148 2.7802e-05
10 25 2 23.9374 1 1 0 9.0101e-05
10 25 2 23.937 2 1 0 8.9905e-05
10 25 2 23.937 3 1 0 8.4923e-05
10 25 2 23.937 4 0.98 0.002 7.8868e-05
10 25 2 23.937 5 0.96 0.008 0.00010527
10 25 2 23.937 8 0.84 0.063 4.3337e-05
10 25 2 23.937 10 0.7 0.115 3.5427e-05
10 25 2 23.937 12 0.68 0.107 3.4778e-05
10 25 2 23.937 15 0.68 0.107 3.4794e-05
10 25 2 23.937 20 0.68 0.107 3.4434e-05
10 25 2 23.937 25 0.68 0.107 3.3769e-05
10 25 3 23.9374 1 1 0 9.4901e-05
10 25 3 23.937 2 1 0 8.5825e-05
10 25 3 23.937 3 0.98 0.002 7.3277e-05
10 25 3 23.937 4 0.92 0.012 6.1248e-05
10 25 3 23.937 5 0.8 0.045 5.1516e-05
10 25 3 23.937 8 0.64 0.053 4.6815e-05
10 25 3 23.937 10 0.64 0.053 8.9446e-05
10 25 3 23.937 12 0.64 0.053 4.1659e-05
10 25 3 23.937 15 0.64 0.053 4.1438e-05
10 25 3 23.937 20 0.64 0.053 4.1332e-05
10 25 3 23.937 25 0.64 0.053 4.1155e-05
10 25 4 23.9374 1 0.96 0.003 9.0171e-05
10 25 4 23.937 2 0.88 0.032 7.2864e-05
10 25 4 23.937 3 0.8 0.035 6.0055e-05
10 25 4 23.937 4 0.66 0.028 8.0134e-05
10 25 4 23.937 5 0.66 0.028 4.9185e-05
10 25 4 23.937 8 0.66 0.028 4.8783e-05
10 25 4 23.937 10 0.66 0.028 4.8414e-05
10 25 4 23.937 12 0.66 0.028 4.8257e-05
10 25 4 23.937 15 0.66 0.028 4.7837e-05
10 25 4 23.937 20 0.66 0.028 4.766e-05
10 25 4 23.937 25 0.66 0.028 4.7848e-05
10 25 5 23.9374 1 0.82 0.012 7.4268e-05
10 25 5 23.937 2 0.62 0.042 5.8084e-05
10 25 5 23.937 3 0.62 0.042 5.9724e-05
10 25 5 23.937 4 0.62 0.042 5.9812e-05
10 25 5 23.937 5 0.62 0.042 5.91e-05
10 25 5 23.937 8 0.62 0.042 5.8633e-05
10 25 5 23.937 10 0.62 0.042 5.8648e-05
10 25 5 23.937 12 0.62 0.042 5.8091e-05
10 25 5 23.937 15 0.62 0.042 5.7917e-05
10 25 5 23.937 20 0.62 0.042 5.7883e-05
10 25 5 23.937 25 0.62 0.042 5.7688e-05
10 50 1 23.9374 1 1 0 9.1253e-05
10 50 1 23.937 2 1 0 9.1616e-05
10 50 1 23.937 3 1 0 9.0884e-05
10 50 1 23.937 4 1 0 9.157e-05
10 50 1 23.937 5 1 0 9.158e-05
10 50 1 23.937 8 1 0 9.1918e-05
10 50 1 23.937 10 1 0 9.0848e-05
10 50 1 23.937 12 1 0 9.0172e-05
10 50 1 23.937 15 1 0 8.9897e-05
10 50 1 23.937 20 1 0 8.3837e-05
10 50 1 23.937 25 0.96 0.008 6.1008e-05
10 50 1 23.937 30 0.8 0.065 4.462e-05
10 50 1 23.937 40 0.7 0.06 4.2647e-05
10 50 1 23.937 50 0.7 0.06 4.2666e-05
10 50 2 23.9374 1 1 0 0.00010613
10 50 2 23.937 2 1 0 0.00010524
10 50 2 23.937 3 1 0 0.00010357
10 50 2 23.937 4 1 0 0.00010319
10 50 2 23.937 5 1 0 0.00010335
10 50 2 23.937 8 1 0 9.5203e-05
10 50 2 23.937 10 1 0 8.5724e-05
10 50 2 23.937 12 0.98 0.002 7.4362e-05
10 50 2 23.937 15 0.92 0.032 6.218e-05
10 50 2 23.937 20 0.82 0.062 5.4146e-05
10 50 2 23.937 25 0.76 0.043 5.4928e-05
10 50 2 23.937 30 0.76 0.043 5.4404e-05
10 50 2 23.937 40 0.76 0.043 5.4141e-05
10 50 2 23.937 50 0.76 0.043 5.3878e-05
10 50 3 23.9374 1 1 0 0.00011764
10 50 3 23.937 2 1 0 0.00011892
10 50 3 23.937 3 1 0 0.00014889
10 50 3 23.937 4 1 0 0.00010694
10 50 3 23.937 5 1 0 9.855e-05
10 50 3 23.937 8 0.96 0.008 7.8257e-05
10 50 3 23.937 10 0.82 0.092 7.1115e-05
10 50 3 23.937 12 0.74 0.063 7.0719e-05
10 50 3 23.937 15 0.74 0.063 7.1265e-05
10 50 3 23.937 20 0.74 0.063 7.0735e-05
10 50 3 23.937 25 0.74 0.063 7.063e-05
10 50 3 23.937 30 0.74 0.063 7.0268e-05
10 50 3 23.937 40 0.74 0.063 7.0222e-05
10 50 3 23.937 50 0.74 0.063 7.0178e-05
10 50 4 23.9374 1 1 0 0.00012889
10 50 4 23.937 2 1 0 0.00011905
10 50 4 23.937 3 0.96 0.008 0.00010541
10 50 4 23.937 4 0.94 0.008 9.5426e-05
10 50 4 23.937 5 0.84 0.033 8.9541e-05
10 50 4 23.937 8 0.72 0.047 8.6918e-05
10 50 4 23.937 10 0.72 0.047 8.6369e-05
10 50 4 23.937 12 0.72 0.047 8.6126e-05
10 50 4 23.937 15 0.72 0.047 8.5864e-05
10 50 4 23.937 20 0.72 0.047 0.00010597
10 50 4 23.937 25 0.72 0.047 8.5945e-05
10 50 4 23.937 30 0.72 0.047 8.5794e-05
10 50 4 23.937 40 0.72 0.047 8.5184e-05
10 50 4 23.937 50 0.72 0.047 8.5341e-05
10 50 5 23.9374 1 0.94 0.003 0.00013319
10 50 5 23.937 2 0.86 0.003 0.00011295
10 50 5 23.937 3 0.7 0.055 0.00010077
10 50 5 23.937 4 0.66 0.043 0.00011301
10 50 5 23.937 5 0.66 0.043 9.9385e-05
10 50 5 23.937 8 0.66 0.043 9.8878e-05
10 50 5 23.937 10 0.66 0.043 9.8842e-05
10 50 5 23.937 12 0.66 0.043 9.8132e-05
10 50 5 23.937 15 0.66 0.043 9.8151e-05
10 50 5 23.937 20 0.66 0.043 9.8034e-05
10 50 5 23.937 25 0.66 0.043 9.7998e-05
10 50 5 23.937 30 0.66 0.043 9.7703e-05
10 50 5 23.937 40 0.66 0.043 9.7861e-05
10 50 5 23.937 50 0.66 0.043 9.7597e-05
10 75 1 23.9374 1 1 0 0.00010625
10 75 1 23.937 2 1 0 0.00010941
10 75 1 23.937 3 1 0 0.00010674
10 75 1 23.937 4 1 0 0.00010608
10 75 1 23.937 5 1 0 0.0001058
10 75 1 23.937 8 1 0 0.00010562
10 75 1 23.937 10 1 0 0.00010712
10 75 1 23.937 12 1 0 0.00010592
10 75 1 23.937 15 1 0 0.00010475
10 75 1 23.937 20 1 0 0.0001049
10 75 1 23.937 25 1 0 0.00010432
10 75 1 23.937 30 1 0 9.6639e-05
10 75 1 23.937 40 0.88 0.047 6.9555e-05
10 75 1 23.937 50 0.7 0.095 5.7043e-05
10 75 2 23.9374 1 1 0 0.00012482
10 75 2 23.937 2 1 0 0.00012412
10 75 2 23.937 3 1 0 0.00015195
10 75 2 23.937 4 1 0 0.00012377
10 75 2 23.937 5 1 0 0.00012312
10 75 2 23.937 8 1 0 0.00012243
10 75 2 23.937 10 1 0 0.00012051
10 75 2 23.937 12 1 0 0.00011542
10 75 2 23.937 15 1 0 0.00010463
10 75 2 23.937 20 0.98 0.002 8.7706e-05
10 75 2 23.937 25 0.92 0.017 7.7845e-05
10 75 2 23.937 30 0.86 0.028 7.5435e-05
10 75 2 23.937 40 0.8 0.025 7.6319e-05
10 75 2 23.937 50 0.8 0.025 7.582e-05
10 75 3 23.9374 1 1 0 0.00014619
10 75 3 23.937 2 1 0 0.00014701
10 75 3 23.937 3 1 0 0.00014546
10 75 3 23.937 4 1 0 0.00014203
10 75 3 23.937 5 1 0 0.00013823
10 75 3 23.937 8 1 0 0.00012095
10 75 3 23.937 10 0.98 0.002 0.00010907
10 75 3 23.937 12 0.96 0.003 0.00010259
10 75 3 23.937 15 0.74 0.083 9.6736e-05
10 75 3 23.937 20 0.72 0.072 9.7187e-05
10 75 3 23.937 25 0.7 0.065 9.7509e-05
10 75 3 23.937 30 0.7 0.065 9.725e-05
10 75 3 23.937 40 0.7 0.065 9.7091e-05
10 75 3 23.937 50 0.7 0.065 9.6835e-05
10 75 4 23.9374 1 1 0 0.00016559
10 75 4 23.937 2 1 0 0.00015878
10 75 4 23.937 3 0.96 0.003 0.00014961
10 75 4 23.937 4 0.96 0.003 0.00014043
10 75 4 23.937 5 0.96 0.003 0.00013204
10 75 4 23.937 8 0.92 0.007 0.00012147
10 75 4 23.937 10 0.82 0.037 0.00011968
10 75 4 23.937 12 0.8 0.035 0.00011998
10 75 4 23.937 15 0.8 0.035 0.00011963
10 75 4 23.937 20 0.8 0.035 0.00012006
10 75 4 23.937 25 0.8 0.035 0.00011951
10 75 4 23.937 30 0.8 0.035 0.00015087
10 75 4 23.937 40 0.8 0.035 0.00011944
10 75 4 23.937 50 0.8 0.035 0.00011912
10 75 5 23.9374 1 1 0 0.00018016
10 75 5 23.937 2 0.96 0.003 0.00016638
10 75 5 23.937 3 0.88 0.027 0.00015471
10 75 5 23.937 4 0.78 0.047 0.00014596
10 75 5 23.937 5 0.74 0.038 0.00014389
10 75 5 23.937 8 0.72 0.037 0.00014413
10 75 5 23.937 10 0.72 0.037 0.00014423
10 75 5 23.937 12 0.72 0.037 0.0001439
10 75 5 23.937 15 0.72 0.037 0.00014393
10 75 5 23.937 20 0.72 0.037 0.0001686
10 75 5 23.937 25 0.72 0.037 0.00014317
10 75 5 23.937 30 0.72 0.037 0.00014311
10 75 5 23.937 40 0.72 0.037 0.00014308
10 75 5 23.937 50 0.72 0.037 0.00014325
10 100 1 23.9374 1 1 0 0.00013322
10 100 1 23.937 2 1 0 0.00013713
10 100 1 23.937 3 1 0 0.00013696
10 100 1 23.937 4 1 0 0.00013519
10 100 1 23.937 5 1 0 0.00013425
10 100 1 23.937 8 1 0 0.0001344
10 100 1 23.937 10 1 0 0.00013418
10 100 1 23.937 12 1 0 0.00013315
10 100 1 23.937 15 1 0 0.00013439
10 100 1 23.937 20 1 0 0.0001339
10 100 1 23.937 25 1 0 0.00013389
10 100 1 23.937 30 1 0 0.00013294
10 100 1 23.937 40 1 0 0.00012855
10 100 1 23.937 50 1 0 9.9935e-05
10 100 2 23.9374 1 1 0 0.00014614
10 100 2 23.937 2 1 0 0.00014717
10 100 2 23.937 3 1 0 0.00014527
10 100 2 23.937 4 1 0 0.00014473
10 100 2 23.937 5 1 0 0.00014469
10 100 2 23.937 8 1 0 0.00014436
10 100 2 23.937 10 1 0 0.00014397
10 100 2 23.937 12 1 0 0.0001436
10 100 2 23.937 15 1 0 0.00013999
10 100 2 23.937 20 1 0 0.0001255
10 100 2 23.937 25 0.98 0.002 0.00011059
10 100 2 23.937 30 0.92 0.032 0.00010194
10 100 2 23.937 40 0.82 0.047 9.6478e-05
10 100 2 23.937 50 0.76 0.038 9.6986e-05
10 100 3 23.9374 1 1 0 0.00017432
10 100 3 23.937 2 1 0 0.00017403
10 100 3 23.937 3 1 0 0.0001738
10 100 3 23.937 4 1 0 0.00017239
10 100 3 23.937 5 1 0 0.00016987
10 100 3 23.937 8 1 0 0.00015812
10 100 3 23.937 10 0.98 0.002 0.00015043
10 100 3 23.937 12 0.96 0.008 0.00013921
10 100 3 23.937 15 0.94 0.018 0.0001306
10 100 3 23.937 20 0.9 0.03 0.00012443
10 100 3 23.937 25 0.8 0.025 0.00012422
10 100 3 23.937 30 0.78 0.022 0.00012375
10 100 3 23.937 40 0.76 0.013 0.00012367
10 100 3 23.937 50 0.76 0.013 0.00012374
10 100 4 23.9374 1 1 0 0.00020414
10 100 4 23.937 2 1 0 0.00020075
10 100 4 23.937 3 1 0 0.00019177
10 100 4 23.937 4 0.96 0.008 0.00018489
10 100 4 23.937 5 0.94 0.018 0.00017784
10 100 4 23.937 8 0.9 0.03 0.000162
10 100 4 23.937 10 0.8 0.055 0.00015568
10 100 4 23.937 12 0.76 0.053 0.00015417
10 100 4 23.937 15 0.74 0.043 0.0001548
10 100 4 23.937 20 0.74 0.043 0.00015441
10 100 4 23.937 25 0.74 0.043 0.00015456
10 100 4 23.937 30 0.74 0.043 0.00015439
10 100 4 23.937 40 0.74 0.043 0.00015404
10 100 4 23.937 50 0.74 0.043 0.00015376
10 100 5 23.9374 1 1 0 0.00023185
10 100 5 23.937 2 0.98 0.002 0.00021774
10 100 5 23.937 3 0.98 0.002 0.00020472
10 100 5 23.937 4 0.92 0.017 0.00019486
10 100 5 23.937 5 0.86 0.043 0.00018899
10 100 5 23.937 8 0.72 0.037 0.00018481
10 100 5 23.937 10 0.72 0.037 0.00018561
10 100 5 23.937 12 0.72 0.037 0.00018519
10 100 5 23.937 15 0.72 0.037 0.00018513
10 100 5 23.937 20 0.72 0.037 0.00018508
10 100 5 23.937 25 0.72 0.037 0.00018471
10 100 5 23.937 30 0.72 0.037 0.00018451
10 100 5 23.937 40 0.72 0.037 0.00018474
10 100 5 23.937 50 0.72 0.037 0.00018466
10 125 1 23.9374 1 1 0 0.0001359
10 125 1 23.937 2 1 0 0.00013785
10 125 1 23.937 3 1 0 0.0001363
10 125 1 23.937 4 1 0 0.00013571
10 125 1 23.937 5 1 0 0.00013636
10 125 1 23.937 8 1 0 0.00013619
10 125 1 23.937 10 1 0 0.00013576
10 125 1 23.937 12 1 0 0.00013444
10 125 1 23.937 15 1 0 0.00013533
10 125 1 23.937 20 1 0 0.00013424
10 125 1 23.937 25 1 0 0.0001362
10 125 1 23.937 30 1 0 0.000134
10 125 1 23.937 40 1 0 0.00013505
10 125 1 23.937 50 1 0 0.0001293
10 125 2 23.9374 1 1 0 0.0001728
10 125 2 23.937 2 1 0 0.00017135
10 125 2 23.937 3 1 0 0.00016667
10 125 2 23.937 4 1 0 0.00016723
10 125 2 23.937 5 1 0 0.00019437
10 125 2 23.937 8 1 0 0.00016547
10 125 2 23.937 10 1 0 0.00016433
10 125 2 23.937 12 1 0 0.00016543
10 125 2 23.937 15 1 0 0.00017469
10 125 2 23.937 20 1 0 0.00015919
10 125 2 23.937 25 1 0 0.00014844
10 125 2 23.937 30 1 0 0.00013483
10 125 2 23.937 40 0.84 0.093 0.00011973
10 125 2 23.937 50 0.78 0.112 0.00011648
10 125 3 23.9374 1 1 0 0.00020616
10 125 3 23.937 2 1 0 0.00020311
10 125 3 23.937 3 1 0 0.00020162
10 125 3 23.937 4 1 0 0.00020263
10 125 3 23.937 5 1 0 0.00020099
10 125 3 23.937 8 1 0 0.00019572
10 125 3 23.937 10 1 0 0.0001886
10 125 3 23.937 12 1 0 0.0001805
10 125 3 23.937 15 0.98 0.002 0.00016912
10 125 3 23.937 20 0.92 0.017 0.00015876
10 125 3 23.937 25 0.82 0.032 0.00015261
10 125 3 23.937 30 0.8 0.025 0.00015293
10 125 3 23.937 40 0.8 0.025 0.00015305
10 125 3 23.937 50 0.8 0.025 0.00015249
10 125 4 23.9374 1 1 0 0.00024574
10 125 4 23.937 2 1 0 0.00024526
10 125 4 23.937 3 1 0 0.00023902
10 125 4 23.937 4 1 0 0.00022641
10 125 4 23.937 5 1 0 0.00021962
10 125 4 23.937 8 0.96 0.008 0.00020286
10 125 4 23.937 10 0.86 0.098 0.00019539
10 125 4 23.937 12 0.84 0.093 0.00019177
10 125 4 23.937 15 0.74 0.098 0.00019031
10 125 4 23.937 20 0.72 0.087 0.00019108
10 125 4 23.937 25 0.72 0.087 0.0001907
10 125 4 23.937 30 0.72 0.087 0.00019067
10 125 4 23.937 40 0.72 0.087 0.00019072
10 125 4 23.937 50 0.72 0.087 0.00019044
10 125 5 23.9374 1 1 0 0.00027417
10 125 5 23.937 2 1 0 0.00028245
10 125 5 23.937 3 1 0 0.00025191
10 125 5 23.937 4 0.96 0.003 0.00024242
10 125 5 23.937 5 0.94 0.003 0.00023466
10 125 5 23.937 8 0.82 0.022 0.00022567
10 125 5 23.937 10 0.8 0.015 0.0002274
10 125 5 23.937 12 0.8 0.015 0.00022736
10 125 5 23.937 15 0.8 0.015 0.00022745
10 125 5 23.937 20 0.8 0.015 0.00022727
10 125 5 23.937 25 0.8 0.015 0.00022697
10 125 5 23.937 30 0.8 0.015 0.00022718
10 125 5 23.937 40 0.8 0.015 0.00022716
10 125 5 23.937 50 0.8 0.015 0.00022698
10 150 1 23.9374 1 1 0 0.00016938
10 150 1 23.937 2 1 0 0.0001731
10 150 1 23.937 3 1 0 0.00016946
10 150 1 23.937 4 1 0 0.00017008
10 150 1 23.937 5 1 0 0.00016954
10 150 1 23.937 8 1 0 0.00016963
10 150 1 23.937 10 1 0 0.00016975
10 150 1 23.937 12 1 0 0.00016874
10 150 1 23.937 15 1 0 0.00016974
10 150 1 23.937 20 1 0 0.00016811
10 150 1 23.937 25 1 0 0.00016949
10 150 1 23.937 30 1 0 0.00016887
10 150 1 23.937 40 1 0 0.00016873
10 150 1 23.937 50 1 0 0.00019941
10 150 2 23.9374 1 1 0 0.0002211
10 150 2 23.937 2 1 0 0.00021549
10 150 2 23.937 3 1 0 0.00021285
10 150 2 23.937 4 1 0 0.00021232
10 150 2 23.937 5 1 0 0.00021134
10 150 2 23.937 8 1 0 0.00021216
10 150 2 23.937 10 1 0 0.00021252
10 150 2 23.937 12 1 0 0.0002121
10 150 2 23.937 15 1 0 0.00021213
10 150 2 23.937 20 1 0 0.00020927
10 150 2 23.937 25 1 0 0.00022901
10 150 2 23.937 30 1 0 0.00019316
10 150 2 23.937 40 0.94 0.018 0.00017422
10 150 2 23.937 50 0.82 0.162 0.00016265
10 150 3 23.9374 1 1 0 0.00026604
10 150 3 23.937 2 1 0 0.00026629
10 150 3 23.937 3 1 0 0.00026429
10 150 3 23.937 4 1 0 0.00026392
10 150 3 23.937 5 1 0 0.00026353
10 150 3 23.937 8 1 0 0.0002598
10 150 3 23.937 10 1 0 0.00025459
10 150 3 23.937 12 1 0 0.00024693
10 150 3 23.937 15 1 0 0.00027448
10 150 3 23.937 20 0.94 0.018 0.00022508
10 150 3 23.937 25 0.88 0.072 0.00021616
10 150 3 23.937 30 0.82 0.062 0.0002126
10 150 3 23.937 40 0.78 0.057 0.000212
10 150 3 23.937 50 0.76 0.053 0.00021237
10 150 4 23.9374 1 1 0 0.00029135
10 150 4 23.937 2 1 0 0.00027371
10 150 4 23.937 3 1 0 0.00027099
10 150 4 23.937 4 1 0 0.00026434
10 150 4 23.937 5 1 0 0.00026023
10 150 4 23.937 8 0.98 0.002 0.00024425
10 150 4 23.937 10 0.98 0.002 0.00023627
10 150 4 23.937 12 0.94 0.008 0.00023227
10 150 4 23.937 15 0.8 0.115 0.00022697
10 150 4 23.937 20 0.68 0.087 0.00022577
10 150 4 23.937 25 0.68 0.087 0.00022601
10 150 4 23.937 30 0.68 0.087 0.00022562
10 150 4 23.937 40 0.68 0.087 0.00022597
10 150 4 23.937 50 0.68 0.087 0.0002405
10 150 5 23.9374 1 1 0 0.00032921
10 150 5 23.937 2 1 0 0.00035317
10 150 5 23.937 3 1 0 0.00029804
10 150 5 23.937 4 0.96 0.008 0.00028919
10 150 5 23.937 5 0.96 0.008 0.00028303
10 150 5 23.937 8 0.78 0.052 0.00027107
10 150 5 23.937 10 0.74 0.048 0.00026994
10 150 5 23.937 12 0.74 0.048 0.0002704
10 150 5 23.937 15 0.74 0.048 0.00027067
10 150 5 23.937 20 0.74 0.048 0.00027056
10 150 5 23.937 25 0.74 0.048 0.00027052
10 150 5 23.937 30 0.74 0.048 0.00027001
10 150 5 23.937 40 0.74 0.048 0.00027032
10 150 5 23.937 50 0.74 0.048 0.00026983
10 200 1 23.9374 1 1 0 0.00024485
10 200 1 23.937 2 1 0 0.00020786
10 200 1 23.937 3 1 0 0.00020458
10 200 1 23.937 4 1 0 0.0002038
10 200 1 23.937 5 1 0 0.00020455
10 200 1 23.937 8 1 0 0.00024693
10 200 1 23.937 10 1 0 0.00020326
10 200 1 23.937 12 1 0 0.00022421
10 200 1 23.937 15 1 0 0.00020301
10 200 1 23.937 20 1 0 0.00020303
10 200 1 23.937 25 1 0 0.00020178
10 200 1 23.937 30 1 0 0.00020283
10 200 1 23.937 40 1 0 0.00020268
10 200 1 23.937 50 1 0 0.00020309
10 200 2 23.9374 1 1 0 0.00026383
10 200 2 23.937 2 1 0 0.00030437
10 200 2 23.937 3 1 0 0.0002641
10 200 2 23.937 4 1 0 0.00026359
10 200 2 23.937 5 1 0 0.00026324
10 200 2 23.937 8 1 0 0.00026273
10 200 2 23.937 10 1 0 0.00026329
10 200 2 23.937 12 1 0 0.00026274
10 200 2 23.937 15 1 0 0.00026143
10 200 2 23.937 20 1 0 0.00026249
10 200 2 23.937 25 1 0 0.00026171
10 200 2 23.937 30 1 0 0.00025704
10 200 2 23.937 40 1 0 0.00024294
10 200 2 23.937 50 1 0 0.00022582
10 200 3 23.9374 1 1 0 0.00028951
10 200 3 23.937 2 1 0 0.00028899
10 200 3 23.937 3 1 0 0.00028485
10 200 3 23.937 4 1 0 0.0002843
10 200 3 23.937 5 1 0 0.00028449
10 200 3 23.937 8 1 0 0.00028166
10 200 3 23.937 10 1 0 0.00027975
10 200 3 23.937 12 1 0 0.00027685
10 200 3 23.937 15 1 0 0.00027113
10 200 3 23.937 20 1 0 0.00025745
10 200 3 23.937 25 0.98 0.002 0.00024846
10 200 3 23.937 30 0.92 0.017 0.00024149
10 200 3 23.937 40 0.88 0.047 0.00026513
10 200 3 23.937 50 0.84 0.038 0.00023456
10 200 4 23.9374 1 1 0 0.00036143
10 200 4 23.937 2 1 0 0.00039495
10 200 4 23.937 3 1 0 0.00034288
10 200 4 23.937 4 1 0 0.00033918
10 200 4 23.937 5 1 0 0.00033611
10 200 4 23.937 8 1 0 0.0003234
10 200 4 23.937 10 1 0 0.00031547
10 200 4 23.937 12 1 0 0.00031004
10 200 4 23.937 15 0.92 0.032 0.00030271
10 200 4 23.937 20 0.84 0.128 0.00029645
10 200 4 23.937 25 0.74 0.098 0.00029511
10 200 4 23.937 30 0.72 0.097 0.00029627
10 200 4 23.937 40 0.72 0.097 0.00032747
10 200 4 23.937 50 0.72 0.097 0.00029593
10 200 5 23.9374 1 1 0 0.00043391
10 200 5 23.937 2 1 0 0.00040639
10 200 5 23.937 3 1 0 0.00039328
10 200 5 23.937 4 1 0 0.0003854
10 200 5 23.937 5 1 0 0.00037826
10 200 5 23.937 8 0.92 0.017 0.00036481
10 200 5 23.937 10 0.84 0.093 0.00036869
10 200 5 23.937 12 0.76 0.073 0.00035817
10 200 5 23.937 15 0.74 0.073 0.00035756
10 200 5 23.937 20 0.72 0.067 0.00035715
10 200 5 23.937 25 0.72 0.067 0.00035709
10 200 5 23.937 30 0.72 0.067 0.00035731
10 200 5 23.937 40 0.72 0.067 0.00035863
10 200 5 23.937 50 0.72 0.067 0.00036829
