10 1 1 4819.07 1 0.754 0.086208 553.95
10 1 2 4819.07 1 0.572 0.10777 278.32
10 1 3 4819.07 1 0.484 0.10831 140.22
10 1 4 4819.07 1 0.35 0.105 71.24
10 1 5 4819.07 1 0.14 0.056735 37.277
10 1 6 4819.07 1 0.15 0.033163 20.497
10 1 7 4819.07 1 0.092 0.015445 12.493
10 5 1 4819.07 1 0.986 0.0016367 1069.4
10 5 1 4819.1 2 0.936 0.022351 898.81
10 5 1 4819.1 3 0.826 0.066045 554.61
10 5 1 4819.1 4 0.608 0.1032 211.87
10 5 1 4819.1 5 0.248 0.092751 40.07
10 5 2 4819.07 1 0.934 0.015759 838.27
10 5 2 4819.1 2 0.754 0.071106 408.35
10 5 2 4819.1 3 0.534 0.13168 125.21
10 5 2 4819.1 4 0.31 0.12418 28.375
10 5 2 4819.1 5 0.12 0.073061 8.8294
10 5 3 4819.07 1 0.866 0.040657 538.05
10 5 3 4819.1 2 0.62 0.091429 142.43
10 5 3 4819.1 3 0.338 0.088118 29.452
10 5 3 4819.1 4 0.116 0.030351 10.476
10 5 3 4819.1 5 0.026 0.0040041 8.2756
10 5 4 4819.07 1 0.748 0.061731 307.03
10 5 4 4819.1 2 0.456 0.11435 52.596
10 5 4 4819.1 3 0.238 0.090159 16.601
10 5 4 4819.1 4 0.092 0.033812 12.058
10 5 4 4819.1 5 0.034 0.0178 11.146
10 5 5 4819.07 1 0.61 0.067857 172.18
10 5 5 4819.1 2 0.278 0.078078 26.08
10 5 5 4819.1 3 0.076 0.021861 14.608
10 5 5 4819.1 4 0.014 0.0028612 13.495
10 5 5 4819.1 5 0.004 0.00039184 13.305
10 5 6 4819.07 1 0.534 0.063514 97.418
10 5 6 4819.1 2 0.202 0.0602 20.072
10 5 6 4819.1 3 0.074 0.017473 16.633
10 5 6 4819.1 4 0.02 0.0044898 16.057
10 5 6 4819.1 5 0.004 0.00039184 15.911
10 5 7 4819.07 1 0.414 0.091841 59.698
10 5 7 4819.1 2 0.128 0.038384 20.416
10 5 7 4819.1 3 0.04 0.0089796 18.864
10 5 7 4819.1 4 0.004 0.00039184 18.539
10 5 7 4819.1 5 0.002 0.0002 18.521
10 10 1 4819.07 1 1 0 1107
10 10 1 4819.1 2 1 0 1097.6
10 10 1 4819.1 3 0.988 0.0014857 1048.4
10 10 1 4819.1 4 0.964 0.0064327 916.73
10 10 1 4819.1 5 0.902 0.037343 686.64
10 10 1 4819.1 8 0.5 0.14531 72.959
10 10 1 4819.1 10 0.096 0.024473 8.2132
10 10 2 4819.07 1 0.982 0.0027306 1051.1
10 10 2 4819.1 2 0.934 0.012902 838.46
10 10 2 4819.1 3 0.852 0.047445 531.75
10 10 2 4819.1 4 0.734 0.09331 255.77
10 10 2 4819.1 5 0.606 0.12629 101.45
10 10 2 4819.1 8 0.188 0.087608 14.145
10 10 2 4819.1 10 0.024 0.0051265 10.863
10 10 3 4819.07 1 0.944 0.018433 817.03
10 10 3 4819.1 2 0.808 0.066057 405.99
10 10 3 4819.1 3 0.652 0.12214 148.27
10 10 3 4819.1 4 0.522 0.15032 52.667
10 10 3 4819.1 5 0.388 0.13291 26.495
10 10 3 4819.1 8 0.064 0.019086 16.627
10 10 3 4819.1 10 0.018 0.0027306 15.987
10 10 4 4819.07 1 0.81 0.060102 524.27
10 10 4 4819.1 2 0.664 0.11051 161.32
10 10 4 4819.1 3 0.514 0.12164 51.182
10 10 4 4819.1 4 0.348 0.10296 29.891
10 10 4 4819.1 5 0.23 0.085816 25.391
10 10 4 4819.1 8 0.034 0.012494 21.786
10 10 4 4819.1 10 0.002 0.0002 21.173
10 10 5 4819.07 1 0.798 0.058976 310.37
10 10 5 4819.1 2 0.578 0.12093 71.768
10 10 5 4819.1 3 0.418 0.12436 35.92
10 10 5 4819.1 4 0.238 0.099139 30.045
10 10 5 4819.1 5 0.144 0.064555 28.108
10 10 5 4819.1 8 0.014 0.0024531 26.549
10 10 5 4819.1 10 0.002 0.0002 26.448
10 10 6 4819.07 1 0.67 0.097245 183.72
10 10 6 4819.1 2 0.426 0.12237 47.293
10 10 6 4819.1 3 0.246 0.09029 35.687
10 10 6 4819.1 4 0.138 0.057914 33.434
10 10 6 4819.1 5 0.062 0.01669 32.459
10 10 6 4819.1 8 0.004 0.00039184 31.796
10 10 6 4819.1 10 0.002 0.0002 31.779
10 10 7 4819.07 1 0.514 0.093065 115.95
10 10 7 4819.1 2 0.286 0.062045 43.057
10 10 7 4819.1 3 0.126 0.032167 38.376
10 10 7 4819.1 4 0.058 0.013914 37.543
10 10 7 4819.1 5 0.028 0.0049143 37.249
10 10 7 4819.1 8 0.002 0.0002 37.044
10 10 7 4819.1 10 0.002 0.0002 37.039
10 25 1 4819.07 1 1 0 1118.2
10 25 1 4819.1 2 1 0 1118.7
10 25 1 4819.1 3 1 0 1118.8
10 25 1 4819.1 4 1 0 1118.4
10 25 1 4819.1 5 1 0 1117.2
10 25 1 4819.1 8 0.998 0.0002 1091.3
10 25 1 4819.1 10 0.988 0.0010776 981.19
10 25 1 4819.1 12 0.938 0.011792 723.67
10 25 1 4819.1 15 0.794 0.089555 250.61
10 25 1 4819.1 20 0.418 0.13702 23.088
10 25 1 4819.1 25 0.008 0.00075102 13.382
