22.1628
480 
22.1751
46 
22.1716
1017 
22.1725
798 
22.3693
419 
22.188
471 
22.1963
261 
22.232
837 
22.1626
1203 
22.2307
345 
22.2514
1411 
22.1642
671 
22.3597
394 
22.224
899 
22.1367
1045 
22.2049
234 
22.2202
74 
22.1489
990 
22.1994
1203 
22.2302
1415 
22.3128
146 
22.2069
1411 
22.2067
768 
22.1583
824 
22.1844
477 
22.1743
1203 
22.1328
890 
22.2304
560 
22.3338
229 
22.7481
758 
22.7331
76 
22.6754
497 
22.7797
1203 
22.7931
376 
22.6549
339 
22.8144
131 
22.8788
1302 
22.612
1203 
22.7259
1132 
22.7972
1321 
22.5946
1327 
22.7767
649 
22.7509
86 
22.6126
923 
22.9295
201 
22.7096
758 
22.6183
489 
22.6307
1247 
22.6372
1106 
22.6416
805 
