10 10 6 4819.07 1 0.642 0.080445 173.8 29.408 144.39 0.00038084 
10 10 6 4819.1 2 0.412 0.10842 43.543 27.978 15.565 0.00034424 
10 10 6 4819.1 3 0.258 0.077996 31.312 27.497 3.8152 0.00029993 
10 10 6 4819.1 5 0.084 0.023412 28.825 27.963 0.86193 0.00030285 
10 10 6 4819.1 8 0.012 0.002302 28.633 28.518 0.11424 0.00032058 
10 10 6 4819.1 10 0 0 29.019 29.018 8.8736e-06 0.0003448 
10 75 6 4819.07 1 0.746 0.086208 309.71 101.89 207.82 0.0016842 
10 75 6 4819.1 2 0.552 0.10949 142.64 101.79 40.848 0.00144 
10 75 6 4819.1 3 0.366 0.10107 122.74 101.93 20.799 0.0016028 
10 75 6 4819.1 5 0.134 0.060657 118.24 102.19 16.049 0.0018208 
10 75 6 4819.1 8 0.044 0.010269 116.86 102.17 14.682 0.0018738 
10 75 6 4819.1 10 0.016 0.0013714 116.55 102.11 14.437 0.0018226 
10 75 6 4819.1 15 0.012 0.0010776 116.55 102.15 14.396 0.0019069 
10 75 6 4819.1 25 0.012 0.0010776 116.69 102.29 14.398 0.0018693 
10 100 6 4819.07 1 0.622 0.10583 258.98 126.05 132.93 0.0019748 
10 100 6 4819.1 2 0.334 0.08882 150.33 125.92 24.407 0.0019344 
10 100 6 4819.1 3 0.164 0.042351 143.15 126.48 16.674 0.0024035 
10 100 6 4819.1 5 0.024 0.0026776 141.56 126.74 14.816 0.0025289 
10 100 6 4819.1 8 0.012 0.0010776 141.47 126.77 14.692 0.0024587 
10 100 6 4819.1 10 0.012 0.0010776 141.18 126.49 14.69 0.0025313 
10 100 6 4819.1 15 0.012 0.0010776 141.6 126.9 14.7 0.0025685 
10 100 6 4819.1 25 0.012 0.0010776 141.48 126.77 14.699 0.0025319 
