22.0506
377 17 657 480 884 420 1133 1203 1087 798 
21.9515
746 446 961 393 564 561 107 46 1414 248 
22.7071
1002 890 418 1404 672 522 1017 1359 660 1222 
21.8808
693 798 1170 1383 17 1056 497 164 9 1133 
22.1014
1058 918 1060 1337 419 1024 47 581 949 588 
22.656
751 446 561 46 107 471 746 801 248 1203 
21.9349
304 261 768 1203 897 952 82 127 1408 2 
22.4392
1412 742 971 360 612 1423 1429 1153 789 837 
22.2435
261 801 732 858 952 897 1203 82 464 768 
22.0228
1133 900 969 208 345 840 674 470 327 246 
22.6223
1203 575 283 1076 200 1212 1411 340 464 801 
21.9651
330 671 858 753 639 1203 801 732 101 529 
22.8436
1167 1402 754 90 1259 394 616 407 0 35 
21.906
603 1227 899 713 256 1096 1191 933 490 403 
22.0657
653 673 1306 743 1045 1203 137 56 201 1089 
22.5894
813 192 1055 234 1247 492 232 866 489 988 
22.0327
114 1205 74 887 93 1287 323 1010 84 1203 
22.6519
1240 1025 1263 1256 812 990 917 1147 1022 1239 
21.9585
952 801 732 858 1203 897 82 261 464 768 
22.7109
1126 1415 949 398 276 1445 806 707 918 1009 
21.906
964 488 935 10 1114 1447 63 146 1334 300 
26.2809
200 340 1076 1411 283 732 952 1203 575 801 
21.1172
897 768 2 82 261 304 1331 952 1408 127 
21.2236
1049 824 348 1220 1322 547 934 1008 662 179 
21.5604
12 646 477 970 732 1203 801 956 952 82 
21.1704
464 732 801 858 169 952 1203 897 82 261 
21.6517
423 1404 1017 890 672 522 1002 1359 418 660 
21.0849
156 413 661 236 1083 560 1125 998 598 299 
21.365
878 1019 852 1245 229 688 339 1387 491 1421 
21.5227
1449 758 141 1044 51 410 198 1433 592 621 
21.1153
284 1419 1203 801 464 76 858 732 82 952 
21.2352
216 263 48 709 368 470 497 1056 111 798 
21.6157
768 897 858 1203 82 261 801 464 732 952 
21.1657
115 1031 376 1127 185 148 493 1123 453 95 
21.6292
1387 1019 852 339 878 688 491 548 776 1421 
21.111
517 1274 131 552 4 1099 1384 1344 1368 1256 
21.3308
940 1410 343 1138 1302 1300 1315 463 324 963 
21.59
464 732 801 1203 858 75 260 284 952 124 
21.1147
547 934 1132 662 550 717 104 1220 1049 1008 
21.2202
219 817 451 1261 474 1321 1320 1070 944 807 
21.6082
952 858 1203 1327 732 801 1050 897 82 464 
21.1416
858 1203 649 82 801 732 952 464 261 897 
21.2357
732 1203 801 464 86 858 99 82 922 952 
21.582
369 752 922 923 86 801 679 1203 464 732 
21.289
1061 201 882 82 858 732 952 1203 801 897 
21.2519
1449 141 1044 51 758 592 410 1433 621 198 
21.541
484 1417 937 234 492 1247 1224 489 1055 192 
21.1796
866 813 234 1055 232 1247 192 492 800 988 
21.6383
104 1106 624 717 550 1132 547 934 662 1049 
21.1248
935 33 964 1114 146 1447 63 805 488 300 
