10 1 5 2.1e-05 1 0.248 0.069486 27.333 0.0033235 27.33 8.6844e-05 
10 5 5 2.1e-05 1 0.652 0.095608 123.67 0.0086874 123.66 0.00017879 
10 5 5 2.1e-05 2 0.368 0.099771 11.696 0.0078771 11.688 0.00018163 
10 5 5 2.1e-05 3 0.156 0.056392 2.1076 0.0065698 2.1008 0.00015598 
10 5 5 2.1e-05 4 0.046 0.013555 0.50136 0.0065833 0.49465 0.00010245 
10 5 5 2.1e-05 5 0.012 0.0027102 0.12557 0.0065029 0.11896 9.111e-05 
10 10 5 2.1e-05 1 0.78 0.067347 228.85 0.015621 228.84 0.00031738 
10 10 5 2.1e-05 2 0.6 0.13673 36.864 0.015271 36.848 0.00027817 
10 10 5 2.1e-05 3 0.43 0.13235 8.2195 0.014916 8.2042 0.00023158 
10 10 5 2.1e-05 4 0.284 0.10627 3.2438 0.013001 3.2305 0.00019682 
10 10 5 2.1e-05 5 0.176 0.055739 1.7005 0.012728 1.6875 0.00018288 
10 10 5 2.1e-05 8 0.008 0.0011592 0.062736 0.012061 0.050516 0.00012631 
10 10 5 2.1e-05 10 0 0 0.012179 0.012047 2.9402e-06 0.00010348 
10 25 5 2.1e-05 1 0.936 0.016637 462.03 0.036176 462 0.00081218 
10 25 5 2.1e-05 2 0.838 0.057098 154.39 0.035615 154.35 0.00066897 
10 25 5 2.1e-05 3 0.748 0.08622 43.647 0.035083 43.611 0.00049274 
10 25 5 2.1e-05 4 0.638 0.11914 15.781 0.035283 15.745 0.00049326 
10 25 5 2.1e-05 5 0.536 0.13623 8.1621 0.033374 8.1282 0.00045617 
10 25 5 2.1e-05 8 0.288 0.10557 2.7229 0.032397 2.69 0.0004451 
10 25 5 2.1e-05 10 0.164 0.061943 1.5369 0.032286 1.5042 0.00040484 
10 25 5 2.1e-05 12 0.098 0.05571 0.88901 0.030912 0.8577 0.00035872 
10 25 5 2.1e-05 15 0.042 0.017996 0.34467 0.030305 0.31401 0.00032253 
10 25 5 2.1e-05 20 0.002 0.0002 0.04324 0.029948 0.01297 0.00029481 
10 25 5 2.1e-05 25 0 0 0.030648 0.030328 4.4089e-06 0.00028921 
10 50 5 2.1e-05 1 0.976 0.0096163 678.07 0.06946 677.99 0.0017128 
10 50 5 2.1e-05 2 0.96 0.016327 378.13 0.068732 378.06 0.0014374 
10 50 5 2.1e-05 3 0.906 0.031596 184.87 0.069723 184.8 0.0010977 
10 50 5 2.1e-05 4 0.838 0.055057 76.133 0.067921 76.064 0.00097773 
10 50 5 2.1e-05 5 0.77 0.079694 33.615 0.067677 33.546 0.00084018 
10 50 5 2.1e-05 8 0.612 0.13944 10.605 0.065838 10.538 0.00082588 
10 50 5 2.1e-05 10 0.516 0.16341 7.8327 0.064655 7.7671 0.00080261 
10 50 5 2.1e-05 12 0.456 0.16251 6.2443 0.065379 6.1781 0.00084383 
10 50 5 2.1e-05 15 0.356 0.15517 4.523 0.063074 4.4591 0.0007545 
10 50 5 2.1e-05 20 0.222 0.11604 2.6468 0.061941 2.5841 0.00073545 
10 50 5 2.1e-05 25 0.108 0.062384 1.172 0.060418 1.1108 0.00069755 
10 50 5 2.1e-05 30 0.052 0.028261 0.45566 0.059934 0.39504 0.00064994 
10 50 5 2.1e-05 40 0.006 0.00098367 0.10699 0.059007 0.047326 0.00062948 
10 50 5 2.1e-05 50 0 0 0.059206 0.058555 7.3332e-06 0.00061451 
10 75 5 2.1e-05 1 0.984 0.0030041 814.62 0.10058 814.51 0.0025874 
10 75 5 2.1e-05 2 0.958 0.013914 550.14 0.098344 550.04 0.0022485 
10 75 5 2.1e-05 3 0.914 0.033473 322.63 0.097376 322.53 0.0017994 
10 75 5 2.1e-05 4 0.876 0.050024 161.34 0.09531 161.24 0.0014834 
10 75 5 2.1e-05 5 0.822 0.082567 75.527 0.095749 75.43 0.0012724 
10 75 5 2.1e-05 8 0.742 0.11636 15.606 0.093256 15.511 0.0011551 
10 75 5 2.1e-05 10 0.694 0.13486 10.876 0.094122 10.781 0.0012261 
10 75 5 2.1e-05 12 0.648 0.14622 8.6212 0.094136 8.5259 0.0011351 
10 75 5 2.1e-05 15 0.534 0.1676 6.1351 0.091511 6.0424 0.001129 
10 75 5 2.1e-05 20 0.376 0.14227 4.0692 0.0898 3.9782 0.0011024 
10 75 5 2.1e-05 25 0.26 0.12041 2.7959 0.088453 2.7063 0.0010646 
10 75 5 2.1e-05 30 0.166 0.070045 1.7122 0.087172 1.6239 0.0010293 
10 75 5 2.1e-05 40 0.052 0.041731 0.58127 0.08386 0.49644 0.00093464 
10 75 5 2.1e-05 50 0.03 0.012755 0.28783 0.083647 0.20321 0.00093014 
10 75 5 2.1e-05 60 0.006 0.00098367 0.12716 0.083353 0.042859 0.00091555 
10 75 5 2.1e-05 70 0 0 0.084133 0.083197 8.1463e-06 0.00089646 
10 100 5 2.1e-05 1 0.992 0.0011592 804.67 0.12785 804.54 0.0030389 
10 100 5 2.1e-05 2 0.954 0.020494 658.85 0.12675 658.72 0.0029229 
10 100 5 2.1e-05 3 0.934 0.038208 458.96 0.12527 458.83 0.0024619 
10 100 5 2.1e-05 4 0.918 0.04722 281.45 0.1254 281.32 0.0021603 
10 100 5 2.1e-05 5 0.892 0.058302 155.7 0.12392 155.57 0.0018853 
10 100 5 2.1e-05 8 0.824 0.082678 26.854 0.12341 26.729 0.0015646 
10 100 5 2.1e-05 10 0.774 0.099106 14.84 0.12163 14.716 0.0015547 
10 100 5 2.1e-05 12 0.718 0.1264 11.774 0.12353 11.648 0.0016412 
10 100 5 2.1e-05 15 0.658 0.14289 8.5888 0.12259 8.4645 0.0015368 
10 100 5 2.1e-05 20 0.536 0.1546 5.8787 0.11982 5.7573 0.0014949 
10 100 5 2.1e-05 25 0.406 0.15527 4.2959 0.11912 4.1752 0.0014812 
10 100 5 2.1e-05 30 0.304 0.13509 3.0652 0.11764 2.9459 0.0014589 
10 100 5 2.1e-05 40 0.148 0.073159 1.3234 0.11554 1.2063 0.0014188 
10 100 5 2.1e-05 50 0.056 0.030678 0.57893 0.11272 0.46481 0.0013424 
10 100 5 2.1e-05 60 0.028 0.011037 0.27865 0.11145 0.16583 0.0013197 
10 100 5 2.1e-05 70 0.014 0.0028612 0.19518 0.1108 0.083025 0.0013078 
10 100 5 2.1e-05 80 0.004 0.00039184 0.13676 0.11072 0.024703 0.0012942 
10 100 5 2.1e-05 90 0 0 0.11136 0.11002 1.0756e-05 0.0012852 
10 100 5 2.1e-05 100 0 0 0.11117 0.10986 1.0805e-05 0.0012632 
10 125 5 2.1e-05 1 0.996 0.0008 848.92 0.15612 848.76 0.0037959 
10 125 5 2.1e-05 2 0.988 0.0018939 747.08 0.15563 746.92 0.0037084 
10 125 5 2.1e-05 3 0.976 0.0075755 583.01 0.15398 582.85 0.0033623 
10 125 5 2.1e-05 4 0.948 0.022139 404.81 0.15377 404.65 0.0029631 
10 125 5 2.1e-05 5 0.912 0.047608 254.31 0.15224 254.15 0.0025663 
10 125 5 2.1e-05 8 0.846 0.078861 51.838 0.15084 51.685 0.0020935 
10 125 5 2.1e-05 10 0.822 0.085833 23.904 0.15031 23.752 0.0019725 
10 125 5 2.1e-05 12 0.79 0.094388 16.894 0.15114 16.74 0.0020808 
10 125 5 2.1e-05 15 0.736 0.12235 12.199 0.14952 12.048 0.0019657 
10 125 5 2.1e-05 20 0.656 0.14578 8.371 0.14744 8.2215 0.0019626 
10 125 5 2.1e-05 25 0.57 0.16337 6.4926 0.14826 6.3422 0.0019687 
10 125 5 2.1e-05 30 0.47 0.16949 4.9931 0.14593 4.8451 0.0019163 
10 125 5 2.1e-05 40 0.296 0.13427 3.1591 0.14414 3.013 0.0019095 
10 125 5 2.1e-05 50 0.172 0.08818 1.7301 0.1433 1.5848 0.0018453 
10 125 5 2.1e-05 60 0.094 0.049555 0.86407 0.14109 0.7211 0.0018106 
10 125 5 2.1e-05 70 0.048 0.027853 0.45204 0.13988 0.31035 0.001766 
10 125 5 2.1e-05 80 0.016 0.0042286 0.23778 0.13786 0.09813 0.0017481 
10 125 5 2.1e-05 90 0.008 0.0011592 0.19241 0.13725 0.053365 0.0017452 
10 125 5 2.1e-05 100 0.002 0.0002 0.15327 0.13719 0.014299 0.0017385 
10 125 5 2.1e-05 125 0 0 0.13885 0.13708 1.2558e-05 0.0017196 
10 150 5 2.1e-05 1 1 0 865.45 0.1844 865.26 0.0044958 
10 150 5 2.1e-05 2 0.996 0.00039184 806.6 0.18354 806.41 0.0047621 
10 150 5 2.1e-05 3 0.98 0.0032653 681.39 0.18183 681.2 0.004162 
10 150 5 2.1e-05 4 0.956 0.014759 524.76 0.18195 524.58 0.0038145 
10 150 5 2.1e-05 5 0.942 0.024935 366.62 0.18124 366.43 0.0033571 
10 150 5 2.1e-05 8 0.882 0.053343 89.966 0.17848 89.785 0.0026544 
10 150 5 2.1e-05 10 0.846 0.07478 37.732 0.17692 37.552 0.0023822 
10 150 5 2.1e-05 12 0.82 0.083265 22.12 0.17815 21.939 0.0024685 
10 150 5 2.1e-05 15 0.774 0.099922 14.755 0.1772 14.575 0.0023698 
10 150 5 2.1e-05 20 0.69 0.14092 10.267 0.17535 10.089 0.0023506 
10 150 5 2.1e-05 25 0.614 0.16041 7.765 0.17544 7.5871 0.0023256 
10 150 5 2.1e-05 30 0.532 0.16385 6.2152 0.1754 6.0365 0.0031733 
10 150 5 2.1e-05 40 0.362 0.15465 3.9025 0.17291 3.7272 0.0023047 
10 150 5 2.1e-05 50 0.236 0.11745 2.5319 0.17169 2.3577 0.0024101 
10 150 5 2.1e-05 60 0.16 0.080408 1.6344 0.17187 1.4602 0.0022555 
10 150 5 2.1e-05 70 0.098 0.061424 1.0512 0.17154 0.87733 0.0022666 
10 150 5 2.1e-05 80 0.058 0.041261 0.64428 0.16781 0.4742 0.0022023 
10 150 5 2.1e-05 90 0.046 0.027841 0.46176 0.16719 0.29231 0.0021975 
10 150 5 2.1e-05 100 0.018 0.0051796 0.28055 0.16674 0.11155 0.0021861 
10 150 5 2.1e-05 125 0.002 0.0002 0.18289 0.16665 0.014004 0.0021854 
10 150 5 2.1e-05 150 0 0 0.16786 0.16562 1.5726e-05 0.0021625 
10 200 5 2.1e-05 1 1 0 852.06 0.24109 851.82 0.0058767 
10 200 5 2.1e-05 2 0.998 0.0002 820.95 0.24058 820.7 0.0058518 
10 200 5 2.1e-05 3 0.988 0.002302 760.59 0.23936 760.34 0.0056694 
10 200 5 2.1e-05 4 0.98 0.0057143 663.06 0.23814 662.82 0.005372 
10 200 5 2.1e-05 5 0.964 0.012963 537.54 0.23913 537.29 0.004936 
10 200 5 2.1e-05 8 0.918 0.034976 201.42 0.23408 201.18 0.003846 
10 200 5 2.1e-05 10 0.89 0.05602 86.632 0.23231 86.397 0.0033382 
10 200 5 2.1e-05 12 0.85 0.067857 40.646 0.23349 40.409 0.0032994 
10 200 5 2.1e-05 15 0.8 0.093469 20.491 0.23062 20.257 0.0030956 
10 200 5 2.1e-05 20 0.752 0.11847 13.854 0.23204 13.618 0.0032706 
10 200 5 2.1e-05 25 0.71 0.13806 11.375 0.2318 11.14 0.0030877 
10 200 5 2.1e-05 30 0.66 0.15714 9.0575 0.23027 8.824 0.0031194 
10 200 5 2.1e-05 40 0.52 0.17755 6.1019 0.2311 5.8675 0.0031191 
10 200 5 2.1e-05 50 0.398 0.16306 4.3178 0.22958 4.085 0.0031223 
10 200 5 2.1e-05 60 0.322 0.15236 3.3015 0.22941 3.0689 0.0031099 
10 200 5 2.1e-05 70 0.218 0.098649 2.2116 0.22897 1.9794 0.0030895 
10 200 5 2.1e-05 80 0.136 0.068473 1.5178 0.22881 1.2858 0.0030793 
10 200 5 2.1e-05 90 0.09 0.054388 1.1016 0.22828 0.87015 0.0030907 
10 200 5 2.1e-05 100 0.07 0.046633 0.87118 0.22837 0.63964 0.0030739 
10 200 5 2.1e-05 125 0.028 0.015935 0.40816 0.22769 0.17733 0.0030594 
10 200 5 2.1e-05 150 0.01 0.002551 0.29125 0.22767 0.06043 0.0030564 
10 200 5 2.1e-05 200 0 0 0.23082 0.22766 1.6636e-05 0.0030563 
10 250 5 2.1e-05 1 1 0 885.89 0.29178 885.59 0.0072124 
10 250 5 2.1e-05 2 1 0 874.79 0.29127 874.49 0.0086819 
10 250 5 2.1e-05 3 0.996 0.00039184 841.15 0.29386 840.85 0.007124 
10 250 5 2.1e-05 4 0.99 0.0017347 783.78 0.29112 783.48 0.006956 
10 250 5 2.1e-05 5 0.982 0.0043633 698.31 0.29015 698.01 0.0067138 
10 250 5 2.1e-05 8 0.934 0.03331 360.83 0.2873 360.53 0.0053975 
10 250 5 2.1e-05 10 0.908 0.051771 185.38 0.28801 185.08 0.0046912 
10 250 5 2.1e-05 12 0.876 0.0688 88.768 0.28686 88.476 0.0043442 
10 250 5 2.1e-05 15 0.844 0.082106 35.788 0.28464 35.499 0.0039522 
10 250 5 2.1e-05 20 0.806 0.091596 18.129 0.28365 17.841 0.0039398 
10 250 5 2.1e-05 25 0.758 0.11228 14.322 0.28669 14.031 0.0041543 
10 250 5 2.1e-05 30 0.724 0.12962 11.46 0.28307 11.173 0.0039475 
10 250 5 2.1e-05 40 0.648 0.15806 8.014 0.28295 7.7269 0.00395 
10 250 5 2.1e-05 50 0.53 0.16092 5.9273 0.28243 5.6408 0.0039231 
10 250 5 2.1e-05 60 0.4 0.15959 4.4787 0.28332 4.1913 0.0039146 
10 250 5 2.1e-05 70 0.328 0.15022 3.5525 0.28559 3.2628 0.0039434 
10 250 5 2.1e-05 80 0.266 0.12596 2.7846 0.28269 2.4978 0.0039161 
10 250 5 2.1e-05 90 0.192 0.09218 1.9952 0.2826 1.7086 0.0039224 
10 250 5 2.1e-05 100 0.132 0.074465 1.5158 0.28257 1.2292 0.0039452 
10 250 5 2.1e-05 125 0.068 0.049976 0.83959 0.28368 0.55189 0.0039293 
10 250 5 2.1e-05 150 0.028 0.015935 0.47246 0.2843 0.18416 0.0039183 
10 250 5 2.1e-05 200 0.002 0.0002 0.3036 0.28453 0.015074 0.0039169 
10 250 5 2.1e-05 250 0 0 0.28806 0.28404 2.2419e-05 0.0039226 
10 300 5 2.1e-05 1 1 0 886.44 0.34701 886.09 0.0084311 
10 300 5 2.1e-05 2 1 0 881.7 0.34671 881.34 0.0087887 
10 300 5 2.1e-05 3 1 0 867.22 0.34673 866.86 0.0085688 
10 300 5 2.1e-05 4 0.996 0.00039184 835.4 0.34552 835.05 0.0083858 
10 300 5 2.1e-05 5 0.994 0.00057551 782.84 0.34662 782.49 0.0082486 
10 300 5 2.1e-05 8 0.966 0.0084122 509.19 0.34407 508.84 0.0072054 
10 300 5 2.1e-05 10 0.94 0.025714 309.75 0.34242 309.4 0.0061614 
10 300 5 2.1e-05 12 0.92 0.035918 166.39 0.34131 166.05 0.0054718 
10 300 5 2.1e-05 15 0.89 0.058469 64.581 0.3405 64.235 0.0049227 
10 300 5 2.1e-05 20 0.842 0.073506 24.15 0.34034 23.805 0.0046195 
10 300 5 2.1e-05 25 0.792 0.097078 17.43 0.33753 17.088 0.0046229 
10 300 5 2.1e-05 30 0.766 0.11658 14.279 0.33954 13.935 0.0049002 
10 300 5 2.1e-05 40 0.7 0.14286 10.523 0.33767 10.18 0.0049741 
10 300 5 2.1e-05 50 0.632 0.16018 7.8299 0.33742 7.4877 0.0046096 
10 300 5 2.1e-05 60 0.55 0.1752 6.2247 0.33731 5.8826 0.0046019 
10 300 5 2.1e-05 70 0.464 0.16358 5.1792 0.33781 4.8367 0.0046147 
10 300 5 2.1e-05 80 0.394 0.15772 4.3634 0.33745 4.0212 0.0045896 
10 300 5 2.1e-05 90 0.314 0.13878 3.5406 0.34738 3.1884 0.0046383 
10 300 5 2.1e-05 100 0.254 0.12172 2.9086 0.33898 2.5649 0.0046383 
10 300 5 2.1e-05 125 0.126 0.071759 1.5764 0.33568 1.236 0.0045967 
10 300 5 2.1e-05 150 0.074 0.048494 0.94665 0.33677 0.60518 0.0046122 
10 300 5 2.1e-05 200 0.018 0.0051796 0.4529 0.33682 0.11138 0.0046097 
10 300 5 2.1e-05 250 0.002 0.0002 0.35587 0.33694 0.01422 0.0046242 
10 300 5 2.1e-05 300 0 0 0.34125 0.33654 2.3779e-05 0.0045931 
10 350 5 2.1e-05 1 1 0 851.6 0.4086 851.19 0.011218 
10 350 5 2.1e-05 2 0.998 0.0002 845.74 0.40554 845.32 0.010503 
10 350 5 2.1e-05 3 0.998 0.0002 834.63 0.40724 834.21 0.010498 
10 350 5 2.1e-05 4 0.998 0.0002 822.98 0.40532 822.56 0.010403 
10 350 5 2.1e-05 5 0.996 0.00039184 792.9 0.40612 792.48 0.0102 
10 350 5 2.1e-05 8 0.956 0.019249 601.74 0.4034 601.32 0.0092157 
10 350 5 2.1e-05 10 0.942 0.033506 420.91 0.40155 420.5 0.0082307 
10 350 5 2.1e-05 12 0.93 0.039286 260.9 0.39811 260.5 0.0071915 
10 350 5 2.1e-05 15 0.914 0.048984 111.28 0.39419 110.88 0.0064363 
10 350 5 2.1e-05 20 0.87 0.066633 35.146 0.3906 34.749 0.0060294 
10 350 5 2.1e-05 25 0.842 0.077588 20.924 0.39135 20.527 0.0060075 
10 350 5 2.1e-05 30 0.804 0.091412 15.887 0.39061 15.49 0.0056878 
10 350 5 2.1e-05 40 0.744 0.11884 12.115 0.39039 11.719 0.0056927 
10 350 5 2.1e-05 50 0.696 0.14202 9.6259 0.39074 9.2293 0.0056887 
10 350 5 2.1e-05 60 0.608 0.16034 7.4059 0.39147 7.0082 0.0060267 
10 350 5 2.1e-05 70 0.538 0.16689 6.0714 0.39097 5.6746 0.0056887 
10 350 5 2.1e-05 80 0.456 0.16782 5.1606 0.3902 4.7646 0.0056802 
10 350 5 2.1e-05 90 0.372 0.1543 4.2431 0.38894 3.8484 0.0056913 
10 350 5 2.1e-05 100 0.324 0.14513 3.6389 0.39081 3.2423 0.0056962 
10 350 5 2.1e-05 125 0.204 0.086514 2.3009 0.38837 1.9067 0.0056747 
10 350 5 2.1e-05 150 0.106 0.06629 1.4527 0.38941 1.0575 0.0056894 
10 350 5 2.1e-05 200 0.052 0.03969 0.74698 0.38934 0.35184 0.0056942 
10 350 5 2.1e-05 250 0.012 0.002302 0.47089 0.38907 0.07602 0.0057052 
10 350 5 2.1e-05 300 0.002 0.0002 0.40954 0.38957 0.014163 0.0057118 
10 400 5 2.1e-05 1 1 0 877.02 0.45214 876.56 0.0091253 
10 400 5 2.1e-05 2 1 0 881.85 0.45458 881.38 0.0094205 
10 400 5 2.1e-05 3 1 0 878.94 0.45288 878.48 0.0093816 
10 400 5 2.1e-05 4 1 0 870.52 0.4514 870.06 0.0092641 
10 400 5 2.1e-05 5 1 0 853.73 0.45186 853.27 0.009234 
10 400 5 2.1e-05 8 0.986 0.0032694 716.22 0.45052 715.76 0.0087879 
10 400 5 2.1e-05 10 0.968 0.010384 557.56 0.45098 557.1 0.0082645 
10 400 5 2.1e-05 12 0.948 0.023771 384.78 0.4481 384.33 0.0076737 
10 400 5 2.1e-05 15 0.92 0.042449 184.3 0.44546 183.85 0.006754 
10 400 5 2.1e-05 20 0.878 0.067465 54.297 0.44562 53.845 0.006235 
10 400 5 2.1e-05 25 0.844 0.080882 26.297 0.44382 25.847 0.0060084 
10 400 5 2.1e-05 30 0.814 0.090616 19.121 0.44304 18.672 0.0060441 
10 400 5 2.1e-05 40 0.764 0.1097 14.456 0.44317 14.006 0.0062334 
10 400 5 2.1e-05 50 0.716 0.14096 11.454 0.44379 11.004 0.0060013 
10 400 5 2.1e-05 60 0.674 0.15829 9.2349 0.44307 8.7856 0.0060602 
10 400 5 2.1e-05 70 0.62 0.17143 7.2705 0.44429 6.8201 0.0059868 
10 400 5 2.1e-05 80 0.546 0.16539 6.1355 0.4431 5.6862 0.0060626 
10 400 5 2.1e-05 90 0.466 0.16229 5.3935 0.44231 4.945 0.0060296 
10 400 5 2.1e-05 100 0.398 0.16836 4.7843 0.4471 4.3311 0.0059943 
10 400 5 2.1e-05 125 0.29 0.13847 3.3525 0.44271 2.9036 0.0060107 
10 400 5 2.1e-05 150 0.192 0.09218 2.2365 0.44263 1.7875 0.0062255 
10 400 5 2.1e-05 200 0.072 0.044914 1.0593 0.44681 0.60632 0.0060496 
10 400 5 2.1e-05 250 0.016 0.0042286 0.54507 0.44201 0.096927 0.0060405 
10 400 5 2.1e-05 300 0.004 0.00039184 0.4714 0.44122 0.024084 0.0060109 
10 400 5 2.1e-05 400 0 0 0.44801 0.44186 2.3807e-05 0.0060429 
10 500 5 2.1e-05 1 1 0 885.92 0.56036 885.35 0.011302 
10 500 5 2.1e-05 2 1 0 885.47 0.55869 884.9 0.011131 
10 500 5 2.1e-05 3 1 0 883.75 0.5593 883.18 0.011143 
10 500 5 2.1e-05 4 1 0 890.74 0.55967 890.17 0.011248 
10 500 5 2.1e-05 5 1 0 891.9 0.55928 891.33 0.011217 
10 500 5 2.1e-05 8 0.998 0.0002 849.6 0.55889 849.03 0.011004 
10 500 5 2.1e-05 10 0.992 0.0011592 746.88 0.5795 746.29 0.010938 
10 500 5 2.1e-05 12 0.98 0.0077551 594.25 0.5934 593.65 0.010223 
10 500 5 2.1e-05 15 0.948 0.027037 376.31 0.59762 375.7 0.0094153 
10 500 5 2.1e-05 20 0.906 0.055678 129.42 0.58412 128.82 0.0080313 
10 500 5 2.1e-05 25 0.878 0.066241 48.244 0.6032 47.633 0.0078191 
10 500 5 2.1e-05 30 0.844 0.075167 28.101 0.58264 27.511 0.0073858 
10 500 5 2.1e-05 40 0.808 0.09218 17.224 0.5486 16.668 0.007531 
10 500 5 2.1e-05 50 0.762 0.11138 13.671 0.55146 13.112 0.007297 
10 500 5 2.1e-05 60 0.72 0.13837 11.523 0.54894 10.966 0.0072554 
10 500 5 2.1e-05 70 0.696 0.14447 9.8235 0.55097 9.2651 0.007271 
10 500 5 2.1e-05 80 0.654 0.156 8.151 0.55096 7.5926 0.0072837 
10 500 5 2.1e-05 90 0.6 0.16612 7.1882 0.55138 6.6294 0.0072674 
10 500 5 2.1e-05 100 0.54 0.17061 6.1736 0.55033 5.6156 0.0075162 
10 500 5 2.1e-05 125 0.412 0.16189 4.6366 0.55051 4.0787 0.0073038 
10 500 5 2.1e-05 150 0.298 0.13857 3.4161 0.55493 2.8538 0.0072718 
10 500 5 2.1e-05 200 0.152 0.076833 1.7889 0.54829 1.2333 0.0072485 
10 500 5 2.1e-05 250 0.072 0.04818 1.0277 0.54783 0.47242 0.00731 
10 500 5 2.1e-05 300 0.026 0.010535 0.70002 0.54775 0.14492 0.0072682 
10 500 5 2.1e-05 400 0.002 0.0002 0.57057 0.5482 0.015004 0.0072842 
10 500 5 2.1e-05 500 0 0 0.55488 0.54747 4.9121e-05 0.0072819 
10 600 5 2.1e-05 1 1 0 1051.1 0.85023 1050.2 0.013821 
10 600 5 2.1e-05 2 1 0 875.58 0.68527 874.88 0.011685 
10 600 5 2.1e-05 3 1 0 858.8 0.66631 858.12 0.011541 
10 600 5 2.1e-05 4 1 0 884.46 0.69628 883.75 0.011944 
10 600 5 2.1e-05 5 1 0 1010.8 0.80379 1010 0.013006 
10 600 5 2.1e-05 8 1 0 855.82 0.70494 855.1 0.011894 
10 600 5 2.1e-05 10 0.996 0.0008 867.95 0.75208 867.19 0.012224 
10 600 5 2.1e-05 12 0.984 0.0046367 873.34 0.83884 872.49 0.012955 
10 600 5 2.1e-05 15 0.966 0.013718 664.21 0.8395 663.36 0.012236 
10 600 5 2.1e-05 20 0.924 0.041045 298.48 0.82927 297.64 0.010732 
10 600 5 2.1e-05 25 0.9 0.05551 110.66 0.82863 109.82 0.010075 
10 600 5 2.1e-05 30 0.876 0.072065 52.107 0.82548 51.272 0.0098349 
10 600 5 2.1e-05 40 0.832 0.081404 26.819 0.82549 25.984 0.0095854 
10 600 5 2.1e-05 50 0.79 0.10296 20.159 0.82757 19.321 0.009805 
10 600 5 2.1e-05 60 0.764 0.115 16.285 0.82258 15.453 0.0096402 
10 600 5 2.1e-05 70 0.742 0.12534 14.059 0.82316 13.227 0.0094887 
10 600 5 2.1e-05 80 0.704 0.14447 12.549 0.82608 11.713 0.0097786 
10 600 5 2.1e-05 90 0.68 0.1498 10.548 0.82086 9.7175 0.0095682 
10 600 5 2.1e-05 100 0.63 0.16337 9.0867 0.82966 8.2474 0.0095586 
10 600 5 2.1e-05 125 0.492 0.16769 7.0178 0.83478 6.1733 0.0096119 
10 600 5 2.1e-05 150 0.398 0.16265 5.5963 0.82002 4.7665 0.0096284 
10 600 5 2.1e-05 200 0.248 0.12418 3.5872 0.82493 2.7526 0.0095899 
10 600 5 2.1e-05 250 0.128 0.069404 2.1579 0.82466 1.3236 0.0095807 
10 600 5 2.1e-05 300 0.074 0.051351 1.4305 0.82101 0.59974 0.0096767 
10 600 5 2.1e-05 400 0.016 0.0042286 0.94194 0.82162 0.1107 0.0095502 
10 600 5 2.1e-05 500 0.002 0.0002 0.84455 0.82155 0.01341 0.0095278 
10 700 5 2.1e-05 1 1 0 977.24 0.8532 976.38 0.015104 
10 700 5 2.1e-05 2 1 0 1026.5 0.89508 1025.6 0.015272 
10 700 5 2.1e-05 3 1 0 945.04 0.85837 944.16 0.015498 
10 700 5 2.1e-05 4 1 0 909.72 0.81893 908.89 0.014919 
10 700 5 2.1e-05 5 1 0 909.09 0.82646 908.25 0.016434 
10 700 5 2.1e-05 8 1 0 908.57 0.79252 907.76 0.01425 
10 700 5 2.1e-05 10 1 0 891.43 0.77381 890.64 0.013826 
10 700 5 2.1e-05 12 0.998 0.0002 849.26 0.77525 848.47 0.013744 
10 700 5 2.1e-05 15 0.99 0.0017347 730.61 0.77101 729.82 0.013243 
10 700 5 2.1e-05 20 0.954 0.016004 433.48 0.77536 432.69 0.011877 
10 700 5 2.1e-05 25 0.926 0.034616 190.07 0.77189 189.29 0.010843 
10 700 5 2.1e-05 30 0.898 0.054894 78.809 0.76805 78.03 0.010088 
10 700 5 2.1e-05 40 0.854 0.074371 30.134 0.76735 29.356 0.0097586 
10 700 5 2.1e-05 50 0.834 0.081882 21.617 0.77755 20.829 0.010041 
10 700 5 2.1e-05 60 0.786 0.099188 16.515 0.76739 15.737 0.0097477 
10 700 5 2.1e-05 70 0.754 0.11356 14.041 0.76561 13.266 0.0097601 
10 700 5 2.1e-05 80 0.74 0.12041 12.893 0.76763 12.116 0.0097466 
10 700 5 2.1e-05 90 0.714 0.13674 11.909 0.77169 11.127 0.010028 
10 700 5 2.1e-05 100 0.688 0.14475 10.156 0.76638 9.3794 0.0097125 
10 700 5 2.1e-05 125 0.596 0.17345 7.5055 0.76433 6.731 0.010053 
10 700 5 2.1e-05 150 0.492 0.17504 6.0973 0.76415 5.3233 0.0097772 
10 700 5 2.1e-05 200 0.326 0.15176 4.1731 0.76519 3.3979 0.0098566 
10 700 5 2.1e-05 250 0.22 0.1098 2.8639 0.76432 2.0897 0.0097161 
10 700 5 2.1e-05 300 0.106 0.065473 1.7749 0.76501 0.9997 0.010085 
10 700 5 2.1e-05 400 0.04 0.025306 1.0466 0.76385 0.27281 0.00978 
10 700 5 2.1e-05 500 0.016 0.0042286 0.87411 0.76368 0.10056 0.0097725 
10 800 5 2.1e-05 1 1 0 885.48 0.87771 884.59 0.014452 
10 800 5 2.1e-05 2 1 0 886.47 0.87593 885.58 0.014711 
10 800 5 2.1e-05 3 1 0 886.82 0.87692 885.93 0.014708 
10 800 5 2.1e-05 4 1 0 886.63 0.87639 885.73 0.014553 
10 800 5 2.1e-05 5 1 0 885.41 0.87673 884.52 0.014509 
10 800 5 2.1e-05 8 1 0 883.63 0.88001 882.74 0.014679 
10 800 5 2.1e-05 10 1 0 875.61 0.87306 874.72 0.01455 
10 800 5 2.1e-05 12 1 0 850.49 0.87958 849.6 0.01466 
10 800 5 2.1e-05 15 0.998 0.0002 789.59 0.87509 788.7 0.014322 
10 800 5 2.1e-05 20 0.978 0.0058327 568.94 0.87305 568.05 0.013479 
10 800 5 2.1e-05 25 0.938 0.028118 303 0.872 302.11 0.012848 
10 800 5 2.1e-05 30 0.912 0.054955 137.09 0.87056 136.2 0.012284 
10 800 5 2.1e-05 40 0.872 0.069404 40.13 0.86812 39.251 0.011263 
10 800 5 2.1e-05 50 0.84 0.078367 24.978 0.86874 24.098 0.011524 
10 800 5 2.1e-05 60 0.808 0.091363 18.445 0.86646 17.567 0.011272 
10 800 5 2.1e-05 70 0.78 0.10939 16.146 0.86763 15.267 0.011289 
10 800 5 2.1e-05 80 0.756 0.11925 14.73 0.86819 13.85 0.011472 
10 800 5 2.1e-05 90 0.738 0.12363 12.895 0.86652 12.017 0.011245 
10 800 5 2.1e-05 100 0.714 0.13388 11.564 0.86483 10.687 0.011253 
10 800 5 2.1e-05 125 0.662 0.15098 8.8632 0.8694 7.9823 0.011321 
10 800 5 2.1e-05 150 0.57 0.17888 7.0543 0.86747 6.1754 0.011328 
10 800 5 2.1e-05 200 0.394 0.16915 5.2216 0.87199 4.3382 0.011319 
10 800 5 2.1e-05 250 0.278 0.13522 3.8588 0.86881 2.9786 0.011301 
10 800 5 2.1e-05 300 0.186 0.093473 2.6549 0.86718 1.7763 0.011302 
10 800 5 2.1e-05 400 0.074 0.052576 1.4351 0.86791 0.55575 0.011338 
10 800 5 2.1e-05 500 0.018 0.0051796 0.98973 0.86631 0.11188 0.011451 
10 900 5 2.1e-05 1 1 0 855.49 1.008 854.46 0.026657 
10 900 5 2.1e-05 2 1 0 855.37 1.0114 854.34 0.025327 
10 900 5 2.1e-05 3 1 0 854.98 1.0086 853.94 0.025082 
10 900 5 2.1e-05 4 1 0 855.7 1.0084 854.66 0.025061 
10 900 5 2.1e-05 5 1 0 850.38 1.0129 849.34 0.025656 
10 900 5 2.1e-05 8 1 0 853.6 1.0082 852.57 0.02504 
10 900 5 2.1e-05 10 1 0 850.06 1.0095 849.02 0.025391 
10 900 5 2.1e-05 12 1 0 840.77 1.0104 839.73 0.025157 
10 900 5 2.1e-05 15 1 0 807.65 1.0068 806.62 0.024395 
10 900 5 2.1e-05 20 0.994 0.00057551 663.71 0.99999 662.68 0.022973 
10 900 5 2.1e-05 25 0.96 0.012653 429.46 0.99393 428.44 0.020363 
10 900 5 2.1e-05 30 0.924 0.047984 221.31 0.98502 220.3 0.017286 
10 900 5 2.1e-05 40 0.898 0.058976 57.662 0.97816 56.669 0.014882 
10 900 5 2.1e-05 50 0.864 0.068473 30.093 0.97806 29.1 0.015267 
10 900 5 2.1e-05 60 0.834 0.080657 21.534 0.97044 20.549 0.014425 
10 900 5 2.1e-05 70 0.816 0.087086 17.874 0.97537 16.884 0.01519 
10 900 5 2.1e-05 80 0.796 0.09631 15.645 0.97577 14.655 0.014503 
10 900 5 2.1e-05 90 0.762 0.11138 13.868 0.97811 12.875 0.014501 
10 900 5 2.1e-05 100 0.742 0.12738 12.733 0.97193 11.746 0.014479 
10 900 5 2.1e-05 125 0.686 0.1498 10.435 0.97445 9.4454 0.014518 
10 900 5 2.1e-05 150 0.624 0.1586 7.9492 0.97592 6.9581 0.014977 
10 900 5 2.1e-05 200 0.476 0.17247 5.896 0.97256 4.9088 0.014443 
10 900 5 2.1e-05 250 0.338 0.15628 4.3609 0.97419 3.3721 0.014499 
10 900 5 2.1e-05 300 0.244 0.1168 3.2912 0.97382 2.3028 0.014504 
10 900 5 2.1e-05 400 0.092 0.059527 1.8669 0.97199 0.88028 0.014523 
10 900 5 2.1e-05 500 0.042 0.027384 1.2569 0.97254 0.26975 0.014507 
10 1000 5 2.1e-05 1 1 0 888.04 1.0913 886.93 0.017217 
10 1000 5 2.1e-05 2 1 0 889.26 1.0959 888.15 0.017099 
10 1000 5 2.1e-05 3 1 0 889.72 1.0938 888.61 0.017017 
10 1000 5 2.1e-05 4 1 0 889.34 1.0936 888.23 0.017391 
10 1000 5 2.1e-05 5 1 0 889.44 1.0971 888.32 0.016946 
10 1000 5 2.1e-05 8 1 0 889.22 1.0967 888.11 0.016987 
10 1000 5 2.1e-05 10 1 0 883.04 1.0972 881.92 0.016932 
10 1000 5 2.1e-05 12 1 0 882.04 1.0968 880.92 0.016874 
10 1000 5 2.1e-05 15 1 0 864.11 1.0949 863 0.01697 
10 1000 5 2.1e-05 20 0.994 0.00098367 766.43 1.0941 765.32 0.016434 
10 1000 5 2.1e-05 25 0.974 0.0072694 571.09 1.0887 569.99 0.015695 
10 1000 5 2.1e-05 30 0.95 0.019286 346.71 1.0846 345.61 0.014761 
10 1000 5 2.1e-05 40 0.906 0.054861 94.062 1.0863 92.962 0.013434 
10 1000 5 2.1e-05 50 0.88 0.066531 39.23 1.0816 38.135 0.013379 
10 1000 5 2.1e-05 60 0.856 0.078024 26.681 1.0837 25.584 0.013412 
10 1000 5 2.1e-05 70 0.844 0.082514 20.752 1.0798 19.658 0.01322 
10 1000 5 2.1e-05 80 0.81 0.090306 17.435 1.0808 16.34 0.013207 
10 1000 5 2.1e-05 90 0.782 0.10396 15.749 1.0859 14.65 0.013868 
10 1000 5 2.1e-05 100 0.76 0.11878 14.603 1.0832 13.506 0.013415 
10 1000 5 2.1e-05 125 0.716 0.13321 11.776 1.0789 10.683 0.013539 
10 1000 5 2.1e-05 150 0.682 0.15212 9.571 1.0799 8.4777 0.013267 
10 1000 5 2.1e-05 200 0.538 0.17098 6.667 1.0796 5.5739 0.01329 
10 1000 5 2.1e-05 250 0.406 0.16425 5.0393 1.0788 3.9471 0.013243 
10 1000 5 2.1e-05 300 0.302 0.14591 4.0055 1.0803 2.9118 0.013265 
10 1000 5 2.1e-05 400 0.132 0.072424 2.3538 1.0841 1.2563 0.013238 
10 1000 5 2.1e-05 500 0.07 0.04949 1.6715 1.086 0.57206 0.013241 
10 1250 5 2.1e-05 1 1 0 843.82 1.3548 842.45 0.016995 
10 1250 5 2.1e-05 2 1 0 847.45 1.355 846.08 0.017144 
10 1250 5 2.1e-05 3 1 0 847.64 1.3514 846.27 0.017092 
10 1250 5 2.1e-05 4 1 0 847.57 1.3509 846.2 0.017133 
10 1250 5 2.1e-05 5 1 0 847.63 1.3505 846.26 0.017466 
10 1250 5 2.1e-05 8 1 0 847.55 1.3507 846.18 0.017211 
10 1250 5 2.1e-05 10 1 0 847.67 1.35 846.3 0.017204 
10 1250 5 2.1e-05 12 1 0 846.44 1.3528 845.07 0.017249 
10 1250 5 2.1e-05 15 1 0 841.48 1.3514 840.11 0.017211 
10 1250 5 2.1e-05 20 1 0 815.76 1.3529 814.39 0.017123 
10 1250 5 2.1e-05 25 0.994 0.00098367 737.82 1.354 736.45 0.016978 
10 1250 5 2.1e-05 30 0.974 0.0084939 596.13 1.3515 594.76 0.017148 
10 1250 5 2.1e-05 40 0.932 0.04671 241.73 1.3488 240.37 0.017533 
10 1250 5 2.1e-05 50 0.906 0.058127 79.67 1.344 78.31 0.016371 
10 1250 5 2.1e-05 60 0.89 0.065408 39.934 1.3434 38.574 0.015964 
10 1250 5 2.1e-05 70 0.866 0.070045 28.362 1.3413 27.005 0.016061 
10 1250 5 2.1e-05 80 0.848 0.078873 22.299 1.3411 20.942 0.01597 
10 1250 5 2.1e-05 90 0.83 0.082551 19.74 1.3481 18.376 0.016038 
10 1250 5 2.1e-05 100 0.808 0.09218 16.966 1.3399 15.61 0.015973 
10 1250 5 2.1e-05 125 0.762 0.11628 14.11 1.342 12.752 0.016027 
10 1250 5 2.1e-05 150 0.722 0.13808 12.267 1.3457 10.905 0.017112 
10 1250 5 2.1e-05 200 0.662 0.15914 9.2012 1.3425 7.8425 0.01601 
10 1250 5 2.1e-05 250 0.55 0.16704 6.9552 1.3434 5.5955 0.016037 
10 1250 5 2.1e-05 300 0.41 0.16582 5.6009 1.3454 4.2393 0.01607 
10 1250 5 2.1e-05 400 0.274 0.13298 3.9648 1.3391 2.6092 0.016347 
10 1250 5 2.1e-05 500 0.142 0.076771 2.6357 1.3401 1.2794 0.015984 
