10 2500 4 2.1e-05 100 1 0 1074 2.4636 1071.5 0.045111 
10 2500 4 2.1e-05 125 0.978 0.0062408 898.67 2.4895 896.13 0.044986 
10 2500 4 2.1e-05 150 0.924 0.047984 422.65 2.4563 420.15 0.045585 
10 2500 4 2.1e-05 175 0.914 0.058371 143.47 2.4518 140.97 0.044011 
10 2500 4 2.1e-05 200 0.906 0.060167 69.393 2.4556 66.893 0.044064 
10 2500 4 2.1e-05 225 0.886 0.070616 46.095 2.4577 43.593 0.043906 
10 2500 4 2.1e-05 250 0.856 0.077208 36.871 2.4577 34.369 0.044157 
10 2500 4 2.1e-05 275 0.842 0.082894 30.634 2.4485 28.141 0.044278 
10 2500 4 2.1e-05 300 0.828 0.086955 26.812 2.4571 24.311 0.044403 
10 2500 4 2.1e-05 350 0.786 0.10327 21.767 2.4487 19.274 0.04421 
10 2500 4 2.1e-05 400 0.75 0.12459 19.031 2.4482 16.538 0.044314 
10 2500 4 2.1e-05 450 0.724 0.13533 17.929 2.4521 15.431 0.046124 
10 2500 4 2.1e-05 500 0.706 0.14711 16.046 2.4494 13.552 0.044222 
10 2500 4 2.1e-05 550 0.68 0.15388 13.908 2.4468 11.416 0.044198 
10 2500 4 2.1e-05 600 0.646 0.16213 12.143 2.4495 9.6495 0.04428 
10 2500 4 2.1e-05 650 0.608 0.16932 11.236 2.4667 8.7251 0.044378 
10 2500 4 2.1e-05 700 0.54 0.1751 10.002 2.4489 7.5088 0.04436 
10 2500 4 2.1e-05 750 0.498 0.17775 9.136 2.447 6.6445 0.044453 
10 2500 4 2.1e-05 800 0.452 0.17234 8.4949 2.4482 6.0021 0.044511 
10 2500 4 2.1e-05 850 0.4 0.17224 7.8722 2.4472 5.3804 0.044425 
10 2500 4 2.1e-05 900 0.368 0.15855 7.4841 2.4656 4.974 0.044463 
10 2500 4 2.1e-05 950 0.324 0.15411 7.0128 2.4674 4.5008 0.044451 
10 2500 4 2.1e-05 1000 0.294 0.14507 6.3853 2.4487 3.8922 0.044355 
10 2500 4 2.1e-05 1100 0.238 0.11791 5.626 2.4478 3.1339 0.044252 
10 2500 4 2.1e-05 1200 0.19 0.11153 4.7418 2.4477 2.2496 0.044342 
10 2500 4 2.1e-05 1300 0.122 0.069914 3.8716 2.4473 1.38 0.044209 
10 2500 4 2.1e-05 1400 0.078 0.053588 3.4437 2.4536 0.94577 0.044199 
10 2500 4 2.1e-05 1500 0.068 0.04671 3.2254 2.4726 0.7083 0.044337 
10 2500 4 2.1e-05 1600 0.044 0.031086 2.8883 2.482 0.35736 0.048888 
10 2500 4 2.1e-05 1700 0.032 0.019771 2.7644 2.4512 0.26879 0.044328 
10 2500 4 2.1e-05 1800 0.018 0.0051796 2.6293 2.449 0.13588 0.044252 
10 2500 4 2.1e-05 1900 0.016 0.0042286 2.6097 2.4473 0.11802 0.044352 
10 2500 4 2.1e-05 2000 0.01 0.0017347 2.5661 2.4484 0.073127 0.044465 
10 2500 4 2.1e-05 2250 0.002 0.0002 2.51 2.4476 0.017927 0.04442 
10 2500 4 2.1e-05 2500 0 0 2.5031 2.4587 1.4507e-05 0.044294 
10 3000 4 2.1e-05 100 1 0 1098 2.9614 1095 0.057084 
10 3000 4 2.1e-05 125 1 0 1061.4 2.9512 1058.4 0.055581 
10 3000 4 2.1e-05 150 0.986 0.0032694 891.92 2.9499 888.92 0.057177 
10 3000 4 2.1e-05 175 0.938 0.033833 502.49 2.9494 499.49 0.05389 
10 3000 4 2.1e-05 200 0.916 0.058514 198.19 2.9419 195.19 0.053165 
10 3000 4 2.1e-05 225 0.914 0.058371 92.371 2.9381 89.38 0.05282 
10 3000 4 2.1e-05 250 0.898 0.065914 58.201 2.9368 55.211 0.052752 
10 3000 4 2.1e-05 275 0.884 0.068718 44.496 2.9432 41.5 0.052858 
10 3000 4 2.1e-05 300 0.862 0.073833 36.922 2.9484 33.921 0.052856 
10 3000 4 2.1e-05 350 0.834 0.081882 28.034 2.9362 25.045 0.053009 
10 3000 4 2.1e-05 400 0.808 0.094629 23.237 2.9432 20.241 0.052958 
10 3000 4 2.1e-05 450 0.774 0.11258 21.158 2.9397 18.165 0.053047 
10 3000 4 2.1e-05 500 0.75 0.12418 18.791 2.9347 15.803 0.053059 
10 3000 4 2.1e-05 550 0.73 0.13357 17.57 2.937 14.58 0.052888 
10 3000 4 2.1e-05 600 0.714 0.14041 16.755 2.9454 13.757 0.053068 
10 3000 4 2.1e-05 650 0.678 0.15522 14.35 2.9349 11.362 0.052992 
10 3000 4 2.1e-05 700 0.648 0.16581 12.867 2.9345 9.8796 0.052989 
10 3000 4 2.1e-05 750 0.624 0.17125 11.829 2.9391 8.8359 0.05366 
10 3000 4 2.1e-05 800 0.584 0.17402 11.094 2.9465 8.0943 0.053006 
10 3000 4 2.1e-05 850 0.532 0.17773 10.075 2.9353 7.0864 0.052884 
10 3000 4 2.1e-05 900 0.486 0.18082 9.3624 2.9344 6.375 0.05295 
10 3000 4 2.1e-05 950 0.44 0.17388 8.8242 2.9344 5.8367 0.05298 
10 3000 4 2.1e-05 1000 0.41 0.17031 8.4444 2.9459 5.4446 0.053831 
10 3000 4 2.1e-05 1100 0.342 0.15636 7.6803 2.9494 4.6777 0.053048 
10 3000 4 2.1e-05 1200 0.292 0.14687 6.8094 2.9364 3.82 0.052982 
10 3000 4 2.1e-05 1300 0.242 0.12249 6.1769 2.9347 3.189 0.053011 
10 3000 4 2.1e-05 1400 0.208 0.11789 5.6204 2.9358 2.6315 0.052988 
10 3000 4 2.1e-05 1500 0.166 0.092494 4.8879 2.9341 1.9007 0.052986 
10 3000 4 2.1e-05 1600 0.108 0.065649 4.281 2.9483 1.2795 0.053051 
10 3000 4 2.1e-05 1700 0.08 0.053469 3.9971 2.9649 0.97898 0.05319 
10 3000 4 2.1e-05 1800 0.066 0.044331 3.6694 2.9369 0.6795 0.053003 
10 3000 4 2.1e-05 1900 0.052 0.03969 3.4111 2.9353 0.42271 0.052998 
10 3000 4 2.1e-05 2000 0.04 0.027347 3.3148 2.9346 0.32684 0.05325 
10 3000 4 2.1e-05 2250 0.016 0.0042286 3.1072 2.9348 0.11933 0.053024 
10 3000 4 2.1e-05 2500 0.002 0.0002 3.0251 2.9544 0.017587 0.053026 
10 3000 4 2.1e-05 2750 0.002 0.0002 3.0485 2.978 0.017259 0.053171 
10 3000 4 2.1e-05 3000 0 0 2.9898 2.9367 1.91e-05 0.052998 
10 4000 4 2.1e-05 100 1 0 1098.7 3.9413 1094.6 0.1425 
10 4000 4 2.1e-05 125 1 0 1098.3 3.9403 1094.3 0.13962 
10 4000 4 2.1e-05 150 1 0 1087 3.9388 1082.9 0.14124 
10 4000 4 2.1e-05 175 0.998 0.0002 1041.5 3.9434 1037.4 0.13696 
10 4000 4 2.1e-05 200 0.974 0.011759 898.26 3.9365 894.2 0.12994 
10 4000 4 2.1e-05 225 0.948 0.029894 602.61 3.9375 598.56 0.11233 
10 4000 4 2.1e-05 250 0.934 0.041065 307.31 3.9312 303.29 0.095013 
10 4000 4 2.1e-05 275 0.92 0.051429 154.82 3.9274 150.81 0.083771 
10 4000 4 2.1e-05 300 0.912 0.058629 93.372 3.9282 89.361 0.083432 
10 4000 4 2.1e-05 350 0.89 0.068265 50.694 3.9329 46.681 0.080277 
10 4000 4 2.1e-05 400 0.87 0.072755 37.666 3.9207 33.669 0.076665 
10 4000 4 2.1e-05 450 0.844 0.08578 31.736 3.9289 27.726 0.080201 
10 4000 4 2.1e-05 500 0.826 0.087269 25.789 3.9202 21.792 0.076726 
10 4000 4 2.1e-05 550 0.802 0.096118 24.02 3.9347 20.005 0.080266 
10 4000 4 2.1e-05 600 0.776 0.1137 21.662 3.9203 17.665 0.076458 
10 4000 4 2.1e-05 650 0.754 0.12335 20.231 3.925 16.229 0.076802 
10 4000 4 2.1e-05 700 0.738 0.13098 19.945 3.9377 15.927 0.080262 
10 4000 4 2.1e-05 750 0.718 0.13702 18.335 3.9206 14.337 0.076826 
10 4000 4 2.1e-05 800 0.706 0.14425 17.352 3.9208 13.354 0.076881 
10 4000 4 2.1e-05 850 0.694 0.15241 16.694 3.9363 12.677 0.080478 
10 4000 4 2.1e-05 900 0.678 0.15522 14.924 3.9212 10.926 0.07674 
10 4000 4 2.1e-05 950 0.654 0.16743 13.653 3.9191 9.6565 0.076867 
10 4000 4 2.1e-05 1000 0.63 0.16827 12.958 3.9367 8.9449 0.076647 
10 4000 4 2.1e-05 1100 0.562 0.17016 11.73 3.9318 7.7174 0.080479 
10 4000 4 2.1e-05 1200 0.492 0.17177 10.435 3.9208 6.437 0.076793 
10 4000 4 2.1e-05 1300 0.434 0.17372 9.6897 3.9195 5.6932 0.076948 
10 4000 4 2.1e-05 1400 0.388 0.1623 9.1235 3.9203 5.1262 0.076865 
10 4000 4 2.1e-05 1500 0.334 0.15494 8.6105 3.9544 4.5757 0.080274 
10 4000 4 2.1e-05 1600 0.292 0.14361 7.9427 3.9219 3.9438 0.076884 
10 4000 4 2.1e-05 1700 0.246 0.11968 7.3576 3.9205 3.3603 0.076745 
10 4000 4 2.1e-05 1800 0.226 0.11666 6.9452 3.9198 2.9484 0.076862 
10 4000 4 2.1e-05 1900 0.196 0.11549 6.5252 3.9333 2.515 0.076778 
10 4000 4 2.1e-05 2000 0.164 0.10031 6.0008 3.9591 1.9612 0.080411 
10 4000 4 2.1e-05 2250 0.08 0.053878 4.9026 3.9222 0.90354 0.076758 
10 4000 4 2.1e-05 2500 0.054 0.041718 4.5281 3.9202 0.53091 0.076921 
10 4000 4 2.1e-05 2750 0.032 0.019771 4.2466 3.9195 0.25006 0.07692 
10 4000 4 2.1e-05 3000 0.018 0.0051796 4.1983 3.9667 0.15471 0.076792 
10 4000 4 2.1e-05 4000 0 0 4.0135 3.9328 1.6475e-05 0.080599 
10 5000 4 2.1e-05 100 1 0 1091.7 4.9138 1086.6 0.16514 
10 5000 4 2.1e-05 125 1 0 1092.9 4.9147 1087.9 0.16548 
10 5000 4 2.1e-05 150 1 0 1092.1 4.9158 1087.1 0.16442 
10 5000 4 2.1e-05 175 1 0 1088 4.9117 1082.9 0.1643 
10 5000 4 2.1e-05 200 1 0 1070.4 4.9129 1065.3 0.16203 
10 5000 4 2.1e-05 225 0.998 0.0002 1019.3 4.9176 1014.2 0.16189 
10 5000 4 2.1e-05 250 0.978 0.010731 900.82 4.9149 895.75 0.15358 
10 5000 4 2.1e-05 275 0.956 0.026188 677.32 4.9068 672.28 0.14059 
10 5000 4 2.1e-05 300 0.932 0.036098 406.23 4.9067 401.21 0.1216 
10 5000 4 2.1e-05 350 0.914 0.058371 133.18 4.9019 128.18 0.10195 
10 5000 4 2.1e-05 400 0.908 0.05871 68.441 4.9021 63.443 0.096214 
10 5000 4 2.1e-05 450 0.886 0.068167 47.322 4.9074 42.318 0.09644 
10 5000 4 2.1e-05 500 0.868 0.072424 38.748 4.903 33.749 0.096579 
10 5000 4 2.1e-05 550 0.844 0.08578 32.66 4.8956 27.672 0.092397 
10 5000 4 2.1e-05 600 0.83 0.087041 29.342 4.9056 24.34 0.096353 
10 5000 4 2.1e-05 650 0.82 0.086939 25.797 4.8949 20.809 0.092588 
10 5000 4 2.1e-05 700 0.796 0.099167 23.92 4.9171 18.907 0.096028 
10 5000 4 2.1e-05 750 0.78 0.11143 22.872 4.8954 17.884 0.092847 
10 5000 4 2.1e-05 800 0.756 0.11966 21.427 4.894 16.44 0.092358 
10 5000 4 2.1e-05 850 0.74 0.12776 21.254 4.9181 16.239 0.096711 
10 5000 4 2.1e-05 900 0.732 0.12998 19.94 4.8943 14.954 0.092449 
10 5000 4 2.1e-05 950 0.724 0.13492 19.097 4.8959 14.108 0.092375 
10 5000 4 2.1e-05 1000 0.704 0.14611 18.769 4.9079 13.764 0.096677 
10 5000 4 2.1e-05 1100 0.684 0.15035 16.077 4.8946 11.09 0.092352 
10 5000 4 2.1e-05 1200 0.65 0.16255 14.254 4.8937 9.2673 0.09243 
10 5000 4 2.1e-05 1300 0.596 0.17223 13.187 4.9143 8.1751 0.097224 
10 5000 4 2.1e-05 1400 0.548 0.17765 12.306 4.8958 7.3168 0.09319 
10 5000 4 2.1e-05 1500 0.496 0.1759 11.32 4.8946 6.3328 0.092426 
10 5000 4 2.1e-05 1600 0.434 0.17209 10.629 4.8948 5.6417 0.092295 
10 5000 4 2.1e-05 1700 0.402 0.16591 10.31 4.9197 5.2977 0.092587 
10 5000 4 2.1e-05 1800 0.364 0.15909 9.9165 4.8978 4.9216 0.0969 
10 5000 4 2.1e-05 1900 0.316 0.15362 9.121 4.8943 4.1339 0.092696 
10 5000 4 2.1e-05 2000 0.29 0.14541 8.7292 4.8948 3.7416 0.09267 
10 5000 4 2.1e-05 2250 0.22 0.11796 8.0247 4.9286 2.9994 0.096598 
10 5000 4 2.1e-05 2500 0.16 0.091837 6.7856 4.8974 1.7953 0.092776 
10 5000 4 2.1e-05 2750 0.086 0.054698 5.9475 4.8942 0.96053 0.092625 
10 5000 4 2.1e-05 3000 0.062 0.045669 5.6218 4.8946 0.63425 0.092921 
10 5000 4 2.1e-05 4000 0.01 0.0017347 5.1302 4.9549 0.08269 0.092625 
10 5000 4 2.1e-05 5000 0 0 4.9945 4.8973 1.3589e-05 0.097141 
10 6000 4 2.1e-05 100 1 0 1096.7 5.8973 1090.6 0.19757 
10 6000 4 2.1e-05 125 1 0 1097.5 5.8886 1091.4 0.19648 
10 6000 4 2.1e-05 150 1 0 1097.5 5.8924 1091.4 0.19541 
10 6000 4 2.1e-05 175 1 0 1097.2 5.8909 1091.1 0.19635 
10 6000 4 2.1e-05 200 1 0 1094 5.8895 1088 0.19566 
10 6000 4 2.1e-05 225 1 0 1082.8 5.8954 1076.7 0.1923 
10 6000 4 2.1e-05 250 1 0 1061.1 5.8872 1055 0.19168 
10 6000 4 2.1e-05 275 0.996 0.0008 1012.4 5.8859 1006.3 0.18753 
10 6000 4 2.1e-05 300 0.978 0.0074653 909.78 5.8867 903.72 0.1755 
10 6000 4 2.1e-05 350 0.942 0.026159 491.08 5.8824 485.04 0.15212 
10 6000 4 2.1e-05 400 0.916 0.055657 183.12 5.8846 177.11 0.12438 
10 6000 4 2.1e-05 450 0.912 0.058629 91.209 5.882 85.212 0.11435 
10 6000 4 2.1e-05 500 0.894 0.063433 59.299 5.8801 53.305 0.11413 
10 6000 4 2.1e-05 550 0.878 0.071547 46.669 5.8872 40.667 0.11447 
10 6000 4 2.1e-05 600 0.872 0.072669 40.196 5.8861 34.195 0.11475 
10 6000 4 2.1e-05 650 0.846 0.081718 34.667 5.8731 28.684 0.10963 
10 6000 4 2.1e-05 700 0.828 0.086139 31.368 5.8888 25.363 0.11612 
10 6000 4 2.1e-05 750 0.818 0.089669 27.845 5.8721 21.863 0.11 
10 6000 4 2.1e-05 800 0.798 0.1002 26.682 5.893 20.673 0.11603 
10 6000 4 2.1e-05 850 0.79 0.10663 24.681 5.8734 18.698 0.10987 
10 6000 4 2.1e-05 900 0.77 0.1152 23.499 5.8848 17.502 0.11188 
10 6000 4 2.1e-05 950 0.766 0.11494 23.191 5.8759 17.2 0.11465 
10 6000 4 2.1e-05 1000 0.748 0.12704 21.771 5.8721 15.789 0.10989 
10 6000 4 2.1e-05 1100 0.72 0.13755 21.024 5.8906 15.018 0.11605 
10 6000 4 2.1e-05 1200 0.706 0.14425 19.31 5.874 13.326 0.11022 
10 6000 4 2.1e-05 1300 0.682 0.15702 17.408 5.8737 11.424 0.10987 
10 6000 4 2.1e-05 1400 0.652 0.165 16.191 5.8971 10.178 0.11552 
10 6000 4 2.1e-05 1500 0.628 0.17063 14.976 5.8739 8.9918 0.11015 
10 6000 4 2.1e-05 1600 0.59 0.17276 13.76 5.8719 7.7775 0.11011 
10 6000 4 2.1e-05 1700 0.542 0.17555 13.089 5.8919 7.0866 0.1105 
10 6000 4 2.1e-05 1800 0.502 0.1802 12.828 5.8875 6.8233 0.11685 
10 6000 4 2.1e-05 1900 0.446 0.17274 11.863 5.873 5.8791 0.11048 
10 6000 4 2.1e-05 2000 0.422 0.16787 11.391 5.873 5.4071 0.11062 
10 6000 4 2.1e-05 2250 0.328 0.15553 10.526 5.896 4.5152 0.11505 
10 6000 4 2.1e-05 2500 0.272 0.13185 9.4892 5.874 3.5049 0.11016 
10 6000 4 2.1e-05 2750 0.214 0.11715 8.6359 5.8724 2.6531 0.11023 
10 6000 4 2.1e-05 3000 0.164 0.08929 7.8212 5.8879 1.8229 0.11024 
10 6000 4 2.1e-05 4000 0.038 0.025669 6.3646 5.9126 0.33666 0.11533 
10 6000 4 2.1e-05 5000 0.002 0.0002 6.002 5.8746 0.017274 0.10997 
10 6000 4 2.1e-05 6000 0 0 5.9839 5.8737 1.6644e-05 0.11013 
10 7000 4 2.1e-05 100 1 0 1100.4 6.9817 1093.2 0.22793 
10 7000 4 2.1e-05 125 1 0 1100.5 6.9835 1093.3 0.2267 
10 7000 4 2.1e-05 150 1 0 1100.5 6.9784 1093.3 0.22612 
10 7000 4 2.1e-05 175 1 0 1100 6.9794 1092.8 0.22747 
10 7000 4 2.1e-05 200 1 0 1099.8 6.9816 1092.6 0.22604 
10 7000 4 2.1e-05 225 1 0 1098 6.9825 1090.8 0.22678 
10 7000 4 2.1e-05 250 1 0 1094.9 6.9798 1087.7 0.22619 
10 7000 4 2.1e-05 275 1 0 1084.1 6.9833 1076.9 0.22112 
10 7000 4 2.1e-05 300 1 0 1060.3 6.9798 1053.1 0.22549 
10 7000 4 2.1e-05 350 0.974 0.011759 915.62 6.9785 908.43 0.21231 
10 7000 4 2.1e-05 400 0.948 0.030302 558.09 6.9727 550.93 0.17818 
10 7000 4 2.1e-05 450 0.918 0.05171 234.37 6.9671 227.25 0.14958 
10 7000 4 2.1e-05 500 0.914 0.058371 120.02 6.9639 112.92 0.14001 
10 7000 4 2.1e-05 550 0.91 0.058469 74.834 6.9636 67.738 0.13248 
10 7000 4 2.1e-05 600 0.888 0.068833 54.964 6.967 47.865 0.13262 
10 7000 4 2.1e-05 650 0.878 0.072363 46.315 6.9618 39.221 0.13234 
10 7000 4 2.1e-05 700 0.866 0.072902 40.709 6.9682 33.609 0.13234 
10 7000 4 2.1e-05 750 0.842 0.081669 36.409 6.9516 29.331 0.12707 
10 7000 4 2.1e-05 800 0.832 0.083853 33.206 6.9673 26.106 0.13272 
10 7000 4 2.1e-05 850 0.83 0.085816 29.983 6.9514 22.905 0.12717 
10 7000 4 2.1e-05 900 0.818 0.087629 28.581 6.9707 21.478 0.13273 
10 7000 4 2.1e-05 950 0.796 0.097943 26.538 6.9511 19.46 0.12708 
10 7000 4 2.1e-05 1000 0.78 0.1098 25.659 6.9743 18.551 0.13296 
10 7000 4 2.1e-05 1100 0.76 0.11878 23.94 6.9517 16.862 0.12709 
10 7000 4 2.1e-05 1200 0.736 0.13133 22.506 6.9555 15.424 0.1269 
10 7000 4 2.1e-05 1300 0.718 0.13742 22.161 6.9723 15.056 0.13271 
10 7000 4 2.1e-05 1400 0.702 0.14387 20.289 6.9508 13.21 0.12755 
10 7000 4 2.1e-05 1500 0.684 0.15035 19.063 6.9754 11.96 0.12739 
10 7000 4 2.1e-05 1600 0.664 0.16113 17.873 6.9569 10.783 0.13312 
10 7000 4 2.1e-05 1700 0.636 0.16766 16.25 6.9506 9.1723 0.12746 
10 7000 4 2.1e-05 1800 0.608 0.17177 15.486 6.9683 8.3904 0.12742 
10 7000 4 2.1e-05 1900 0.574 0.17502 14.944 6.9656 7.8452 0.13351 
10 7000 4 2.1e-05 2000 0.524 0.17656 13.881 6.9513 6.802 0.12758 
10 7000 4 2.1e-05 2250 0.43 0.1748 12.882 6.9664 5.7874 0.12759 
10 7000 4 2.1e-05 2500 0.374 0.16849 12.242 6.9707 5.138 0.1333 
10 7000 4 2.1e-05 2750 0.298 0.15163 10.964 6.9526 3.8842 0.12743 
10 7000 4 2.1e-05 3000 0.244 0.12047 10.276 6.9523 3.1956 0.12769 
10 7000 4 2.1e-05 4000 0.08 0.053469 8.114 7.012 0.96657 0.13526 
10 7000 4 2.1e-05 5000 0.02 0.0065306 7.2393 6.9562 0.15552 0.1275 
10 7000 4 2.1e-05 6000 0.002 0.0002 7.0996 6.9541 0.017854 0.12751 
10 7000 4 2.1e-05 7000 0 0 7.1494 7.016 1.5417e-05 0.13332 
10 8000 4 2.1e-05 100 1 0 1093.2 7.9789 1085 0.25459 
10 8000 4 2.1e-05 125 1 0 1094 7.9755 1085.8 0.25437 
10 8000 4 2.1e-05 150 1 0 1094.1 7.982 1085.9 0.25462 
10 8000 4 2.1e-05 175 1 0 1093.4 7.9786 1085.2 0.25457 
10 8000 4 2.1e-05 200 1 0 1094 7.9777 1085.8 0.25631 
10 8000 4 2.1e-05 225 1 0 1094 7.9791 1085.7 0.25634 
10 8000 4 2.1e-05 250 1 0 1093.6 7.9818 1085.4 0.25525 
10 8000 4 2.1e-05 275 1 0 1091.3 7.98 1083.1 0.2543 
10 8000 4 2.1e-05 300 1 0 1082.9 7.9794 1074.6 0.25548 
10 8000 4 2.1e-05 350 1 0 1041.4 7.9786 1033.2 0.25092 
10 8000 4 2.1e-05 400 0.974 0.010535 911.92 7.9745 903.7 0.24369 
10 8000 4 2.1e-05 450 0.954 0.028657 607.18 7.9742 599 0.20767 
10 8000 4 2.1e-05 500 0.928 0.04818 288.92 7.9705 280.78 0.17487 
10 8000 4 2.1e-05 550 0.914 0.058371 147.72 7.9676 139.59 0.15788 
10 8000 4 2.1e-05 600 0.912 0.058629 92.909 7.9684 84.784 0.15633 
10 8000 4 2.1e-05 650 0.902 0.058976 67.425 7.9656 59.309 0.15056 
10 8000 4 2.1e-05 700 0.886 0.068984 53.313 7.9654 45.197 0.15037 
10 8000 4 2.1e-05 750 0.874 0.072984 46.361 7.9523 38.264 0.14454 
10 8000 4 2.1e-05 800 0.87 0.073571 42.19 7.968 34.072 0.15045 
10 8000 4 2.1e-05 850 0.854 0.077229 38.496 7.9714 30.374 0.15057 
10 8000 4 2.1e-05 900 0.84 0.083265 35.224 7.953 27.126 0.14449 
10 8000 4 2.1e-05 950 0.83 0.085816 32.576 7.9757 24.45 0.15065 
10 8000 4 2.1e-05 1000 0.826 0.087269 30.001 7.953 21.904 0.14459 
10 8000 4 2.1e-05 1100 0.798 0.098976 27.789 7.9731 19.664 0.1511 
10 8000 4 2.1e-05 1200 0.778 0.11032 25.518 7.953 17.421 0.1444 
10 8000 4 2.1e-05 1300 0.752 0.12091 24.567 7.9783 16.437 0.15175 
10 8000 4 2.1e-05 1400 0.734 0.12964 23.43 7.9549 15.33 0.1446 
10 8000 4 2.1e-05 1500 0.718 0.1411 22.21 7.9554 14.11 0.14492 
10 8000 4 2.1e-05 1600 0.708 0.14647 21.899 7.9687 13.78 0.15056 
10 8000 4 2.1e-05 1700 0.688 0.15169 19.938 7.9526 11.84 0.1447 
10 8000 4 2.1e-05 1800 0.672 0.15961 18.884 7.9686 10.77 0.14532 
10 8000 4 2.1e-05 1900 0.642 0.16902 17.979 7.9606 9.867 0.15126 
10 8000 4 2.1e-05 2000 0.624 0.17002 16.748 7.9534 8.6498 0.14428 
10 8000 4 2.1e-05 2250 0.54 0.17796 15.258 7.9752 7.138 0.14457 
10 8000 4 2.1e-05 2500 0.448 0.1752 14.338 7.9619 6.2255 0.15106 
10 8000 4 2.1e-05 2750 0.386 0.16449 13.123 7.9549 5.024 0.14444 
10 8000 4 2.1e-05 3000 0.334 0.15698 12.469 7.9716 4.3523 0.14475 
10 8000 4 2.1e-05 4000 0.166 0.094535 9.9712 7.9689 1.8516 0.15052 
10 8000 4 2.1e-05 5000 0.054 0.039678 8.5875 7.9543 0.4881 0.14499 
10 8000 4 2.1e-05 6000 0.018 0.0051796 8.2602 7.974 0.14161 0.14443 
10 8000 4 2.1e-05 7000 0.002 0.0002 8.1574 7.9889 0.017137 0.15132 
10 8000 4 2.1e-05 8000 0 0 8.1605 8.0003 1.1305e-05 0.16007 
10 9000 4 2.1e-05 100 1 0 1097 8.8265 1087.8 0.29227 
10 9000 4 2.1e-05 125 1 0 1097.9 8.8233 1088.8 0.28671 
10 9000 4 2.1e-05 150 1 0 1097.9 8.825 1088.8 0.28454 
10 9000 4 2.1e-05 175 1 0 1098.1 8.8255 1089 0.28407 
10 9000 4 2.1e-05 200 1 0 1098 8.8267 1088.9 0.28494 
10 9000 4 2.1e-05 225 1 0 1097.3 8.8237 1088.2 0.28761 
10 9000 4 2.1e-05 250 1 0 1098.2 8.8276 1089 0.28562 
10 9000 4 2.1e-05 275 1 0 1098.2 8.8273 1089.1 0.28496 
10 9000 4 2.1e-05 300 1 0 1096.4 8.8255 1087.3 0.28598 
10 9000 4 2.1e-05 350 1 0 1083.1 8.8277 1074 0.28527 
10 9000 4 2.1e-05 400 1 0 1039.9 8.8228 1030.8 0.28045 
10 9000 4 2.1e-05 450 0.986 0.0032694 917.49 8.8276 908.39 0.27309 
10 9000 4 2.1e-05 500 0.956 0.028637 651.88 8.8291 642.82 0.23387 
10 9000 4 2.1e-05 550 0.93 0.040918 348.53 8.8198 339.5 0.20463 
10 9000 4 2.1e-05 600 0.914 0.058371 182.52 8.8195 173.52 0.18313 
10 9000 4 2.1e-05 650 0.914 0.058371 112.33 8.8141 103.34 0.17612 
10 9000 4 2.1e-05 700 0.914 0.058371 79.295 8.8183 70.307 0.16917 
10 9000 4 2.1e-05 750 0.896 0.068555 61.787 8.8162 52.797 0.17411 
10 9000 4 2.1e-05 800 0.89 0.071122 51.827 8.8042 42.859 0.16291 
10 9000 4 2.1e-05 850 0.874 0.072984 46.9 8.8179 37.913 0.16884 
10 9000 4 2.1e-05 900 0.87 0.072755 42.933 8.8162 33.948 0.16912 
10 9000 4 2.1e-05 950 0.852 0.074384 39.048 8.813 30.073 0.16181 
10 9000 4 2.1e-05 1000 0.84 0.081633 36.859 8.8139 27.876 0.16926 
10 9000 4 2.1e-05 1100 0.828 0.086955 31.969 8.8175 22.982 0.16945 
10 9000 4 2.1e-05 1200 0.812 0.090057 29.22 8.8039 20.255 0.16158 
10 9000 4 2.1e-05 1300 0.782 0.11089 27.395 8.8311 18.395 0.16891 
10 9000 4 2.1e-05 1400 0.764 0.11745 26.188 8.8037 17.222 0.16249 
10 9000 4 2.1e-05 1500 0.744 0.12578 24.777 8.8158 15.8 0.16202 
10 9000 4 2.1e-05 1600 0.73 0.13153 24.641 8.8226 15.648 0.16996 
10 9000 4 2.1e-05 1700 0.716 0.143 23.075 8.8035 14.109 0.16195 
10 9000 4 2.1e-05 1800 0.706 0.14425 22.528 8.8351 13.523 0.16968 
10 9000 4 2.1e-05 1900 0.692 0.14687 21.081 8.8028 12.116 0.16231 
10 9000 4 2.1e-05 2000 0.676 0.15696 19.806 8.8196 10.823 0.16306 
10 9000 4 2.1e-05 2250 0.626 0.17053 18.105 8.8153 9.1206 0.16925 
10 9000 4 2.1e-05 2500 0.544 0.17435 16.109 8.8033 7.144 0.16172 
10 9000 4 2.1e-05 2750 0.466 0.17698 15.162 8.8222 6.1772 0.16235 
10 9000 4 2.1e-05 3000 0.414 0.17102 14.663 8.8229 5.6693 0.17077 
10 9000 4 2.1e-05 4000 0.226 0.11625 11.906 8.8035 2.939 0.16304 
10 9000 4 2.1e-05 5000 0.086 0.053882 9.9711 8.8292 0.9737 0.16812 
10 9000 4 2.1e-05 6000 0.038 0.025669 9.323 8.8265 0.32503 0.17147 
10 9000 4 2.1e-05 7000 0.016 0.0042286 9.1009 8.8188 0.11913 0.1629 
10 9000 4 2.1e-05 8000 0.002 0.0002 9.0335 8.8386 0.0174 0.17748 
10 9000 4 2.1e-05 9000 0 0 9.0313 8.8608 1.4165e-05 0.17036 
10 10000 4 2.1e-05 100 1 0 1103.5 9.8128 1093.4 0.31832 
10 10000 4 2.1e-05 125 1 0 1103.6 9.8165 1093.5 0.32491 
10 10000 4 2.1e-05 150 1 0 1103.8 9.8141 1093.6 0.318 
10 10000 4 2.1e-05 175 1 0 1104 9.8128 1093.9 0.31976 
10 10000 4 2.1e-05 200 1 0 1104.1 9.8144 1094 0.31717 
10 10000 4 2.1e-05 225 1 0 1103.7 9.822 1093.5 0.31791 
10 10000 4 2.1e-05 250 1 0 1102.9 9.8171 1092.7 0.31874 
10 10000 4 2.1e-05 275 1 0 1102.5 9.8132 1092.3 0.32398 
10 10000 4 2.1e-05 300 1 0 1102.3 9.8037 1092.2 0.31677 
10 10000 4 2.1e-05 350 1 0 1100.5 9.81 1090.4 0.31723 
10 10000 4 2.1e-05 400 1 0 1085.6 9.8114 1075.5 0.31739 
10 10000 4 2.1e-05 450 1 0 1036.2 9.804 1026.1 0.31098 
10 10000 4 2.1e-05 500 0.98 0.004898 923.76 9.813 913.65 0.29918 
10 10000 4 2.1e-05 550 0.956 0.028637 689.22 9.8069 679.14 0.27386 
10 10000 4 2.1e-05 600 0.948 0.030302 398.11 9.798 388.08 0.22789 
10 10000 4 2.1e-05 650 0.916 0.055657 215.59 9.795 205.58 0.21194 
10 10000 4 2.1e-05 700 0.914 0.058371 133.7 9.7982 123.71 0.19569 
10 10000 4 2.1e-05 750 0.912 0.058629 94.945 9.7948 84.955 0.19598 
10 10000 4 2.1e-05 800 0.912 0.058629 73.037 9.794 63.055 0.1878 
10 10000 4 2.1e-05 850 0.896 0.061616 59.697 9.8013 49.708 0.18732 
10 10000 4 2.1e-05 900 0.884 0.071984 52.302 9.7985 42.317 0.18687 
10 10000 4 2.1e-05 950 0.874 0.072984 47.01 9.7966 37.033 0.17957 
10 10000 4 2.1e-05 1000 0.868 0.072424 43.966 9.7836 33.994 0.18781 
10 10000 4 2.1e-05 1100 0.842 0.083302 38.546 9.7979 28.56 0.18769 
10 10000 4 2.1e-05 1200 0.83 0.085816 33.451 9.7886 23.482 0.17949 
10 10000 4 2.1e-05 1300 0.822 0.086649 31.543 9.792 21.563 0.18786 
10 10000 4 2.1e-05 1400 0.794 0.10302 28.713 9.7943 18.739 0.18 
10 10000 4 2.1e-05 1500 0.772 0.11512 28.201 9.7923 18.221 0.1878 
10 10000 4 2.1e-05 1600 0.766 0.11739 26.47 9.7852 16.505 0.17994 
10 10000 4 2.1e-05 1700 0.742 0.12861 26.315 9.8058 16.322 0.18751 
10 10000 4 2.1e-05 1800 0.736 0.13051 24.857 9.7836 14.894 0.17995 
10 10000 4 2.1e-05 1900 0.718 0.14028 24.609 9.8116 14.608 0.18858 
10 10000 4 2.1e-05 2000 0.712 0.14353 23.225 9.7824 13.263 0.17952 
10 10000 4 2.1e-05 2250 0.674 0.15911 20.869 9.8125 10.866 0.19025 
10 10000 4 2.1e-05 2500 0.626 0.16931 18.908 9.7822 8.9453 0.18014 
10 10000 4 2.1e-05 2750 0.556 0.17802 17.289 9.7815 7.3277 0.18019 
10 10000 4 2.1e-05 3000 0.482 0.17661 16.486 9.8238 6.474 0.18812 
10 10000 4 2.1e-05 4000 0.29 0.14459 13.769 9.7821 3.8069 0.18007 
10 10000 4 2.1e-05 5000 0.162 0.089751 11.781 9.7819 1.8187 0.18022 
10 10000 4 2.1e-05 6000 0.064 0.046024 10.747 9.8291 0.72508 0.19259 
10 10000 4 2.1e-05 7000 0.026 0.010943 10.185 9.7862 0.21872 0.18019 
10 10000 4 2.1e-05 8000 0.01 0.0017347 10.108 9.8347 0.085265 0.1884 
10 10000 4 2.1e-05 9000 0.002 0.0002 10.044 9.8377 0.017534 0.18828 
10 10000 4 2.1e-05 10000 0 0 10.026 9.8381 1.4507e-05 0.18789 
10 12500 4 2.1e-05 100 1 0 1107.6 12.266 1094.9 0.39941 
10 12500 4 2.1e-05 125 1 0 1108.2 12.275 1095.5 0.39283 
10 12500 4 2.1e-05 150 1 0 1107.3 12.279 1094.6 0.3926 
10 12500 4 2.1e-05 175 1 0 1107.3 12.278 1094.6 0.40278 
10 12500 4 2.1e-05 200 1 0 1107.2 12.279 1094.5 0.39277 
10 12500 4 2.1e-05 225 1 0 1107.1 12.273 1094.5 0.39327 
10 12500 4 2.1e-05 250 1 0 1107.6 12.263 1094.9 0.39307 
10 12500 4 2.1e-05 275 1 0 1108.1 12.259 1095.4 0.39229 
10 12500 4 2.1e-05 300 1 0 1107.4 12.261 1094.7 0.40209 
10 12500 4 2.1e-05 350 1 0 1105.9 12.261 1093.3 0.39351 
10 12500 4 2.1e-05 400 1 0 1106 12.262 1093.4 0.39236 
10 12500 4 2.1e-05 450 1 0 1101.4 12.268 1088.8 0.39428 
10 12500 4 2.1e-05 500 1 0 1086.7 12.271 1074.1 0.39343 
10 12500 4 2.1e-05 550 1 0 1052.3 12.269 1039.7 0.38406 
10 12500 4 2.1e-05 600 1 0 987.66 12.268 975.02 0.37812 
10 12500 4 2.1e-05 650 0.968 0.016914 850.98 12.257 838.37 0.35735 
10 12500 4 2.1e-05 700 0.952 0.029894 633.2 12.256 620.61 0.3301 
10 12500 4 2.1e-05 750 0.932 0.036914 400.26 12.257 387.72 0.2904 
10 12500 4 2.1e-05 800 0.914 0.058371 240.24 12.279 227.7 0.26256 
10 12500 4 2.1e-05 850 0.914 0.058371 161.11 12.245 148.62 0.24486 
10 12500 4 2.1e-05 900 0.914 0.058371 116.98 12.251 104.48 0.24321 
10 12500 4 2.1e-05 950 0.91 0.058469 91.191 12.26 78.688 0.24286 
10 12500 4 2.1e-05 1000 0.904 0.060392 74.68 12.251 62.194 0.23448 
10 12500 4 2.1e-05 1100 0.89 0.071531 56.981 12.252 44.496 0.23412 
10 12500 4 2.1e-05 1200 0.872 0.072669 48.628 12.248 36.145 0.2348 
10 12500 4 2.1e-05 1300 0.856 0.0768 43.943 12.232 31.486 0.22499 
10 12500 4 2.1e-05 1400 0.838 0.084037 39.705 12.256 27.215 0.23405 
10 12500 4 2.1e-05 1500 0.826 0.086453 36.035 12.26 23.54 0.23453 
10 12500 4 2.1e-05 1600 0.818 0.087629 34.001 12.232 21.545 0.22443 
10 12500 4 2.1e-05 1700 0.8 0.098367 32.406 12.26 19.911 0.2346 
10 12500 4 2.1e-05 1800 0.784 0.10831 30.849 12.232 18.392 0.22517 
10 12500 4 2.1e-05 1900 0.768 0.11569 30.389 12.259 17.895 0.23525 
10 12500 4 2.1e-05 2000 0.762 0.11873 29.114 12.231 16.658 0.22438 
10 12500 4 2.1e-05 2250 0.728 0.13471 27.851 12.262 15.353 0.23567 
10 12500 4 2.1e-05 2500 0.706 0.14425 25.762 12.231 13.306 0.22496 
10 12500 4 2.1e-05 2750 0.682 0.15212 23.945 12.275 11.435 0.2358 
10 12500 4 2.1e-05 3000 0.638 0.16771 22.046 12.231 9.5901 0.22509 
10 12500 4 2.1e-05 4000 0.434 0.1729 18.226 12.24 5.7607 0.22574 
10 12500 4 2.1e-05 5000 0.29 0.14459 16.463 12.268 3.9594 0.2351 
10 12500 4 2.1e-05 6000 0.2 0.11796 14.857 12.231 2.4007 0.22537 
10 12500 4 2.1e-05 7000 0.084 0.054433 13.511 12.272 0.99423 0.24467 
10 12500 4 2.1e-05 8000 0.048 0.036424 12.91 12.291 0.39324 0.22487 
10 12500 4 2.1e-05 9000 0.018 0.0051796 12.699 12.29 0.16199 0.24697 
10 12500 4 2.1e-05 10000 0.01 0.0017347 12.612 12.277 0.089499 0.24584 
10 12500 4 2.1e-05 12500 0 0 12.527 12.292 1.4566e-05 0.23499 
10 15000 4 2.1e-05 100 1 0 1099.5 14.692 1084.4 0.47493 
10 15000 4 2.1e-05 125 1 0 1099.3 14.681 1084.1 0.46949 
10 15000 4 2.1e-05 150 1 0 1099.4 14.681 1084.2 0.47087 
10 15000 4 2.1e-05 175 1 0 1098.5 14.696 1083.3 0.46885 
10 15000 4 2.1e-05 200 1 0 1100 14.672 1084.8 0.46962 
10 15000 4 2.1e-05 225 1 0 1099.9 14.69 1084.8 0.46861 
10 15000 4 2.1e-05 250 1 0 1099.2 14.695 1084 0.47479 
10 15000 4 2.1e-05 275 1 0 1099.1 14.681 1083.9 0.46768 
10 15000 4 2.1e-05 300 1 0 1099.1 14.697 1083.9 0.46657 
10 15000 4 2.1e-05 350 1 0 1098.6 14.69 1083.4 0.4679 
10 15000 4 2.1e-05 400 1 0 1099.8 14.677 1084.6 0.46681 
10 15000 4 2.1e-05 450 1 0 1099.9 14.693 1084.7 0.47123 
10 15000 4 2.1e-05 500 1 0 1098.3 14.685 1083.2 0.46715 
10 15000 4 2.1e-05 550 1 0 1093 14.694 1077.9 0.4683 
10 15000 4 2.1e-05 600 1 0 1080.3 14.679 1065.2 0.46721 
10 15000 4 2.1e-05 650 1 0 1056.2 14.685 1041.1 0.46611 
10 15000 4 2.1e-05 700 0.996 0.00039184 1010.4 14.686 995.29 0.44844 
10 15000 4 2.1e-05 750 0.966 0.020249 926.79 14.679 911.67 0.44636 
10 15000 4 2.1e-05 800 0.956 0.028637 783.01 14.679 767.91 0.41542 
10 15000 4 2.1e-05 850 0.946 0.029882 588.48 14.672 573.43 0.38215 
10 15000 4 2.1e-05 900 0.924 0.043902 394.27 14.67 379.26 0.34264 
10 15000 4 2.1e-05 950 0.914 0.058371 259.69 14.673 244.69 0.32251 
10 15000 4 2.1e-05 1000 0.914 0.058371 181.81 14.669 166.84 0.30101 
10 15000 4 2.1e-05 1100 0.914 0.058371 108.3 14.658 93.362 0.28038 
10 15000 4 2.1e-05 1200 0.906 0.059351 77.447 14.672 62.487 0.28911 
10 15000 4 2.1e-05 1300 0.89 0.071122 61.273 14.661 46.335 0.27748 
10 15000 4 2.1e-05 1400 0.876 0.07329 53.304 14.662 38.376 0.26557 
10 15000 4 2.1e-05 1500 0.868 0.073241 49.048 14.659 34.111 0.2785 
10 15000 4 2.1e-05 1600 0.856 0.078841 45.336 14.676 30.381 0.2785 
10 15000 4 2.1e-05 1700 0.84 0.085306 41.512 14.674 26.56 0.27789 
10 15000 4 2.1e-05 1800 0.83 0.085816 38.276 14.649 23.36 0.26701 
10 15000 4 2.1e-05 1900 0.826 0.087269 36.892 14.676 21.936 0.28001 
10 15000 4 2.1e-05 2000 0.814 0.091024 34.95 14.675 19.997 0.27726 
10 15000 4 2.1e-05 2250 0.77 0.11765 32.673 14.649 17.756 0.26819 
10 15000 4 2.1e-05 2500 0.748 0.1254 31.236 14.678 16.277 0.28165 
10 15000 4 2.1e-05 2750 0.724 0.13451 29.636 14.65 14.719 0.26667 
10 15000 4 2.1e-05 3000 0.71 0.145 28.398 14.685 13.432 0.28043 
10 15000 4 2.1e-05 4000 0.592 0.17177 22.846 14.649 7.9287 0.2679 
10 15000 4 2.1e-05 5000 0.416 0.17239 20.452 14.68 5.5059 0.26684 
10 15000 4 2.1e-05 6000 0.288 0.14271 18.873 14.657 3.9378 0.27813 
10 15000 4 2.1e-05 7000 0.206 0.11813 17.68 14.697 2.7034 0.279 
10 15000 4 2.1e-05 8000 0.112 0.065567 16.227 14.685 1.2736 0.26848 
10 15000 4 2.1e-05 9000 0.064 0.046024 15.695 14.716 0.70005 0.27951 
10 15000 4 2.1e-05 10000 0.042 0.029424 15.381 14.715 0.37409 0.29144 
10 15000 4 2.1e-05 12500 0.002 0.0002 15.003 14.696 0.017608 0.28955 
10 15000 4 2.1e-05 15000 0 0 15.011 14.731 1.4258e-05 0.27986 
10 17500 4 2.1e-05 100 1 0 1098.1 17.441 1080.1 0.5501 
10 17500 4 2.1e-05 125 1 0 1098.2 17.443 1080.2 0.54137 
10 17500 4 2.1e-05 150 1 0 1098.2 17.44 1080.2 0.54032 
10 17500 4 2.1e-05 175 1 0 1098.2 17.439 1080.2 0.54011 
10 17500 4 2.1e-05 200 1 0 1097.9 17.44 1079.9 0.52991 
10 17500 4 2.1e-05 225 1 0 1097.8 17.442 1079.8 0.54153 
10 17500 4 2.1e-05 250 1 0 1096.6 17.437 1078.6 0.54201 
10 17500 4 2.1e-05 275 1 0 1097.6 17.44 1079.6 0.54218 
10 17500 4 2.1e-05 300 1 0 1097.5 17.438 1079.6 0.5398 
10 17500 4 2.1e-05 350 1 0 1098 17.445 1080 0.54013 
10 17500 4 2.1e-05 400 1 0 1098 17.443 1080 0.54165 
10 17500 4 2.1e-05 450 1 0 1097.9 17.443 1080 0.53948 
10 17500 4 2.1e-05 500 1 0 1097.1 17.449 1079.1 0.54228 
10 17500 4 2.1e-05 550 1 0 1097.5 17.44 1079.5 0.54051 
10 17500 4 2.1e-05 600 1 0 1095.6 17.456 1077.6 0.53943 
10 17500 4 2.1e-05 650 1 0 1089.5 17.442 1071.5 0.53027 
10 17500 4 2.1e-05 700 1 0 1078.1 17.449 1060.1 0.53885 
10 17500 4 2.1e-05 750 1 0 1057.8 17.436 1039.9 0.53017 
10 17500 4 2.1e-05 800 1 0 1022.9 17.433 1005 0.53133 
10 17500 4 2.1e-05 850 0.992 0.0011592 966.26 17.439 948.3 0.51839 
10 17500 4 2.1e-05 900 0.964 0.019086 875.16 17.428 857.24 0.49637 
10 17500 4 2.1e-05 950 0.956 0.028637 735.51 17.425 717.62 0.4686 
10 17500 4 2.1e-05 1000 0.952 0.028669 559.95 17.43 542.08 0.43353 
10 17500 4 2.1e-05 1100 0.914 0.058371 276.45 17.422 258.65 0.37959 
10 17500 4 2.1e-05 1200 0.914 0.058371 154.5 17.422 136.72 0.35543 
10 17500 4 2.1e-05 1300 0.912 0.058629 104.76 17.407 87.03 0.32773 
10 17500 4 2.1e-05 1400 0.904 0.060392 79.268 17.427 61.501 0.34064 
10 17500 4 2.1e-05 1500 0.892 0.071363 65.368 17.416 47.62 0.3313 
10 17500 4 2.1e-05 1600 0.884 0.071984 57.887 17.417 40.142 0.3283 
10 17500 4 2.1e-05 1700 0.872 0.072669 52.927 17.407 35.203 0.31666 
10 17500 4 2.1e-05 1800 0.862 0.073833 49.72 17.405 31.988 0.32791 
10 17500 4 2.1e-05 1900 0.844 0.081698 46.589 17.423 28.838 0.32792 
10 17500 4 2.1e-05 2000 0.83 0.085816 43.619 17.422 25.87 0.32691 
10 17500 4 2.1e-05 2250 0.824 0.087576 38.86 17.408 21.137 0.31468 
10 17500 4 2.1e-05 2500 0.786 0.10613 36.567 17.411 18.827 0.32868 
10 17500 4 2.1e-05 2750 0.762 0.11873 34.607 17.427 16.851 0.32803 
10 17500 4 2.1e-05 3000 0.742 0.12983 33.383 17.397 15.672 0.31447 
10 17500 4 2.1e-05 4000 0.672 0.15961 28.069 17.434 10.306 0.32897 
10 17500 4 2.1e-05 5000 0.53 0.17602 24.708 17.395 6.9978 0.31555 
10 17500 4 2.1e-05 6000 0.392 0.16728 22.935 17.444 5.1577 0.33364 
10 17500 4 2.1e-05 7000 0.288 0.14271 21.525 17.4 3.808 0.31629 
10 17500 4 2.1e-05 8000 0.216 0.11811 20.63 17.447 2.8533 0.32967 
10 17500 4 2.1e-05 9000 0.136 0.077861 19.326 17.453 1.5441 0.32838 
10 17500 4 2.1e-05 10000 0.074 0.0538 18.698 17.476 0.89361 0.32914 
10 17500 4 2.1e-05 12500 0.02 0.0065306 17.988 17.48 0.16496 0.34243 
10 17500 4 2.1e-05 15000 0.002 0.0002 17.863 17.504 0.018263 0.34052 
10 17500 4 2.1e-05 17500 0 0 17.792 17.462 1.4443e-05 0.32967 
10 20000 4 2.1e-05 100 1 0 1100.2 19.629 1079.9 0.62832 
10 20000 4 2.1e-05 125 1 0 1100.4 19.612 1080.2 0.62257 
10 20000 4 2.1e-05 150 1 0 1099.9 19.607 1079.6 0.63388 
10 20000 4 2.1e-05 175 1 0 1099.8 19.62 1079.5 0.61981 
10 20000 4 2.1e-05 200 1 0 1099.1 19.615 1078.8 0.62068 
10 20000 4 2.1e-05 225 1 0 1098.9 19.608 1078.7 0.62009 
10 20000 4 2.1e-05 250 1 0 1099.1 19.594 1078.9 0.61974 
10 20000 4 2.1e-05 275 1 0 1099.8 19.587 1079.6 0.62053 
10 20000 4 2.1e-05 300 1 0 1099.4 19.608 1079.2 0.63158 
10 20000 4 2.1e-05 350 1 0 1099 19.621 1078.8 0.62112 
10 20000 4 2.1e-05 400 1 0 1099 19.615 1078.8 0.61796 
10 20000 4 2.1e-05 450 1 0 1099 19.595 1078.7 0.62099 
10 20000 4 2.1e-05 500 1 0 1098.9 19.604 1078.7 0.61774 
10 20000 4 2.1e-05 550 1 0 1099.8 19.613 1079.5 0.62168 
10 20000 4 2.1e-05 600 1 0 1099.2 19.624 1079 0.6308 
10 20000 4 2.1e-05 650 1 0 1098.2 19.606 1078 0.62205 
10 20000 4 2.1e-05 700 1 0 1095.6 19.607 1075.4 0.61765 
10 20000 4 2.1e-05 750 1 0 1090 19.605 1069.8 0.62016 
10 20000 4 2.1e-05 800 1 0 1080 19.605 1059.8 0.61728 
10 20000 4 2.1e-05 850 1 0 1064.5 19.612 1044.2 0.60652 
10 20000 4 2.1e-05 900 1 0 1037.5 19.599 1017.3 0.60573 
10 20000 4 2.1e-05 950 0.996 0.00039184 994.4 19.604 974.19 0.60659 
10 20000 4 2.1e-05 1000 0.98 0.0053061 928.14 19.602 907.96 0.57727 
10 20000 4 2.1e-05 1100 0.956 0.028637 697.74 19.597 677.6 0.53586 
10 20000 4 2.1e-05 1200 0.922 0.049914 398.08 19.578 378.04 0.45877 
10 20000 4 2.1e-05 1300 0.914 0.058371 216.71 19.577 196.73 0.40424 
10 20000 4 2.1e-05 1400 0.914 0.058371 140.17 19.6 120.18 0.39601 
10 20000 4 2.1e-05 1500 0.914 0.058371 102.91 19.576 82.958 0.37265 
10 20000 4 2.1e-05 1600 0.908 0.05871 81.394 19.584 61.424 0.38561 
10 20000 4 2.1e-05 1700 0.894 0.071596 68.728 19.579 48.778 0.37135 
10 20000 4 2.1e-05 1800 0.884 0.071984 61.593 19.587 41.635 0.37094 
10 20000 4 2.1e-05 1900 0.874 0.072984 57.031 19.586 37.077 0.36867 
10 20000 4 2.1e-05 2000 0.866 0.072494 53.525 19.589 33.568 0.36848 
10 20000 4 2.1e-05 2250 0.84 0.083265 46.851 19.565 26.93 0.35611 
10 20000 4 2.1e-05 2500 0.826 0.087269 42.183 19.594 22.217 0.37232 
10 20000 4 2.1e-05 2750 0.796 0.097535 39.2 19.594 19.234 0.37064 
10 20000 4 2.1e-05 3000 0.774 0.11176 37.294 19.618 17.32 0.35643 
10 20000 4 2.1e-05 4000 0.704 0.14325 33.397 19.656 13.37 0.37088 
10 20000 4 2.1e-05 5000 0.622 0.16787 28.749 19.61 8.7829 0.3556 
10 20000 4 2.1e-05 6000 0.496 0.17631 26.644 19.59 6.6833 0.37124 
10 20000 4 2.1e-05 7000 0.38 0.16694 25.05 19.601 5.0776 0.37151 
10 20000 4 2.1e-05 8000 0.29 0.145 23.838 19.599 3.8683 0.37008 
10 20000 4 2.1e-05 9000 0.22 0.11837 22.953 19.595 2.9863 0.37104 
10 20000 4 2.1e-05 10000 0.166 0.096167 21.892 19.595 1.9237 0.37249 
10 20000 4 2.1e-05 12500 0.054 0.039678 20.466 19.605 0.48888 0.37157 
10 20000 4 2.1e-05 15000 0.016 0.0042286 20.164 19.646 0.13157 0.38615 
10 20000 4 2.1e-05 17500 0.002 0.0002 20.049 19.645 0.017444 0.38609 
10 20000 4 2.1e-05 20000 0 0 20.032 19.644 1.367e-05 0.3877 
10 22500 4 2.1e-05 100 1 0 1088.6 22.027 1065.9 0.70912 
10 22500 4 2.1e-05 125 1 0 1087.9 22.023 1065.2 0.69566 
10 22500 4 2.1e-05 150 1 0 1088.8 22.024 1066.1 0.69977 
10 22500 4 2.1e-05 175 1 0 1088.8 22.024 1066.1 0.69689 
10 22500 4 2.1e-05 200 1 0 1093.1 22.018 1070.4 0.6965 
10 22500 4 2.1e-05 225 1 0 1093.4 22.017 1070.7 0.69914 
10 22500 4 2.1e-05 250 1 0 1093.3 22.018 1070.6 0.69616 
10 22500 4 2.1e-05 275 1 0 1093.1 22.016 1070.4 0.7005 
10 22500 4 2.1e-05 300 1 0 1093.4 22.021 1070.7 0.69634 
10 22500 4 2.1e-05 350 1 0 1092.5 22.016 1069.8 0.69995 
10 22500 4 2.1e-05 400 1 0 1093.4 22.022 1070.7 0.69713 
10 22500 4 2.1e-05 450 1 0 1093.9 22.014 1071.2 0.69929 
10 22500 4 2.1e-05 500 1 0 1093.9 22.017 1071.2 0.69627 
10 22500 4 2.1e-05 550 1 0 1094.1 22.016 1071.4 0.69683 
10 22500 4 2.1e-05 600 1 0 1093.7 22.014 1070.9 0.71091 
10 22500 4 2.1e-05 650 1 0 1092.9 22.016 1070.2 0.69744 
10 22500 4 2.1e-05 700 1 0 1091.5 22.024 1068.8 0.70054 
10 22500 4 2.1e-05 750 1 0 1091.3 22.017 1068.6 0.6967 
10 22500 4 2.1e-05 800 1 0 1088.3 22.018 1065.6 0.69619 
10 22500 4 2.1e-05 850 1 0 1082.6 22.017 1059.9 0.69752 
10 22500 4 2.1e-05 900 1 0 1072 22.008 1049.3 0.68359 
10 22500 4 2.1e-05 950 1 0 1059.3 22.007 1036.6 0.69689 
10 22500 4 2.1e-05 1000 1 0 1036.1 22.042 1013.4 0.68512 
10 22500 4 2.1e-05 1100 0.992 0.0011592 958.21 22.014 935.53 0.66667 
10 22500 4 2.1e-05 1200 0.962 0.021996 785.95 22.006 763.32 0.62311 
10 22500 4 2.1e-05 1300 0.948 0.029894 523.45 22.023 500.87 0.55521 
10 22500 4 2.1e-05 1400 0.916 0.055657 298.04 22.012 275.54 0.4873 
10 22500 4 2.1e-05 1500 0.914 0.058371 185.51 21.993 163.07 0.45212 
10 22500 4 2.1e-05 1600 0.914 0.058371 132.14 21.999 109.7 0.43415 
10 22500 4 2.1e-05 1700 0.912 0.058629 101.39 22.002 78.952 0.43399 
10 22500 4 2.1e-05 1800 0.906 0.059351 82.836 21.992 60.426 0.41746 
10 22500 4 2.1e-05 1900 0.894 0.068331 71.037 21.995 48.624 0.41767 
10 22500 4 2.1e-05 2000 0.886 0.071433 64.741 21.996 42.326 0.4187 
10 22500 4 2.1e-05 2250 0.87 0.072755 55.703 22.001 33.283 0.41851 
10 22500 4 2.1e-05 2500 0.84 0.082857 49.692 21.995 27.279 0.4186 
10 22500 4 2.1e-05 2750 0.83 0.085816 45.244 21.998 22.827 0.41969 
10 22500 4 2.1e-05 3000 0.806 0.09282 42.352 21.977 19.974 0.40087 
10 22500 4 2.1e-05 4000 0.734 0.13209 37.687 22.001 15.267 0.41824 
10 22500 4 2.1e-05 5000 0.678 0.15522 33.365 22.001 10.945 0.41824 
10 22500 4 2.1e-05 6000 0.588 0.17251 30.223 21.977 7.8442 0.40158 
10 22500 4 2.1e-05 7000 0.452 0.17602 28.517 22.008 6.0888 0.41983 
10 22500 4 2.1e-05 8000 0.366 0.16147 27.294 22.004 4.8702 0.41956 
10 22500 4 2.1e-05 9000 0.288 0.14271 26.348 22.009 3.918 0.4207 
10 22500 4 2.1e-05 10000 0.222 0.11726 25.456 22.012 3.0248 0.41983 
10 22500 4 2.1e-05 12500 0.088 0.056588 23.469 22.019 1.0304 0.41926 
10 22500 4 2.1e-05 15000 0.038 0.025669 22.834 22.071 0.32653 0.43689 
10 22500 4 2.1e-05 17500 0.016 0.0042286 22.632 22.039 0.14005 0.45355 
10 22500 4 2.1e-05 20000 0.002 0.0002 22.498 22.044 0.017633 0.43644 
10 25000 4 2.1e-05 100 1 0 1095.8 24.47 1070.5 0.77902 
10 25000 4 2.1e-05 125 1 0 1099.7 24.923 1073.9 0.80535 
10 25000 4 2.1e-05 150 1 0 1106.6 25.428 1080.3 0.8041 
10 25000 4 2.1e-05 175 1 0 1108.7 25.515 1082.3 0.81972 
10 25000 4 2.1e-05 200 1 0 1105.2 25.182 1079.2 0.79425 
10 25000 4 2.1e-05 225 1 0 1097.5 25.06 1071.6 0.78963 
10 25000 4 2.1e-05 250 1 0 1102.6 25.045 1076.7 0.79984 
10 25000 4 2.1e-05 275 1 0 1096.7 24.85 1071.1 0.77884 
10 25000 4 2.1e-05 300 1 0 1097.9 25.024 1072.1 0.78728 
10 25000 4 2.1e-05 350 1 0 1102.3 25.043 1076.5 0.80402 
10 25000 4 2.1e-05 400 1 0 1097.4 24.919 1071.7 0.78229 
10 25000 4 2.1e-05 450 1 0 1096.3 24.949 1070.6 0.78869 
10 25000 4 2.1e-05 500 1 0 1100.7 24.985 1074.9 0.80174 
10 25000 4 2.1e-05 550 1 0 1097.8 24.623 1072.4 0.77074 
10 25000 4 2.1e-05 600 1 0 1094.7 24.464 1069.4 0.77041 
10 25000 4 2.1e-05 650 1 0 1095.1 24.467 1069.9 0.77125 
10 25000 4 2.1e-05 700 1 0 1093.6 24.477 1068.3 0.78255 
10 25000 4 2.1e-05 750 1 0 1092.3 24.609 1066.9 0.78354 
10 25000 4 2.1e-05 800 1 0 1087.7 24.719 1062.2 0.80961 
10 25000 4 2.1e-05 850 1 0 1086.4 24.727 1060.8 0.8085 
10 25000 4 2.1e-05 900 1 0 1083.8 24.712 1058.2 0.80306 
10 25000 4 2.1e-05 950 1 0 1077.7 24.595 1052.3 0.80052 
10 25000 4 2.1e-05 1000 1 0 1072.6 24.531 1047.3 0.79319 
10 25000 4 2.1e-05 1100 1 0 1045.8 24.472 1020.5 0.7551 
10 25000 4 2.1e-05 1200 1 0 980.35 24.483 955.11 0.75228 
10 25000 4 2.1e-05 1300 0.978 0.0058327 851.73 24.469 826.55 0.70894 
10 25000 4 2.1e-05 1400 0.956 0.028637 634.22 24.458 609.11 0.64822 
10 25000 4 2.1e-05 1500 0.94 0.032245 395.78 24.457 370.77 0.55733 
10 25000 4 2.1e-05 1600 0.914 0.058371 246.54 24.45 221.55 0.53548 
10 25000 4 2.1e-05 1700 0.914 0.058371 167.64 24.456 142.7 0.48056 
10 25000 4 2.1e-05 1800 0.914 0.058371 125.99 24.455 101.04 0.49697 
10 25000 4 2.1e-05 1900 0.914 0.058371 101.21 24.447 76.302 0.45886 
10 25000 4 2.1e-05 2000 0.91 0.058469 85.139 24.449 60.211 0.47855 
10 25000 4 2.1e-05 2250 0.882 0.07171 65.74 24.447 40.832 0.45956 
10 25000 4 2.1e-05 2500 0.87 0.072755 58.245 24.445 33.337 0.46302 
10 25000 4 2.1e-05 2750 0.836 0.084392 52.806 24.455 27.891 0.45985 
10 25000 4 2.1e-05 3000 0.83 0.085816 48.332 24.434 23.455 0.44202 
10 25000 4 2.1e-05 4000 0.758 0.12208 41.67 24.452 16.756 0.46171 
10 25000 4 2.1e-05 5000 0.706 0.14302 38.179 24.458 13.259 0.46167 
10 25000 4 2.1e-05 6000 0.64 0.16612 34.351 24.447 9.4627 0.44119 
10 25000 4 2.1e-05 7000 0.536 0.17827 32.157 24.444 7.2513 0.46146 
10 25000 4 2.1e-05 8000 0.43 0.17439 30.723 24.46 5.8 0.46271 
10 25000 4 2.1e-05 9000 0.364 0.16398 29.768 24.456 4.8506 0.46082 
10 25000 4 2.1e-05 10000 0.286 0.14245 28.786 24.46 3.8639 0.46193 
10 25000 4 2.1e-05 12500 0.166 0.094127 26.881 24.485 1.9183 0.47743 
10 25000 4 2.1e-05 15000 0.064 0.043167 25.658 24.493 0.68191 0.48225 
10 25000 4 2.1e-05 17500 0.024 0.010433 25.183 24.495 0.2026 0.48535 
10 25000 4 2.1e-05 20000 0.01 0.0017347 25.094 24.522 0.072024 0.50047 
