10 400 1 0.00021 10 1 0 890.5 0.86336 889.61 0.020322 
10 400 1 0.00021 12 1 0 890.44 0.86238 889.55 0.020348 
10 100 1 0.00021 10 1 0 939.38 0.23497 939.13 0.0075541 
10 400 1 0.00021 15 1 0 891.62 0.86334 890.74 0.020369 
10 100 1 0.00021 12 1 0 937.32 0.23839 937.07 0.0075968 
10 400 1 0.00021 20 1 0 891.72 0.864 890.84 0.020367 
10 100 1 0.00021 15 1 0 922.86 0.23634 922.61 0.0075266 
10 400 1 0.00021 25 1 0 886.23 0.86301 885.34 0.020411 
10 400 1 0.00021 30 1 0 892.22 0.86394 891.34 0.020495 
10 100 1 0.00021 20 1 0 925.31 0.23648 925.07 0.0075677 
10 400 1 0.00021 40 1 0 892.31 0.86376 891.42 0.020441 
10 100 1 0.00021 25 1 0 925.28 0.23601 925.03 0.0078261 
10 400 1 0.00021 50 1 0 891.98 0.86364 891.1 0.020469 
10 100 1 0.00021 30 1 0 915.16 0.23632 914.92 0.0075583 
10 400 1 0.00021 60 1 0 892.34 0.86357 891.45 0.020498 
10 100 1 0.00021 40 0.994 0.00098367 893.03 0.23499 892.78 0.0075739 
10 100 1 0.00021 50 0.93 0.028265 467.32 0.23161 467.08 0.0065591 
10 100 1 0.00021 60 0.802 0.092445 42.847 0.22845 42.613 0.0056073 
10 100 1 0.00021 70 0.63 0.1601 9.7974 0.22775 9.5641 0.0054342 
10 100 1 0.00021 80 0.326 0.13747 3.7269 0.22546 3.4955 0.0058133 
10 100 1 0.00021 90 0.058 0.025343 0.74161 0.22501 0.51112 0.0053769 
10 100 1 0.00021 100 0 0 0.22927 0.2238 3.3498e-05 0.0053575 
10 400 1 0.00021 70 1 0 891.87 0.86604 890.99 0.020445 
10 400 1 0.00021 80 1 0 892.07 0.86344 891.18 0.020425 
10 125 1 0.00021 10 1 0 939.86 0.29078 939.56 0.011308 
10 400 1 0.00021 90 1 0 891.82 0.86395 890.93 0.020508 
10 125 1 0.00021 12 1 0 936.56 0.29123 936.26 0.011428 
10 400 1 0.00021 100 1 0 887.34 0.86402 886.46 0.020447 
10 125 1 0.00021 15 1 0 940.34 0.29643 940.03 0.010964 
10 400 1 0.00021 125 1 0 891.9 0.86505 891.02 0.020502 
10 125 1 0.00021 20 1 0 942 0.29128 941.7 0.010979 
10 400 1 0.00021 150 1 0 892.14 0.86349 891.25 0.020394 
10 400 1 0.00021 200 0.922 0.048282 407.21 0.86108 406.33 0.019615 
10 400 1 0.00021 250 0.75 0.12255 15.451 0.85936 14.573 0.018859 
10 400 1 0.00021 300 0.438 0.16975 5.8628 0.85365 4.9902 0.018878 
10 400 1 0.00021 400 0 0 0.87281 0.85383 2.74e-05 0.018875 
10 125 1 0.00021 25 1 0 940.43 0.29231 940.12 0.011037 
10 125 1 0.00021 30 1 0 940.3 0.29269 939.99 0.010774 
10 500 1 0.00021 10 1 0 885.02 1.0724 883.92 0.025976 
10 125 1 0.00021 40 1 0 942.31 0.292 942.01 0.010866 
10 500 1 0.00021 12 1 0 889.27 1.0791 888.17 0.026304 
10 125 1 0.00021 50 1 0 937.35 0.29676 937.04 0.011129 
10 500 1 0.00021 15 1 0 918.07 1.1463 916.9 0.028003 
10 125 1 0.00021 60 0.96 0.016735 636.89 0.29619 636.59 0.010371 
10 125 1 0.00021 70 0.862 0.066078 111.31 0.29013 111.01 0.0081516 
10 125 1 0.00021 80 0.728 0.12818 17.598 0.28909 17.301 0.0078744 
10 125 1 0.00021 90 0.52 0.1502 7.4056 0.2867 7.111 0.0077429 
10 125 1 0.00021 100 0.234 0.12188 3.3326 0.28109 3.0439 0.0074918 
10 125 1 0.00021 125 0 0 0.28828 0.28067 4.3476e-05 0.0074606 
10 500 1 0.00021 20 1 0 913.43 1.1401 912.26 0.02813 
10 500 1 0.00021 25 1 0 915.61 1.107 914.47 0.02688 
10 150 1 0.00021 10 1 0 941.78 0.34444 941.42 0.014077 
10 500 1 0.00021 30 1 0 915.51 1.0996 914.38 0.026901 
10 150 1 0.00021 12 1 0 965.33 0.36375 964.95 0.014204 
10 500 1 0.00021 40 1 0 910.17 1.1643 908.98 0.029561 
10 150 1 0.00021 15 1 0 978.05 0.37232 977.66 0.014049 
10 500 1 0.00021 50 1 0 911.44 1.1688 910.24 0.029707 
10 150 1 0.00021 20 1 0 989.26 0.3886 988.86 0.012391 
10 500 1 0.00021 60 1 0 918.4 1.166 917.21 0.029577 
10 150 1 0.00021 25 1 0 986.67 0.39306 986.27 0.011174 
10 500 1 0.00021 70 1 0 926.6 1.2113 925.36 0.029578 
10 150 1 0.00021 30 1 0 1003.1 0.40329 1002.6 0.011297 
10 500 1 0.00021 80 1 0 931.22 1.1891 930 0.029783 
10 500 1 0.00021 90 1 0 936.51 1.1898 935.29 0.029657 
10 150 1 0.00021 40 1 0 1030.3 0.41287 1029.9 0.011338 
10 500 1 0.00021 100 1 0 948.4 1.2009 947.17 0.029551 
10 150 1 0.00021 50 1 0 1040.1 0.42069 1039.7 0.011332 
10 500 1 0.00021 125 1 0 937.39 1.1881 936.17 0.029594 
10 150 1 0.00021 60 1 0 1030 0.41914 1029.6 0.011336 
10 500 1 0.00021 150 1 0 938 1.1901 936.78 0.029747 
10 150 1 0.00021 70 0.968 0.023445 806.96 0.41401 806.53 0.010892 
10 150 1 0.00021 80 0.872 0.0592 213.38 0.37113 213 0.0085263 
10 150 1 0.00021 90 0.782 0.1011 26.635 0.3336 26.294 0.0076675 
10 150 1 0.00021 100 0.69 0.13969 11.079 0.33107 10.741 0.007473 
10 150 1 0.00021 125 0.206 0.11568 2.8017 0.33084 2.4629 0.0077861 
10 150 1 0.00021 150 0 0 0.33783 0.33027 4.8616e-05 0.0074199 
10 500 1 0.00021 200 1 0 922.12 1.1009 920.99 0.026924 
10 500 1 0.00021 250 0.94 0.025306 410.16 1.0688 409.07 0.024718 
10 500 1 0.00021 300 0.776 0.11166 20.159 1.0692 19.066 0.023659 
10 500 1 0.00021 400 0.26 0.13918 4.2722 1.0702 3.1781 0.023815 
10 500 1 0.00021 500 0 0 1.0882 1.0645 3.5135e-05 0.023578 
10 600 1 0.00021 10 1 0 858.39 1.2824 857.08 0.030721 
10 200 1 0.00021 10 1 0 904.51 0.4546 904.04 0.012466 
10 600 1 0.00021 12 1 0 858.68 1.2814 857.37 0.030092 
10 200 1 0.00021 12 1 0 902.48 0.45498 902.01 0.012428 
10 600 1 0.00021 15 1 0 858.83 1.2796 857.52 0.030114 
10 200 1 0.00021 15 1 0 875.28 0.455 874.81 0.012832 
10 600 1 0.00021 20 1 0 853.76 1.2805 852.45 0.030154 
10 200 1 0.00021 20 1 0 873.49 0.4531 873.03 0.012469 
10 600 1 0.00021 25 1 0 859.02 1.2807 857.71 0.030179 
10 200 1 0.00021 25 1 0 870.67 0.4545 870.2 0.012348 
10 600 1 0.00021 30 1 0 858.52 1.281 857.21 0.031207 
10 200 1 0.00021 30 1 0 873.47 0.4535 873.01 0.012839 
10 600 1 0.00021 40 1 0 859.22 1.2805 857.91 0.030275 
10 200 1 0.00021 40 1 0 870.67 0.45311 870.2 0.012324 
10 600 1 0.00021 50 1 0 858.67 1.2822 857.36 0.029998 
10 200 1 0.00021 50 1 0 873.3 0.45463 872.84 0.012322 
10 600 1 0.00021 60 1 0 859.27 1.2798 857.96 0.030164 
10 200 1 0.00021 60 1 0 870.37 0.45474 869.9 0.012425 
10 600 1 0.00021 70 1 0 858.69 1.2832 857.37 0.03022 
10 200 1 0.00021 70 1 0 873.54 0.45393 873.07 0.012395 
10 600 1 0.00021 80 1 0 859.21 1.2864 857.9 0.030328 
10 200 1 0.00021 80 1 0 864.51 0.45383 864.04 0.012433 
10 600 1 0.00021 90 1 0 853.81 1.2862 852.5 0.030052 
10 200 1 0.00021 90 0.99 0.0013265 792.26 0.45124 791.8 0.01223 
10 200 1 0.00021 100 0.904 0.041208 425.03 0.4467 424.58 0.011125 
10 200 1 0.00021 125 0.738 0.12608 15.219 0.44271 14.766 0.010277 
10 200 1 0.00021 150 0.408 0.17055 5.2141 0.44067 4.7635 0.0098614 
10 200 1 0.00021 200 0 0 0.44622 0.4363 5.3814e-05 0.0097721 
10 600 1 0.00021 100 1 0 859.14 1.286 857.82 0.030391 
10 600 1 0.00021 125 1 0 858.3 1.2806 856.99 0.030045 
10 600 1 0.00021 150 1 0 859.15 1.2806 857.83 0.030437 
10 250 1 0.00021 10 1 0 896.35 0.55744 895.78 0.015224 
10 600 1 0.00021 200 1 0 858.27 1.2791 856.96 0.030031 
10 250 1 0.00021 12 1 0 896.32 0.56118 895.75 0.015192 
10 600 1 0.00021 250 1 0 859.1 1.2795 857.79 0.030072 
10 250 1 0.00021 15 1 0 896.37 0.55826 895.8 0.015063 
10 600 1 0.00021 300 0.938 0.029751 377.01 1.2776 375.7 0.029076 
10 600 1 0.00021 400 0.688 0.14638 12.079 1.275 10.776 0.028186 
10 600 1 0.00021 500 0.154 0.1107 3.1711 1.275 1.8668 0.029255 
10 600 1 0.00021 600 0 0 1.3002 1.2719 2.8684e-05 0.028156 
10 250 1 0.00021 20 1 0 896.28 0.5595 895.71 0.015013 
10 250 1 0.00021 25 1 0 896.47 0.55763 895.9 0.015452 
10 700 1 0.00021 10 1 0 855.84 1.5359 854.27 0.035527 
10 250 1 0.00021 30 1 0 910.35 0.59293 909.74 0.016572 
10 700 1 0.00021 12 1 0 891 1.6322 889.32 0.038764 
10 250 1 0.00021 40 1 0 927.92 0.60228 927.3 0.017104 
10 700 1 0.00021 15 1 0 891.38 1.6292 889.71 0.038752 
10 250 1 0.00021 50 1 0 927 0.60487 926.38 0.017192 
10 700 1 0.00021 20 1 0 891.77 1.6318 890.1 0.038744 
10 250 1 0.00021 60 1 0 930.12 0.60879 929.49 0.017201 
10 700 1 0.00021 25 1 0 891.62 1.6311 889.95 0.039022 
10 250 1 0.00021 70 1 0 931.3 0.60843 930.67 0.017251 
10 700 1 0.00021 30 1 0 891.82 1.6254 890.16 0.038716 
10 250 1 0.00021 80 1 0 929.79 0.60971 929.16 0.017129 
10 700 1 0.00021 40 1 0 891.9 1.6236 890.24 0.038712 
10 250 1 0.00021 90 1 0 931.32 0.60795 930.69 0.017145 
10 700 1 0.00021 50 1 0 893.36 1.6137 891.71 0.038742 
10 250 1 0.00021 100 1 0 873.05 0.56779 872.47 0.015485 
10 700 1 0.00021 60 1 0 860.78 1.5451 859.2 0.035011 
10 250 1 0.00021 125 0.928 0.03022 408.55 0.54927 407.99 0.013663 
10 250 1 0.00021 150 0.78 0.11224 18.115 0.5426 17.559 0.012483 
10 250 1 0.00021 200 0.268 0.13691 3.5528 0.54809 2.9926 0.012053 
10 250 1 0.00021 250 0 0 0.55605 0.54387 4.9475e-05 0.012056 
10 700 1 0.00021 70 1 0 853.84 1.512 852.29 0.03519 
10 700 1 0.00021 80 1 0 870.05 1.596 868.42 0.03591 
10 700 1 0.00021 90 1 0 864.29 1.5566 862.7 0.035211 
10 300 1 0.00021 10 1 0 902.55 0.74322 901.79 0.019147 
10 700 1 0.00021 100 1 0 856.13 1.5465 854.55 0.034898 
10 300 1 0.00021 12 1 0 903.52 0.74885 902.75 0.019466 
10 700 1 0.00021 125 1 0 843.2 1.5269 841.64 0.034606 
10 300 1 0.00021 15 1 0 898.52 0.74306 897.76 0.01904 
10 700 1 0.00021 150 1 0 860.44 1.5873 858.81 0.036341 
10 300 1 0.00021 20 1 0 898.93 0.74489 898.17 0.019013 
10 700 1 0.00021 200 1 0 862.23 1.5897 860.61 0.035599 
10 300 1 0.00021 25 1 0 898.94 0.74544 898.18 0.018971 
10 700 1 0.00021 250 1 0 855.19 1.5351 853.62 0.035087 
10 300 1 0.00021 30 1 0 898.62 0.74956 897.86 0.019399 
10 700 1 0.00021 300 1 0 860.73 1.5208 859.18 0.034828 
10 700 1 0.00021 400 0.816 0.088718 24.177 1.5875 22.555 0.0345 
10 700 1 0.00021 500 0.576 0.17451 8.3581 1.5907 6.7324 0.034859 
10 700 1 0.00021 600 0.12 0.094286 2.7439 1.5847 1.1245 0.034611 
10 700 1 0.00021 700 0 0 1.6211 1.5864 2.6034e-05 0.034587 
10 300 1 0.00021 40 1 0 892.62 0.74221 891.86 0.019149 
10 300 1 0.00021 50 1 0 902.69 0.74911 901.92 0.019534 
10 300 1 0.00021 60 1 0 898.95 0.74652 898.18 0.019334 
10 800 1 0.00021 10 1 0 864.9 1.7641 863.09 0.041736 
10 300 1 0.00021 70 1 0 894.05 0.74226 893.29 0.01905 
10 800 1 0.00021 12 1 0 860.84 1.7185 859.09 0.040782 
10 300 1 0.00021 80 1 0 893.66 0.745 892.89 0.019015 
10 800 1 0.00021 15 1 0 859.94 1.702 858.19 0.040493 
10 300 1 0.00021 90 1 0 894.01 0.74585 893.24 0.019098 
10 800 1 0.00021 20 1 0 860.9 1.7049 859.16 0.040619 
10 300 1 0.00021 100 1 0 894.24 0.74769 893.47 0.018833 
10 800 1 0.00021 25 1 0 860.27 1.7044 858.52 0.041137 
10 800 1 0.00021 30 1 0 861.41 1.7014 859.67 0.040533 
10 300 1 0.00021 125 1 0 888.86 0.74484 888.09 0.019139 
10 300 1 0.00021 150 0.932 0.04222 391.33 0.7313 390.58 0.01708 
10 300 1 0.00021 200 0.684 0.14545 11.225 0.72186 10.488 0.015208 
10 300 1 0.00021 250 0.188 0.1174 2.6692 0.73001 1.9237 0.015395 
10 300 1 0.00021 300 0 0 0.74906 0.7338 5.6556e-05 0.015131 
10 800 1 0.00021 40 1 0 854.91 1.7007 853.17 0.040799 
10 800 1 0.00021 50 1 0 868.37 1.766 866.56 0.041968 
10 350 1 0.00021 10 1 0 876.58 0.86304 875.7 0.02219 
10 800 1 0.00021 60 1 0 868.95 1.7999 867.1 0.042697 
10 350 1 0.00021 12 1 0 853.16 0.80896 852.33 0.021404 
10 800 1 0.00021 70 1 0 872.03 1.827 870.16 0.04313 
10 350 1 0.00021 15 1 0 844.79 0.8072 843.97 0.021429 
10 800 1 0.00021 80 1 0 864.09 1.7546 862.29 0.041516 
10 350 1 0.00021 20 1 0 837.8 0.78963 836.99 0.020953 
10 800 1 0.00021 90 1 0 863.81 1.7431 862.02 0.041266 
10 350 1 0.00021 25 1 0 840.58 0.79734 839.76 0.021023 
10 800 1 0.00021 100 1 0 870.81 1.7781 868.99 0.042281 
10 350 1 0.00021 30 1 0 841.49 0.80137 840.67 0.021129 
10 800 1 0.00021 125 1 0 858.83 1.7197 857.07 0.04085 
10 350 1 0.00021 40 1 0 837.81 0.79063 837 0.021286 
10 800 1 0.00021 150 1 0 864.57 1.7024 862.82 0.040583 
10 350 1 0.00021 50 1 0 838.3 0.7894 837.49 0.021709 
10 800 1 0.00021 200 1 0 863.61 1.7039 861.87 0.040506 
10 350 1 0.00021 60 1 0 838.49 0.79572 837.68 0.020878 
10 800 1 0.00021 250 1 0 864.59 1.7006 862.85 0.040412 
10 350 1 0.00021 70 1 0 838.65 0.78948 837.84 0.020937 
10 800 1 0.00021 300 1 0 863.49 1.7047 861.75 0.040611 
10 800 1 0.00021 400 0.946 0.029065 360.16 1.6976 358.42 0.038779 
10 800 1 0.00021 500 0.74 0.12898 15.821 1.6983 14.085 0.037596 
10 800 1 0.00021 600 0.434 0.17821 6.4522 1.6917 4.7228 0.037586 
10 800 1 0.00021 700 0.11 0.085408 2.7009 1.6904 0.97297 0.037361 
10 800 1 0.00021 800 0 0 1.728 1.6904 3.5765e-05 0.0374 
10 350 1 0.00021 80 1 0 838.46 0.79074 837.65 0.020878 
10 350 1 0.00021 90 1 0 838.35 0.7881 837.54 0.021376 
10 350 1 0.00021 100 1 0 838.39 0.789 837.58 0.020927 
10 900 1 0.00021 10 1 0 839.17 1.9111 837.21 0.044634 
10 350 1 0.00021 125 1 0 837.54 0.78783 836.73 0.021163 
10 900 1 0.00021 12 1 0 842.91 1.9155 840.95 0.044396 
10 350 1 0.00021 150 1 0 823.25 0.79354 822.44 0.020944 
10 350 1 0.00021 200 0.808 0.095853 27.013 0.77129 26.224 0.017426 
10 350 1 0.00021 250 0.574 0.17462 8.1572 0.76307 7.3772 0.016817 
10 350 1 0.00021 300 0.136 0.088065 2.0727 0.75251 1.3034 0.016686 
10 900 1 0.00021 15 1 0 838.2 1.9162 836.24 0.044649 
10 900 1 0.00021 20 1 0 841.33 1.9117 839.38 0.04476 
10 400 1 0.00021 10 1 0 883.71 1.0155 882.67 0.021803 
10 900 1 0.00021 25 1 0 841.96 1.9101 840.01 0.044806 
10 900 1 0.00021 30 1 0 841.86 1.9102 839.9 0.044435 
10 400 1 0.00021 12 1 0 883.9 0.91217 882.96 0.02141 
10 900 1 0.00021 40 1 0 841.67 1.9134 839.71 0.04457 
10 400 1 0.00021 15 1 0 884.05 0.91248 883.11 0.021374 
10 900 1 0.00021 50 1 0 841.56 1.9115 839.6 0.044396 
10 400 1 0.00021 20 1 0 884.19 0.91248 883.25 0.022196 
10 900 1 0.00021 60 1 0 837.71 1.9138 835.76 0.044956 
10 400 1 0.00021 25 1 0 883.21 0.91489 882.28 0.021392 
10 900 1 0.00021 70 1 0 837.82 1.9146 835.86 0.044439 
10 400 1 0.00021 30 1 0 910.2 0.91251 909.26 0.021377 
10 900 1 0.00021 80 1 0 841.57 1.912 839.61 0.044341 
10 400 1 0.00021 40 1 0 905.4 0.91641 904.47 0.021394 
10 900 1 0.00021 90 1 0 842.06 1.9137 840.1 0.044648 
10 400 1 0.00021 50 1 0 912.61 0.91284 911.68 0.021443 
10 900 1 0.00021 100 1 0 838.28 1.9206 836.31 0.04444 
10 400 1 0.00021 60 1 0 912.36 0.91477 911.42 0.02145 
10 900 1 0.00021 125 1 0 841.79 1.9129 839.83 0.044661 
10 400 1 0.00021 70 1 0 913.48 0.91154 912.55 0.021416 
10 900 1 0.00021 150 1 0 841.51 1.9135 839.55 0.044719 
10 400 1 0.00021 80 1 0 912.41 0.91163 911.48 0.021401 
10 900 1 0.00021 200 1 0 841.58 1.9137 839.62 0.044712 
10 400 1 0.00021 90 1 0 913.05 0.91348 912.11 0.021439 
10 900 1 0.00021 250 1 0 841.3 1.9103 839.34 0.045085 
10 400 1 0.00021 100 1 0 913.5 0.91761 912.56 0.021542 
10 900 1 0.00021 300 1 0 841.82 1.9114 839.86 0.044428 
10 400 1 0.00021 125 1 0 912.52 0.91225 911.59 0.021356 
10 900 1 0.00021 400 0.998 0.0002 838.77 1.915 836.81 0.044323 
10 900 1 0.00021 500 0.836 0.079086 29.767 1.9104 27.814 0.042639 
10 900 1 0.00021 600 0.666 0.15331 12.567 1.8997 10.625 0.041973 
10 900 1 0.00021 700 0.34 0.15633 5.5432 1.9024 3.5986 0.042097 
10 900 1 0.00021 800 0.076 0.0488 2.4519 1.9119 0.49793 0.041977 
10 900 1 0.00021 900 0 0 1.961 1.9185 2.5356e-05 0.042425 
10 400 1 0.00021 150 1 0 913.03 0.91601 912.09 0.021777 
10 400 1 0.00021 200 0.958 0.02371 408.46 0.90955 407.53 0.020147 
10 400 1 0.00021 250 0.746 0.11968 16.315 0.90576 15.39 0.019486 
10 400 1 0.00021 300 0.422 0.16869 5.7018 0.89734 4.7855 0.018903 
10 400 1 0.00021 400 0 0 0.8895 0.86995 2.9509e-05 0.019436 
10 1000 1 0.00021 10 1 0 878.33 2.1311 876.15 0.051267 
10 500 1 0.00021 10 1 0 872.12 1.0678 871.03 0.026315 
10 1000 1 0.00021 12 1 0 879.33 2.1284 877.15 0.051182 
10 500 1 0.00021 12 1 0 872.17 1.0717 871.07 0.026236 
10 1000 1 0.00021 15 1 0 879.47 2.1266 877.3 0.050669 
10 500 1 0.00021 15 1 0 872.02 1.0692 870.92 0.026321 
10 1000 1 0.00021 20 1 0 879.32 2.1195 877.15 0.050561 
10 500 1 0.00021 20 1 0 900.02 1.0701 898.92 0.026407 
10 1000 1 0.00021 25 1 0 879.02 2.1276 876.84 0.050661 
10 500 1 0.00021 25 1 0 902.06 1.0701 900.96 0.026398 
10 1000 1 0.00021 30 1 0 879.65 2.127 877.47 0.050782 
10 1000 1 0.00021 40 1 0 879.62 2.1303 877.44 0.051016 
10 500 1 0.00021 30 1 0 907.68 1.0727 906.58 0.026407 
10 1000 1 0.00021 50 1 0 873.45 2.1237 871.28 0.051008 
10 500 1 0.00021 40 1 0 899.35 1.0721 898.25 0.026361 
10 1000 1 0.00021 60 1 0 878.54 2.1227 876.36 0.051039 
10 500 1 0.00021 50 1 0 907.53 1.0694 906.44 0.026303 
10 1000 1 0.00021 70 1 0 879.22 2.1242 877.04 0.050857 
10 500 1 0.00021 60 1 0 907.69 1.0706 906.59 0.026427 
10 1000 1 0.00021 80 1 0 879.1 2.1254 876.92 0.050607 
10 500 1 0.00021 70 1 0 907.6 1.0706 906.5 0.026409 
10 1000 1 0.00021 90 1 0 878.67 2.1265 876.5 0.050901 
10 500 1 0.00021 80 1 0 907.52 1.0712 906.43 0.026284 
10 1000 1 0.00021 100 1 0 878.54 2.1229 876.37 0.051167 
10 500 1 0.00021 90 1 0 907.61 1.0705 906.52 0.026647 
10 1000 1 0.00021 125 1 0 879.13 2.1244 876.95 0.051161 
10 500 1 0.00021 100 1 0 907.54 1.0748 906.44 0.026462 
10 1000 1 0.00021 150 1 0 879.15 2.1246 876.97 0.051044 
10 500 1 0.00021 125 1 0 907.64 1.0719 906.54 0.026329 
10 1000 1 0.00021 200 1 0 872.54 2.1271 870.36 0.050615 
10 500 1 0.00021 150 1 0 905.37 1.0713 904.28 0.0264 
10 1000 1 0.00021 250 1 0 878.75 2.1243 876.57 0.050822 
10 500 1 0.00021 200 1 0 901.45 1.0698 900.36 0.026364 
10 500 1 0.00021 250 0.952 0.017241 402.88 1.0676 401.79 0.025284 
10 500 1 0.00021 300 0.804 0.092229 19.943 1.0643 18.855 0.023782 
10 500 1 0.00021 400 0.252 0.13561 4.1849 1.062 3.0993 0.023524 
10 500 1 0.00021 500 0 0 1.0862 1.0625 2.7869e-05 0.023581 
10 1000 1 0.00021 300 1 0 878.37 2.1224 876.19 0.050708 
10 1000 1 0.00021 400 1 0 877.26 2.1265 875.08 0.051251 
10 1000 1 0.00021 500 0.922 0.049914 356.27 2.1236 354.09 0.048853 
10 1000 1 0.00021 600 0.788 0.10516 18.928 2.1281 16.753 0.046957 
10 1000 1 0.00021 700 0.608 0.1734 9.8701 2.1119 7.711 0.04706 
10 1000 1 0.00021 800 0.262 0.13098 5.2301 2.1122 3.0712 0.046587 
10 1000 1 0.00021 900 0.04 0.014286 2.3948 2.1107 0.23755 0.046523 
10 1000 1 0.00021 1000 0 0 2.1583 2.1112 2.6049e-05 0.046941 
10 600 1 0.00021 10 1 0 869.16 1.2853 867.84 0.029085 
10 600 1 0.00021 12 1 0 869.32 1.2858 868.01 0.029142 
10 600 1 0.00021 15 1 0 868.67 1.2805 867.36 0.029028 
10 600 1 0.00021 20 1 0 868.95 1.2837 867.63 0.030483 
10 1250 1 0.00021 10 1 0 884.64 2.6438 881.93 0.060718 
10 600 1 0.00021 25 1 0 869.61 1.2829 868.3 0.0293 
10 1250 1 0.00021 12 1 0 883.65 2.648 880.94 0.060776 
10 600 1 0.00021 30 1 0 863.77 1.2847 862.45 0.029167 
10 1250 1 0.00021 15 1 0 879.35 2.6519 876.64 0.060986 
10 600 1 0.00021 40 1 0 869.49 1.2834 868.18 0.029134 
10 1250 1 0.00021 20 1 0 883.84 2.6428 881.14 0.060606 
10 600 1 0.00021 50 1 0 869.38 1.2832 868.06 0.029172 
10 1250 1 0.00021 25 1 0 884.37 2.6467 881.67 0.060636 
10 600 1 0.00021 60 1 0 869.47 1.2836 868.16 0.029059 
10 1250 1 0.00021 30 1 0 884.67 2.6463 881.96 0.061553 
10 600 1 0.00021 70 1 0 869.84 1.2817 868.53 0.029561 
10 1250 1 0.00021 40 1 0 884.66 2.6457 881.95 0.060774 
10 600 1 0.00021 80 1 0 870.29 1.2852 868.98 0.029462 
10 1250 1 0.00021 50 1 0 884.35 2.6476 881.64 0.061022 
10 600 1 0.00021 90 1 0 869.92 1.2842 868.61 0.029065 
10 1250 1 0.00021 60 1 0 885.18 2.6483 882.47 0.060545 
10 600 1 0.00021 100 1 0 869.99 1.2832 868.68 0.029298 
10 1250 1 0.00021 70 1 0 884.59 2.6457 881.89 0.060883 
10 600 1 0.00021 125 1 0 870.22 1.2859 868.9 0.029159 
10 1250 1 0.00021 80 1 0 884.72 2.6445 882.01 0.060507 
10 600 1 0.00021 150 1 0 864.42 1.2846 863.11 0.02915 
10 1250 1 0.00021 90 1 0 878.28 2.6449 875.57 0.061189 
10 600 1 0.00021 200 1 0 869.67 1.2825 868.36 0.029048 
10 1250 1 0.00021 100 1 0 884.19 2.6468 881.49 0.060578 
10 600 1 0.00021 250 1 0 865.83 1.2836 864.52 0.029079 
10 1250 1 0.00021 125 1 0 884.97 2.6442 882.26 0.060626 
10 600 1 0.00021 300 0.946 0.022535 376.78 1.281 375.47 0.029503 
10 600 1 0.00021 400 0.69 0.15684 12.875 1.2768 11.57 0.028064 
10 600 1 0.00021 500 0.17 0.11153 3.3927 1.2724 2.0921 0.028028 
10 600 1 0.00021 600 0 0 1.3027 1.2745 2.7776e-05 0.028107 
10 1250 1 0.00021 150 1 0 885.01 2.6466 882.3 0.06055 
10 700 1 0.00021 10 1 0 872.17 2.7227 869.41 0.037048 
10 1250 1 0.00021 200 1 0 884.57 2.65 881.86 0.061421 
10 700 1 0.00021 12 1 0 871.43 1.5364 869.86 0.037399 
10 1250 1 0.00021 250 1 0 885.06 2.645 882.36 0.061727 
10 700 1 0.00021 15 1 0 871.41 1.5349 869.84 0.036967 
10 1250 1 0.00021 300 1 0 884.94 2.649 882.23 0.061032 
10 700 1 0.00021 20 1 0 871.98 1.5358 870.4 0.036882 
10 1250 1 0.00021 400 1 0 878.5 2.649 875.79 0.060668 
10 700 1 0.00021 25 1 0 871.65 1.5319 870.08 0.037406 
10 1250 1 0.00021 500 1 0 884.48 2.6458 881.77 0.060719 
10 700 1 0.00021 30 1 0 865.32 1.5304 863.75 0.037263 
10 1250 1 0.00021 600 0.972 0.0085878 718.78 2.6437 716.07 0.06053 
10 1250 1 0.00021 700 0.824 0.083902 30.295 2.6371 27.6 0.058207 
10 1250 1 0.00021 800 0.714 0.14368 15.888 2.6386 13.19 0.058509 
10 1250 1 0.00021 900 0.562 0.17547 9.8315 2.6461 7.1272 0.058055 
10 1250 1 0.00021 1000 0.254 0.13192 5.7123 2.6353 3.0184 0.058551 
10 700 1 0.00021 40 1 0 870.87 1.5327 869.3 0.036763 
10 700 1 0.00021 50 1 0 871.22 1.5328 869.65 0.037117 
10 1500 1 0.00021 10 1 0 884.69 3.1682 881.43 0.086524 
10 700 1 0.00021 60 1 0 870.73 1.5313 869.16 0.036918 
10 1500 1 0.00021 12 1 0 884.64 3.168 881.39 0.087119 
10 700 1 0.00021 70 1 0 870.7 1.5297 869.14 0.037223 
10 1500 1 0.00021 15 1 0 886.16 3.171 882.9 0.08689 
10 700 1 0.00021 80 1 0 871.17 1.5288 869.6 0.036697 
10 1500 1 0.00021 20 1 0 881.35 3.1716 878.09 0.086598 
10 700 1 0.00021 90 1 0 870.85 1.5344 869.28 0.037387 
10 1500 1 0.00021 25 1 0 886.28 3.1733 883.02 0.086918 
10 700 1 0.00021 100 1 0 871.21 1.5327 869.64 0.036905 
10 1500 1 0.00021 30 1 0 886.41 3.1709 883.16 0.086519 
10 700 1 0.00021 125 1 0 866.15 1.5304 864.58 0.036829 
10 1500 1 0.00021 40 1 0 886.37 3.1697 883.11 0.086599 
10 700 1 0.00021 150 1 0 871.04 1.5291 869.47 0.037374 
10 1500 1 0.00021 50 1 0 886.52 3.1707 883.26 0.087045 
10 700 1 0.00021 200 1 0 870.9 1.5311 869.33 0.037114 
10 1500 1 0.00021 60 1 0 886.21 3.168 882.96 0.086324 
10 700 1 0.00021 250 1 0 870.79 1.5327 869.22 0.036911 
10 1500 1 0.00021 70 1 0 886.44 3.1697 883.18 0.086556 
10 700 1 0.00021 300 1 0 868.84 1.5354 867.26 0.036857 
10 700 1 0.00021 400 0.83 0.085 25.829 1.5228 24.273 0.033181 
10 700 1 0.00021 500 0.6 0.1751 9.5797 1.521 8.0257 0.032879 
10 700 1 0.00021 600 0.136 0.099494 3.1756 1.5008 1.6418 0.032972 
10 700 1 0.00021 700 0 0 1.529 1.4961 2.9347e-05 0.032845 
10 1500 1 0.00021 80 1 0 886.42 3.1733 883.16 0.086692 
10 800 1 0.00021 10 1 0 878.63 1.6975 876.89 0.041302 
10 1500 1 0.00021 90 1 0 886.43 3.1709 883.17 0.086275 
10 800 1 0.00021 12 1 0 872.68 1.6997 870.94 0.041784 
10 1500 1 0.00021 100 1 0 883.89 3.1728 880.63 0.08638 
10 800 1 0.00021 15 1 0 878.52 1.7033 876.78 0.04149 
10 1500 1 0.00021 125 1 0 883.3 3.1664 880.05 0.086978 
10 800 1 0.00021 20 1 0 878.42 1.7018 876.68 0.041657 
10 1500 1 0.00021 150 1 0 886.53 3.1709 883.27 0.086756 
10 800 1 0.00021 25 1 0 871.88 1.698 870.14 0.041263 
10 1500 1 0.00021 200 1 0 886.56 3.1658 883.3 0.08651 
10 800 1 0.00021 30 1 0 871.85 1.7001 870.11 0.04142 
10 1500 1 0.00021 250 1 0 886.53 3.1717 883.27 0.086499 
10 800 1 0.00021 40 1 0 871.76 1.7024 870.01 0.041357 
10 1500 1 0.00021 300 1 0 885.98 3.1671 882.72 0.086928 
10 800 1 0.00021 50 1 0 871.81 1.7006 870.07 0.041312 
10 1500 1 0.00021 400 1 0 886.42 3.1713 883.17 0.086028 
10 800 1 0.00021 60 1 0 871.84 1.6986 870.1 0.041273 
10 1500 1 0.00021 500 1 0 886.15 3.1674 882.9 0.086507 
10 800 1 0.00021 70 1 0 872.13 1.7025 870.39 0.041477 
10 1500 1 0.00021 600 1 0 880.7 3.1732 877.44 0.086443 
10 800 1 0.00021 80 1 0 871.59 1.6999 869.84 0.04137 
10 1500 1 0.00021 700 0.994 0.00098367 853.18 3.1677 849.93 0.086096 
10 1500 1 0.00021 800 0.876 0.063902 50.827 3.1652 47.591 0.071578 
10 1500 1 0.00021 900 0.782 0.10844 20.198 3.1593 16.968 0.070586 
10 1500 1 0.00021 1000 0.684 0.15035 14.805 3.1683 11.566 0.070635 
10 1500 1 0.00021 1500 0 0 3.2302 3.1595 5.231e-05 0.070555 
10 800 1 0.00021 90 1 0 878.61 1.7007 876.87 0.041219 
10 800 1 0.00021 100 1 0 878.64 1.7018 876.9 0.041472 
10 2000 1 0.00021 10 1 0 895.59 5.1318 890.28 0.17568 
10 800 1 0.00021 125 1 0 876.98 1.6989 875.24 0.041387 
10 2000 1 0.00021 12 1 0 895.26 5.1381 889.95 0.17342 
10 800 1 0.00021 150 1 0 875.89 1.6996 874.15 0.0413 
10 2000 1 0.00021 15 1 0 894.84 5.1302 889.54 0.17402 
10 800 1 0.00021 200 1 0 875.14 1.6978 873.4 0.041196 
10 2000 1 0.00021 20 1 0 894.8 5.1477 889.48 0.17092 
10 800 1 0.00021 250 1 0 874.9 1.6968 873.16 0.041605 
10 2000 1 0.00021 25 1 0 895.21 5.1408 889.9 0.17199 
10 800 1 0.00021 300 1 0 875.2 1.7031 873.45 0.041325 
10 800 1 0.00021 400 0.942 0.032282 366.68 1.6941 364.94 0.039226 
10 800 1 0.00021 500 0.754 0.11886 15.695 1.6934 13.964 0.03745 
10 800 1 0.00021 600 0.45 0.18214 6.7189 1.6904 4.9909 0.037434 
10 800 1 0.00021 700 0.116 0.085453 2.7624 1.689 1.0359 0.037423 
10 800 1 0.00021 800 0 0 1.7262 1.6886 2.862e-05 0.037523 
10 2000 1 0.00021 30 1 0 889.06 5.1039 883.79 0.1696 
10 2000 1 0.00021 40 1 0 894.84 5.1377 889.53 0.17167 
10 900 1 0.00021 10 1 0 878.71 1.9079 876.76 0.043645 
10 2000 1 0.00021 50 1 0 894.96 5.1353 889.65 0.17245 
10 900 1 0.00021 12 1 0 884.93 1.9078 882.98 0.043688 
10 2000 1 0.00021 60 1 0 895.07 5.1308 889.77 0.17228 
10 900 1 0.00021 15 1 0 884.78 1.9071 882.83 0.044338 
10 2000 1 0.00021 70 1 0 897.32 5.1786 891.97 0.17186 
10 900 1 0.00021 20 1 0 884.93 1.9036 882.99 0.043483 
10 2000 1 0.00021 80 1 0 897.52 5.1681 892.18 0.17289 
10 900 1 0.00021 25 1 0 884.85 1.9058 882.9 0.04353 
10 2000 1 0.00021 90 1 0 897.66 5.1712 892.32 0.17169 
10 900 1 0.00021 30 1 0 885.1 1.9089 883.15 0.044008 
10 2000 1 0.00021 100 1 0 898.22 5.1958 892.85 0.17408 
10 900 1 0.00021 40 1 0 884.84 1.9118 882.88 0.04362 
10 2000 1 0.00021 125 1 0 898.07 5.1719 892.73 0.17189 
10 900 1 0.00021 50 1 0 879 1.9062 877.05 0.043481 
10 2000 1 0.00021 150 1 0 892.86 5.1736 887.51 0.17062 
10 900 1 0.00021 60 1 0 884.59 1.9067 882.64 0.043651 
10 2000 1 0.00021 200 1 0 897.83 5.1809 892.48 0.17134 
10 900 1 0.00021 70 1 0 884.97 1.9055 883.02 0.044053 
10 2000 1 0.00021 250 1 0 897.94 5.1866 892.59 0.17174 
10 900 1 0.00021 80 1 0 878.5 1.9092 876.55 0.043503 
10 2000 1 0.00021 300 1 0 897.96 5.1734 892.61 0.17178 
10 900 1 0.00021 90 1 0 878.99 1.9048 877.04 0.043985 
10 2000 1 0.00021 400 1 0 897.92 5.1798 892.57 0.17167 
10 900 1 0.00021 100 1 0 879.19 1.9097 877.24 0.043913 
10 2000 1 0.00021 500 1 0 898.14 5.174 892.8 0.17217 
10 900 1 0.00021 125 1 0 878.79 1.9051 876.84 0.043455 
10 2000 1 0.00021 600 1 0 897.96 5.1829 892.61 0.1713 
10 900 1 0.00021 150 1 0 879.21 1.9051 877.26 0.043478 
10 900 1 0.00021 200 1 0 879.25 1.9054 877.3 0.043471 
10 2000 1 0.00021 700 1 0 897.8 5.1758 892.45 0.1733 
10 900 1 0.00021 250 1 0 877.52 1.9097 875.56 0.043593 
10 2000 1 0.00021 800 1 0 891.54 5.1528 886.22 0.16863 
10 900 1 0.00021 300 1 0 883.66 1.9062 881.71 0.044018 
10 2000 1 0.00021 900 1 0 895.44 5.1707 890.11 0.16493 
10 2000 1 0.00021 1000 0.936 0.037453 338.58 4.9908 333.45 0.13415 
10 2000 1 0.00021 1500 0.43 0.16459 9.8758 4.8647 4.9022 0.10879 
10 2000 1 0.00021 2000 0 0 5.0159 4.9025 4.5521e-05 0.11324 
10 900 1 0.00021 400 1 0 880.64 1.9068 878.69 0.043436 
10 900 1 0.00021 500 0.832 0.081812 30.917 1.9022 28.972 0.04209 
10 900 1 0.00021 600 0.68 0.15224 13.556 1.896 11.618 0.042011 
10 900 1 0.00021 700 0.354 0.16417 6.0537 1.8954 4.1158 0.04238 
10 900 1 0.00021 800 0.076 0.0488 2.4783 1.8945 0.54169 0.042022 
10 900 1 0.00021 900 0 0 1.9398 1.8976 2.8204e-05 0.042009 
10 1000 1 0.00021 10 1 0 892.72 2.1253 890.54 0.050772 
10 3000 1 0.00021 10 1 0 831.03 6.3356 824.52 0.17242 
10 1000 1 0.00021 12 1 0 891.93 2.1185 889.76 0.050437 
10 3000 1 0.00021 12 1 0 831.23 6.3398 824.72 0.1708 
10 1000 1 0.00021 15 1 0 891.71 2.1279 889.53 0.051003 
10 3000 1 0.00021 15 1 0 831.09 6.3386 824.58 0.17069 
10 1000 1 0.00021 20 1 0 885.23 2.1252 883.06 0.050908 
10 3000 1 0.00021 20 1 0 827.25 6.3455 820.73 0.17095 
10 3000 1 0.00021 25 1 0 831.02 6.3442 824.5 0.17045 
10 1000 1 0.00021 25 1 0 890.78 2.1229 888.6 0.050544 
10 3000 1 0.00021 30 1 0 830.32 6.3471 823.8 0.1701 
10 1000 1 0.00021 30 1 0 890.47 2.1226 888.3 0.051217 
10 3000 1 0.00021 40 1 0 830.1 6.3442 823.58 0.17155 
10 1000 1 0.00021 40 1 0 890.1 2.1214 887.92 0.050897 
10 3000 1 0.00021 50 1 0 831.6 6.3465 825.08 0.17043 
10 1000 1 0.00021 50 1 0 890.54 2.1215 888.37 0.050516 
10 3000 1 0.00021 60 1 0 831.26 6.3467 824.74 0.17178 
10 1000 1 0.00021 60 1 0 890.33 2.1206 888.16 0.051261 
10 3000 1 0.00021 70 1 0 831.56 6.3413 825.05 0.17103 
10 1000 1 0.00021 70 1 0 890.37 2.1223 888.19 0.050479 
10 3000 1 0.00021 80 1 0 831.4 6.3379 824.89 0.17035 
10 1000 1 0.00021 80 1 0 890.88 2.1187 888.71 0.050639 
10 3000 1 0.00021 90 1 0 831.58 6.3393 825.07 0.16853 
10 1000 1 0.00021 90 1 0 891.67 2.1201 889.5 0.050409 
10 3000 1 0.00021 100 1 0 827.7 6.3436 821.18 0.17019 
10 1000 1 0.00021 100 1 0 885.4 2.123 883.23 0.050746 
10 3000 1 0.00021 125 1 0 831.41 6.3486 824.89 0.17084 
10 1000 1 0.00021 125 1 0 891.9 2.1195 889.73 0.050751 
10 3000 1 0.00021 150 1 0 831.45 6.3467 824.93 0.17041 
10 1000 1 0.00021 150 1 0 891.91 2.1223 889.74 0.050601 
10 3000 1 0.00021 200 1 0 831.24 6.3453 824.72 0.17147 
10 1000 1 0.00021 200 1 0 891.56 2.1271 889.38 0.050808 
10 3000 1 0.00021 250 1 0 831.25 6.348 824.73 0.17118 
10 1000 1 0.00021 250 1 0 891.38 2.1215 889.21 0.050843 
10 3000 1 0.00021 300 1 0 831.58 6.3403 825.06 0.17147 
10 1000 1 0.00021 300 1 0 891.34 2.1246 889.17 0.050953 
10 3000 1 0.00021 400 1 0 831.49 6.3409 824.97 0.16998 
10 3000 1 0.00021 500 1 0 831.66 6.351 825.14 0.17028 
10 1000 1 0.00021 400 1 0 891.3 2.1237 889.12 0.050553 
10 1000 1 0.00021 500 0.946 0.034371 362.15 2.1177 359.99 0.048642 
10 1000 1 0.00021 600 0.794 0.10017 19.536 2.1118 17.378 0.046629 
10 1000 1 0.00021 700 0.614 0.18694 10.304 2.112 8.145 0.046963 
10 1000 1 0.00021 800 0.27 0.13561 5.2621 2.1121 3.1033 0.046632 
10 1000 1 0.00021 900 0.03 0.011939 2.3374 2.1103 0.18032 0.046694 
10 1000 1 0.00021 1000 0 0 2.1571 2.1099 4.673e-05 0.047061 
10 3000 1 0.00021 600 1 0 829.74 6.3456 823.22 0.17142 
10 3000 1 0.00021 700 1 0 829.43 6.3421 822.92 0.17057 
10 1250 1 0.00021 10 1 0 896.36 3.929 892.37 0.059836 
10 3000 1 0.00021 800 1 0 831.43 6.3437 824.91 0.17076 
10 1250 1 0.00021 12 1 0 901.59 2.686 898.84 0.059766 
10 3000 1 0.00021 900 1 0 831.27 6.3432 824.76 0.17074 
10 1250 1 0.00021 15 1 0 901.19 2.6846 898.45 0.059703 
10 3000 1 0.00021 1000 1 0 831.06 6.3419 824.55 0.17011 
10 3000 1 0.00021 1500 0.932 0.038547 294.96 6.3363 288.47 0.15118 
10 3000 1 0.00021 2000 0.694 0.14751 17.075 6.3373 10.597 0.14016 
10 3000 1 0.00021 2500 0.158 0.11106 8.387 6.3292 1.9155 0.14227 
10 3000 1 0.00021 3000 0 0 6.4727 6.3327 0.00010227 0.13981 
10 1250 1 0.00021 20 1 0 901.54 2.6853 898.8 0.059801 
10 1250 1 0.00021 25 1 0 901.5 2.6844 898.76 0.059797 
10 1250 1 0.00021 30 1 0 901.74 2.6864 898.99 0.059817 
10 4000 1 0.00021 10 1 0 812.21 8.3987 803.58 0.22674 
10 1250 1 0.00021 40 1 0 901.5 2.689 898.75 0.05983 
10 4000 1 0.00021 12 1 0 813.23 8.4064 804.59 0.22683 
10 1250 1 0.00021 50 1 0 895.16 2.6872 892.41 0.060293 
10 4000 1 0.00021 15 1 0 810.43 8.4062 801.79 0.22401 
10 1250 1 0.00021 60 1 0 901.52 2.686 898.78 0.060038 
10 4000 1 0.00021 20 1 0 812.33 8.4079 803.7 0.22662 
10 1250 1 0.00021 70 1 0 901.99 2.6872 899.24 0.059932 
10 4000 1 0.00021 25 1 0 813.1 8.408 804.47 0.22595 
10 1250 1 0.00021 80 1 0 902.09 2.687 899.34 0.059947 
10 4000 1 0.00021 30 1 0 813.63 8.411 804.99 0.22423 
10 4000 1 0.00021 40 1 0 813.08 8.4086 804.45 0.22655 
10 1250 1 0.00021 90 1 0 902.38 2.6865 899.63 0.060029 
10 4000 1 0.00021 50 1 0 813.64 8.4086 805.01 0.22648 
10 1250 1 0.00021 100 1 0 901.68 2.6839 898.93 0.060808 
10 4000 1 0.00021 60 1 0 813.62 8.4102 804.98 0.22358 
10 1250 1 0.00021 125 1 0 901.46 2.6865 898.71 0.059911 
10 4000 1 0.00021 70 1 0 813.4 8.4037 804.77 0.22565 
10 1250 1 0.00021 150 1 0 901.48 2.6858 898.74 0.060521 
10 4000 1 0.00021 80 1 0 814.28 8.4094 805.64 0.22714 
10 1250 1 0.00021 200 1 0 895.67 2.6883 892.93 0.059603 
10 4000 1 0.00021 90 1 0 810.71 8.4153 802.07 0.22581 
10 1250 1 0.00021 250 1 0 901.86 2.6854 899.11 0.060012 
10 4000 1 0.00021 100 1 0 813.6 8.4105 804.96 0.22598 
10 1250 1 0.00021 300 1 0 901.8 2.6871 899.05 0.060424 
10 4000 1 0.00021 125 1 0 813.93 8.401 805.3 0.22609 
10 1250 1 0.00021 400 1 0 901.96 2.685 899.21 0.060214 
10 4000 1 0.00021 150 1 0 813.19 8.4193 804.55 0.22499 
10 1250 1 0.00021 500 1 0 901.95 2.6821 899.21 0.059697 
10 4000 1 0.00021 200 1 0 813.61 8.4061 804.98 0.2261 
10 1250 1 0.00021 600 0.966 0.011678 728.8 2.6822 726.06 0.059408 
10 1250 1 0.00021 700 0.818 0.088037 31.193 2.674 28.46 0.058045 
10 1250 1 0.00021 800 0.728 0.13879 16.451 2.6556 13.736 0.058951 
10 1250 1 0.00021 900 0.55 0.1801 9.2135 2.6742 6.481 0.058163 
10 1250 1 0.00021 1000 0.26 0.13143 5.8499 2.6493 3.1424 0.058096 
10 4000 1 0.00021 250 1 0 813.93 8.4191 805.28 0.22602 
10 4000 1 0.00021 300 1 0 812.85 8.4231 804.2 0.22452 
10 4000 1 0.00021 400 1 0 813.91 8.4152 805.27 0.22594 
10 1500 1 0.00021 10 1 0 900.78 3.1725 897.52 0.086382 
10 4000 1 0.00021 500 1 0 813.98 8.4103 805.34 0.22394 
10 1500 1 0.00021 12 1 0 898.35 3.1742 895.09 0.085822 
10 4000 1 0.00021 600 1 0 809.96 8.4109 801.33 0.22722 
10 1500 1 0.00021 15 1 0 896.43 3.1738 893.17 0.085906 
10 4000 1 0.00021 700 1 0 813.1 8.4087 804.47 0.2263 
10 1500 1 0.00021 20 1 0 900.75 3.172 897.49 0.085868 
10 4000 1 0.00021 800 1 0 812.99 8.4013 804.36 0.22383 
10 1500 1 0.00021 25 1 0 900.59 3.1723 897.33 0.085513 
10 4000 1 0.00021 900 1 0 812.4 8.4071 803.77 0.22619 
10 4000 1 0.00021 1000 1 0 813.23 8.4084 804.6 0.22547 
10 1500 1 0.00021 30 1 0 900.05 3.1707 896.79 0.086848 
10 4000 1 0.00021 1500 1 0 812.81 8.4155 804.17 0.22383 
10 1500 1 0.00021 40 1 0 899.9 3.1715 896.64 0.086635 
10 4000 1 0.00021 2000 0.936 0.035004 277.26 8.399 268.66 0.20173 
10 4000 1 0.00021 2500 0.744 0.13109 21.82 8.4244 13.206 0.18941 
10 4000 1 0.00021 3000 0.432 0.1761 12.895 8.3981 4.3106 0.18609 
10 4000 1 0.00021 4000 0 0 8.5891 8.4012 6.9618e-05 0.18772 
10 1500 1 0.00021 50 1 0 900.07 3.1654 896.82 0.085502 
10 1500 1 0.00021 60 1 0 894.22 3.1762 890.96 0.085854 
10 1500 1 0.00021 70 1 0 900.87 3.1772 897.61 0.086099 
10 5000 1 0.00021 10 1 0 818.19 10.514 807.38 0.28889 
10 1500 1 0.00021 80 1 0 900.98 3.1732 897.72 0.086386 
10 5000 1 0.00021 12 1 0 820.67 10.511 809.87 0.28935 
10 1500 1 0.00021 90 1 0 900.36 3.1781 897.09 0.087264 
10 5000 1 0.00021 15 1 0 820.09 10.507 809.29 0.28946 
10 1500 1 0.00021 100 1 0 900.61 3.1753 897.35 0.086084 
10 5000 1 0.00021 20 1 0 820.7 10.501 809.91 0.28905 
10 1500 1 0.00021 125 1 0 900.61 3.1723 897.35 0.086065 
10 5000 1 0.00021 25 1 0 820.43 10.512 809.63 0.28987 
10 1500 1 0.00021 150 1 0 900.52 3.1741 897.26 0.086339 
10 5000 1 0.00021 30 1 0 820.73 10.506 809.93 0.28754 
10 1500 1 0.00021 200 1 0 900.86 3.178 897.59 0.085735 
10 5000 1 0.00021 40 1 0 820.21 10.503 809.41 0.28989 
10 1500 1 0.00021 250 1 0 900.65 3.1728 897.39 0.086117 
10 5000 1 0.00021 50 1 0 818.26 10.525 807.45 0.29134 
10 1500 1 0.00021 300 1 0 893.99 3.1701 890.73 0.085933 
10 5000 1 0.00021 60 1 0 820.76 10.502 809.97 0.28775 
10 1500 1 0.00021 400 1 0 900.36 3.1686 897.1 0.086007 
10 5000 1 0.00021 70 1 0 820.76 10.508 809.96 0.28984 
10 5000 1 0.00021 80 1 0 820.74 10.505 809.95 0.28581 
10 1500 1 0.00021 500 1 0 900.15 3.1704 896.89 0.085403 
10 5000 1 0.00021 90 1 0 820.4 10.509 809.6 0.28952 
10 1500 1 0.00021 600 1 0 900.37 3.1707 897.11 0.085522 
10 5000 1 0.00021 100 1 0 820.83 10.504 810.03 0.28981 
10 1500 1 0.00021 700 1 0 867.42 3.1713 864.16 0.086023 
10 1500 1 0.00021 800 0.878 0.062159 50.645 3.1621 47.411 0.071731 
10 1500 1 0.00021 900 0.78 0.1102 20.257 3.1634 17.023 0.070094 
10 1500 1 0.00021 1000 0.682 0.1513 14.613 3.1665 11.374 0.07217 
10 1500 1 0.00021 1500 0 0 3.23 3.1593 4.6473e-05 0.070609 
10 5000 1 0.00021 125 1 0 821.26 10.504 810.47 0.28969 
10 5000 1 0.00021 150 1 0 821.19 10.513 810.39 0.28818 
10 2000 1 0.00021 10 1 0 913.92 4.2178 909.59 0.11709 
10 5000 1 0.00021 200 1 0 821.62 10.506 810.83 0.28912 
10 2000 1 0.00021 12 1 0 911.94 4.219 907.61 0.11775 
10 5000 1 0.00021 250 1 0 820.03 10.509 809.24 0.28653 
10 5000 1 0.00021 300 1 0 818.66 10.51 807.86 0.28945 
10 2000 1 0.00021 15 1 0 905.89 4.2378 901.53 0.11669 
10 5000 1 0.00021 400 1 0 821.19 10.508 810.39 0.28904 
10 2000 1 0.00021 20 1 0 912.22 4.217 907.89 0.11693 
10 5000 1 0.00021 500 1 0 821.25 10.505 810.46 0.28978 
10 2000 1 0.00021 25 1 0 911.84 4.2176 907.51 0.11646 
10 5000 1 0.00021 600 1 0 821.27 10.508 810.47 0.28852 
10 2000 1 0.00021 30 1 0 912.24 4.2196 907.9 0.11551 
10 5000 1 0.00021 700 1 0 821.25 10.508 810.46 0.28577 
10 2000 1 0.00021 40 1 0 912.41 4.2159 908.08 0.11696 
10 5000 1 0.00021 800 1 0 821.02 10.501 810.23 0.28902 
10 2000 1 0.00021 50 1 0 912.85 4.2153 908.52 0.11612 
10 5000 1 0.00021 900 1 0 820.73 10.502 809.94 0.28871 
10 2000 1 0.00021 60 1 0 913.1 4.2187 908.76 0.11693 
10 5000 1 0.00021 1000 1 0 821.16 10.5 810.38 0.28912 
10 2000 1 0.00021 70 1 0 911.19 4.2173 906.85 0.11692 
10 5000 1 0.00021 1500 1 0 818.6 10.516 807.8 0.28822 
10 2000 1 0.00021 80 1 0 904.74 4.2178 900.41 0.11612 
10 5000 1 0.00021 2000 1 0 820.46 10.504 809.68 0.28571 
10 5000 1 0.00021 2500 0.92 0.051429 267.61 10.503 256.85 0.25345 
10 5000 1 0.00021 3000 0.784 0.10913 26.267 10.495 15.534 0.23764 
10 5000 1 0.00021 4000 0.248 0.12867 13.451 10.485 2.7311 0.23411 
10 5000 1 0.00021 5000 0 0 10.723 10.487 0.00010183 0.23584 
10 2000 1 0.00021 90 1 0 911.28 4.2211 906.94 0.11781 
10 2000 1 0.00021 100 1 0 910.85 4.2214 906.51 0.11636 
10 2000 1 0.00021 125 1 0 913.22 4.2154 908.89 0.11608 
10 2000 1 0.00021 150 1 0 913.11 4.2177 908.77 0.11709 
10 7500 1 0.00021 10 1 0 824.01 15.769 807.81 0.43631 
10 2000 1 0.00021 200 1 0 912.63 4.2138 908.3 0.11581 
10 7500 1 0.00021 12 1 0 825.37 15.765 809.18 0.43206 
10 2000 1 0.00021 250 1 0 911.73 4.2138 907.4 0.11691 
10 7500 1 0.00021 15 1 0 822.64 15.765 806.45 0.4261 
10 2000 1 0.00021 300 1 0 905.13 4.2178 900.8 0.11573 
10 7500 1 0.00021 20 1 0 824.57 15.75 808.38 0.43293 
10 2000 1 0.00021 400 1 0 911.91 4.2214 907.57 0.11577 
10 7500 1 0.00021 25 1 0 824.19 15.764 807.99 0.43438 
10 2000 1 0.00021 500 1 0 912.11 4.2225 907.77 0.11706 
10 7500 1 0.00021 30 1 0 824.63 15.759 808.44 0.43157 
10 7500 1 0.00021 40 1 0 824.81 15.756 808.62 0.43307 
10 2000 1 0.00021 600 1 0 911.47 4.2137 907.14 0.11635 
10 7500 1 0.00021 50 1 0 825.03 15.765 808.83 0.43119 
10 2000 1 0.00021 700 1 0 911.83 4.216 907.5 0.11547 
10 7500 1 0.00021 60 1 0 824.77 15.765 808.57 0.43183 
10 2000 1 0.00021 800 1 0 911.59 4.221 907.25 0.11686 
10 7500 1 0.00021 70 1 0 824.89 15.766 808.69 0.43303 
10 2000 1 0.00021 900 1 0 909.82 4.2167 905.49 0.11628 
10 2000 1 0.00021 1000 0.934 0.042698 342.38 4.2135 338.07 0.10309 
10 2000 1 0.00021 1500 0.434 0.17494 9.287 4.2075 4.9855 0.09388 
10 2000 1 0.00021 2000 0 0 4.3144 4.2196 2.3588e-05 0.094743 
10 7500 1 0.00021 80 1 0 824.66 15.759 808.48 0.4288 
10 7500 1 0.00021 90 1 0 824.55 15.771 808.35 0.43131 
10 7500 1 0.00021 100 1 0 822.45 15.794 806.22 0.43346 
10 7500 1 0.00021 125 1 0 824.41 15.76 808.22 0.43131 
10 3000 1 0.00021 10 1 0 906.8 6.4252 900.2 0.174 
10 7500 1 0.00021 150 1 0 824.65 15.756 808.47 0.42963 
10 3000 1 0.00021 12 1 0 913.22 6.3854 906.66 0.1737 
10 7500 1 0.00021 200 1 0 824.66 15.753 808.48 0.43142 
10 3000 1 0.00021 15 1 0 912.52 6.3838 905.97 0.17342 
10 7500 1 0.00021 250 1 0 824.73 15.758 808.54 0.43135 
10 3000 1 0.00021 20 1 0 913.47 6.3843 906.92 0.17253 
10 7500 1 0.00021 300 1 0 824.44 15.746 808.26 0.43324 
10 3000 1 0.00021 25 1 0 912.82 6.393 906.25 0.17514 
10 7500 1 0.00021 400 1 0 824.48 15.746 808.31 0.42824 
10 3000 1 0.00021 30 1 0 913.12 6.3852 906.56 0.17205 
10 7500 1 0.00021 500 1 0 824.6 15.757 808.41 0.43213 
10 3000 1 0.00021 40 1 0 906.44 6.3885 899.88 0.17463 
10 7500 1 0.00021 600 1 0 821.44 15.758 805.25 0.43137 
10 3000 1 0.00021 50 1 0 912.59 6.3811 906.03 0.174 
10 7500 1 0.00021 700 1 0 824.13 15.764 807.94 0.43211 
10 3000 1 0.00021 60 1 0 913.58 6.3859 907.02 0.17241 
10 7500 1 0.00021 800 1 0 824.19 15.759 808 0.4318 
10 7500 1 0.00021 900 1 0 824.38 15.749 808.2 0.43084 
10 3000 1 0.00021 70 1 0 912.65 6.3877 906.09 0.17372 
10 7500 1 0.00021 1000 1 0 824.62 15.74 808.45 0.42957 
10 3000 1 0.00021 80 1 0 913.15 6.3845 906.6 0.17325 
10 7500 1 0.00021 1500 1 0 824.65 15.742 808.48 0.4306 
10 3000 1 0.00021 90 1 0 913.97 6.3927 907.4 0.17431 
10 7500 1 0.00021 2000 1 0 824.53 15.768 808.33 0.42616 
10 3000 1 0.00021 100 1 0 913.38 6.3894 906.81 0.17375 
10 7500 1 0.00021 2500 1 0 824.59 15.75 808.41 0.43281 
10 3000 1 0.00021 125 1 0 914.03 6.3894 907.47 0.17306 
10 7500 1 0.00021 3000 1 0 824.28 15.76 808.09 0.43125 
10 7500 1 0.00021 4000 0.868 0.07569 52.3 15.73 36.214 0.35635 
10 7500 1 0.00021 5000 0.68 0.15061 26.539 15.731 10.452 0.35569 
10 7500 1 0.00021 7500 0 0 16.071 15.718 4.8329e-05 0.3525 
10 3000 1 0.00021 150 1 0 913.4 6.3882 906.84 0.17378 
10 3000 1 0.00021 200 1 0 915.83 6.395 909.26 0.17256 
10 3000 1 0.00021 250 1 0 909.19 6.3873 902.63 0.17459 
10 3000 1 0.00021 300 1 0 915.34 6.3909 908.78 0.17322 
10 10000 1 0.00021 10 1 0 828.28 20.975 806.74 0.57057 
10 3000 1 0.00021 400 1 0 915.8 6.3883 909.24 0.17234 
10 10000 1 0.00021 12 1 0 828.74 20.986 807.18 0.57381 
10 3000 1 0.00021 500 1 0 915.3 6.3934 908.73 0.1749 
10 10000 1 0.00021 15 1 0 829.04 20.964 807.51 0.57075 
10 3000 1 0.00021 600 1 0 916.04 6.3894 909.48 0.17228 
10 10000 1 0.00021 20 1 0 828.9 20.969 807.36 0.57092 
10 3000 1 0.00021 700 1 0 914.13 6.3947 907.56 0.17494 
10 10000 1 0.00021 25 1 0 828.88 20.997 807.31 0.57315 
10 3000 1 0.00021 800 1 0 914.01 6.3921 907.44 0.1734 
10 10000 1 0.00021 30 1 0 826.32 20.993 804.75 0.57635 
10 3000 1 0.00021 900 1 0 907.93 6.3937 901.36 0.17366 
10 10000 1 0.00021 40 1 0 828.34 20.977 806.79 0.57136 
10 3000 1 0.00021 1000 1 0 914.14 6.3873 907.58 0.17373 
10 10000 1 0.00021 50 1 0 828.38 20.965 806.84 0.57201 
10 3000 1 0.00021 1500 0.946 0.029473 318.02 6.3834 311.49 0.15287 
10 3000 1 0.00021 2000 0.684 0.15402 18.427 6.3788 11.907 0.14075 
10 3000 1 0.00021 2500 0.156 0.11109 8.7224 6.3596 2.2229 0.13971 
10 3000 1 0.00021 3000 0 0 6.5027 6.3621 2.192e-05 0.14052 
10 10000 1 0.00021 60 1 0 828.41 20.961 806.88 0.57154 
10 10000 1 0.00021 70 1 0 828.31 20.973 806.77 0.57247 
10 4000 1 0.00021 10 1 0 924.98 10.028 914.72 0.23119 
10 10000 1 0.00021 80 1 0 828.53 20.978 806.98 0.56579 
10 10000 1 0.00021 90 1 0 828.42 20.971 806.88 0.5703 
10 4000 1 0.00021 12 1 0 924.7 10.009 914.46 0.22679 
10 10000 1 0.00021 100 1 0 828.35 20.976 806.81 0.57034 
10 4000 1 0.00021 15 1 0 925.27 10.02 915.02 0.22804 
10 10000 1 0.00021 125 1 0 828.42 20.974 806.88 0.57078 
10 4000 1 0.00021 20 1 0 925.55 10.014 915.31 0.22771 
10 10000 1 0.00021 150 1 0 828.07 20.97 806.53 0.57359 
10 4000 1 0.00021 25 1 0 918.11 9.9896 907.9 0.22954 
10 10000 1 0.00021 200 1 0 825.58 20.991 804.01 0.57524 
10 4000 1 0.00021 30 1 0 925.37 10.028 915.12 0.22667 
10 10000 1 0.00021 250 1 0 828.49 20.976 806.94 0.57332 
10 4000 1 0.00021 40 1 0 924.64 10.016 914.4 0.2307 
10 10000 1 0.00021 300 1 0 828.44 20.979 806.88 0.57193 
10 4000 1 0.00021 50 1 0 925.09 10.02 914.84 0.22878 
10 10000 1 0.00021 400 1 0 828.34 20.965 806.81 0.57089 
10 4000 1 0.00021 60 1 0 924.76 10.013 914.52 0.22725 
10 10000 1 0.00021 500 1 0 828.27 20.961 806.74 0.57242 
10 4000 1 0.00021 70 1 0 918.51 9.8287 908.45 0.22905 
10 10000 1 0.00021 600 1 0 828.37 20.975 806.82 0.57284 
10 10000 1 0.00021 700 1 0 828.32 20.967 806.78 0.57198 
10 4000 1 0.00021 80 1 0 918.26 9.8315 908.2 0.22735 
10 10000 1 0.00021 800 1 0 826.2 20.974 804.66 0.573 
10 4000 1 0.00021 90 1 0 918.37 9.8349 908.31 0.22863 
10 10000 1 0.00021 900 1 0 829.02 20.975 807.48 0.57224 
10 4000 1 0.00021 100 1 0 911.3 9.8104 901.26 0.22729 
10 10000 1 0.00021 1000 1 0 828.86 20.969 807.33 0.56445 
10 4000 1 0.00021 125 1 0 918.8 9.8452 908.72 0.22706 
10 10000 1 0.00021 1500 1 0 828.69 20.962 807.16 0.56958 
10 4000 1 0.00021 150 1 0 916.81 9.8392 906.74 0.22938 
10 10000 1 0.00021 2000 1 0 828.85 20.978 807.3 0.57136 
10 4000 1 0.00021 200 1 0 916.61 9.8266 906.56 0.22678 
10 10000 1 0.00021 2500 1 0 828.88 20.985 807.33 0.57179 
10 4000 1 0.00021 250 1 0 916.41 9.8247 906.35 0.22962 
10 10000 1 0.00021 3000 1 0 828.9 20.961 807.36 0.57259 
10 4000 1 0.00021 300 1 0 916.6 9.8268 906.55 0.22732 
10 10000 1 0.00021 4000 1 0 828.77 20.98 807.21 0.5704 
10 10000 1 0.00021 5000 0.926 0.046861 260.19 20.986 238.7 0.50549 
10 10000 1 0.00021 7500 0.438 0.17628 25.831 20.96 4.4026 0.46756 
10 10000 1 0.00021 10000 0 0 21.503 21.028 4.9256e-05 0.47524 
10 4000 1 0.00021 400 1 0 916.44 9.8424 906.37 0.2276 
10 4000 1 0.00021 500 1 0 916.48 9.8255 906.42 0.22677 
10 4000 1 0.00021 600 1 0 909.71 9.8025 899.68 0.22733 
10 4000 1 0.00021 700 1 0 916.81 9.8148 906.77 0.23004 
10 4000 1 0.00021 800 1 0 916.65 9.8063 906.62 0.22736 
10 15000 1 0.00021 10 1 0 842.62 31.532 810.21 0.87731 
10 4000 1 0.00021 900 1 0 916.14 9.8059 906.1 0.22825 
10 15000 1 0.00021 12 1 0 843.67 31.526 811.27 0.86822 
10 4000 1 0.00021 1000 1 0 915.74 9.8153 905.7 0.22646 
10 15000 1 0.00021 15 1 0 842.78 31.538 810.37 0.8762 
10 4000 1 0.00021 1500 1 0 916.18 9.8189 906.13 0.22806 
10 4000 1 0.00021 2000 0.924 0.050433 310.93 9.8053 300.93 0.2011 
10 4000 1 0.00021 2500 0.744 0.127 24.791 9.8181 14.783 0.18945 
10 4000 1 0.00021 3000 0.43 0.17439 14.93 9.7805 4.9635 0.18629 
10 4000 1 0.00021 4000 0 0 10.007 9.8188 4.7562e-05 0.18829 
10 15000 1 0.00021 20 1 0 842.73 31.528 810.33 0.86728 
10 15000 1 0.00021 25 1 0 840.38 31.553 807.95 0.87254 
10 15000 1 0.00021 30 1 0 843.17 31.519 810.78 0.86801 
10 5000 1 0.00021 10 1 0 918.71 12.29 906.14 0.28723 
10 15000 1 0.00021 40 1 0 842.4 31.519 810 0.87514 
10 5000 1 0.00021 12 1 0 926.76 12.358 914.12 0.2846 
10 15000 1 0.00021 50 1 0 842.24 31.555 809.82 0.86955 
10 15000 1 0.00021 60 1 0 843.01 31.577 810.57 0.86709 
10 5000 1 0.00021 15 1 0 926.5 12.357 913.86 0.28723 
10 15000 1 0.00021 70 1 0 842.53 31.544 810.11 0.87502 
10 5000 1 0.00021 20 1 0 927 12.374 914.34 0.28546 
10 15000 1 0.00021 80 1 0 841.98 31.509 809.61 0.8664 
10 5000 1 0.00021 25 1 0 926.44 12.358 913.8 0.28415 
10 15000 1 0.00021 90 1 0 842.18 31.516 809.8 0.86713 
10 5000 1 0.00021 30 1 0 926.39 12.354 913.75 0.28712 
10 15000 1 0.00021 100 1 0 842.17 31.503 809.79 0.86715 
10 5000 1 0.00021 40 1 0 919.37 12.324 906.76 0.28422 
10 15000 1 0.00021 125 1 0 840.99 31.599 808.5 0.8799 
10 5000 1 0.00021 50 1 0 924.46 12.343 911.83 0.28613 
10 15000 1 0.00021 150 1 0 842.9 31.558 810.47 0.87087 
10 5000 1 0.00021 60 1 0 925.14 12.35 912.51 0.28489 
10 15000 1 0.00021 200 1 0 842.99 31.55 810.57 0.8699 
10 5000 1 0.00021 70 1 0 924.83 12.345 912.2 0.28409 
10 15000 1 0.00021 250 1 0 843.65 31.543 811.24 0.86601 
10 5000 1 0.00021 80 1 0 924.96 12.36 912.32 0.28583 
10 15000 1 0.00021 300 1 0 842.64 31.533 810.23 0.87493 
10 5000 1 0.00021 90 1 0 924.54 12.323 911.93 0.28411 
10 15000 1 0.00021 400 1 0 842.72 31.537 810.31 0.86894 
10 15000 1 0.00021 500 1 0 842.84 31.506 810.46 0.86809 
10 5000 1 0.00021 100 1 0 928.9 12.45 916.16 0.28768 
10 15000 1 0.00021 600 1 0 843.14 31.523 810.75 0.86773 
10 5000 1 0.00021 125 1 0 929.78 12.461 917.04 0.28546 
10 15000 1 0.00021 700 1 0 840.2 31.519 807.81 0.87652 
10 5000 1 0.00021 150 1 0 922.53 12.4 909.85 0.28366 
10 15000 1 0.00021 800 1 0 841.38 31.544 808.96 0.87207 
10 5000 1 0.00021 200 1 0 929.74 12.467 916.99 0.28634 
10 15000 1 0.00021 900 1 0 841.86 31.524 809.46 0.86728 
10 5000 1 0.00021 250 1 0 930.12 12.455 917.38 0.28272 
10 15000 1 0.00021 1000 1 0 842.11 31.521 809.72 0.8647 
10 5000 1 0.00021 300 1 0 929.67 12.44 916.94 0.28757 
10 15000 1 0.00021 1500 1 0 842.61 31.499 810.23 0.87694 
10 5000 1 0.00021 400 1 0 929.39 12.448 916.66 0.28619 
10 15000 1 0.00021 2000 1 0 842.7 31.548 810.28 0.86739 
10 5000 1 0.00021 500 1 0 929.35 12.441 916.62 0.28391 
10 15000 1 0.00021 2500 1 0 842.65 31.542 810.24 0.86692 
10 5000 1 0.00021 600 1 0 929.13 12.457 916.39 0.28565 
10 15000 1 0.00021 3000 1 0 842.55 31.546 810.12 0.88139 
10 5000 1 0.00021 700 1 0 929.11 12.455 916.37 0.28597 
10 15000 1 0.00021 4000 1 0 839.5 31.602 807.03 0.86705 
10 15000 1 0.00021 5000 1 0 842.97 31.532 810.57 0.86864 
10 5000 1 0.00021 800 1 0 922.1 12.409 909.41 0.28384 
10 15000 1 0.00021 7500 0.928 0.045322 260.77 31.565 228.44 0.7621 
10 15000 1 0.00021 10000 0.688 0.1521 42.957 31.565 10.686 0.70347 
10 5000 1 0.00021 900 1 0 928.89 12.43 916.17 0.28689 
10 5000 1 0.00021 1000 1 0 929.34 12.46 916.59 0.28512 
10 5000 1 0.00021 1500 1 0 929.39 12.447 916.66 0.28424 
10 5000 1 0.00021 2000 1 0 929.67 12.458 916.92 0.28751 
10 5000 1 0.00021 2500 0.918 0.054976 302.05 12.456 289.34 0.25081 
10 5000 1 0.00021 3000 0.788 0.10557 30.358 12.45 17.672 0.23524 
10 5000 1 0.00021 4000 0.246 0.12702 15.814 12.449 3.1327 0.23208 
10 5000 1 0.00021 5000 0 0 12.619 12.387 4.9868e-05 0.23237 
10 20000 1 0.00021 10 1 0 851.39 42.05 808.17 1.1621 
10 7500 1 0.00021 10 1 0 929.4 19.212 909.76 0.4347 
10 20000 1 0.00021 12 1 0 852.51 41.969 809.38 1.1658 
10 7500 1 0.00021 12 1 0 940.71 17.915 922.36 0.42809 
10 20000 1 0.00021 15 1 0 851.56 41.959 808.45 1.1515 
10 7500 1 0.00021 15 1 0 940.79 17.923 922.44 0.43245 
10 20000 1 0.00021 20 1 0 851.82 41.969 808.69 1.159 
10 20000 1 0.00021 25 1 0 851.43 41.97 808.31 1.151 
10 7500 1 0.00021 20 1 0 940.43 17.943 922.06 0.43144 
10 20000 1 0.00021 30 1 0 852.45 41.986 809.32 1.1478 
10 7500 1 0.00021 25 1 0 940.71 17.933 922.35 0.43138 
10 20000 1 0.00021 40 1 0 851.24 41.956 808.11 1.1633 
10 7500 1 0.00021 30 1 0 940.75 17.928 922.39 0.4312 
10 20000 1 0.00021 50 1 0 851.39 41.978 808.26 1.154 
10 7500 1 0.00021 40 1 0 940.82 17.945 922.45 0.43228 
10 20000 1 0.00021 60 1 0 851.97 41.979 808.83 1.1612 
10 7500 1 0.00021 50 1 0 940.54 17.912 922.2 0.42821 
10 20000 1 0.00021 70 1 0 851.1 41.964 807.99 1.1497 
10 7500 1 0.00021 60 1 0 933.64 17.926 915.28 0.43361 
10 20000 1 0.00021 80 1 0 849.05 41.96 805.93 1.1527 
10 7500 1 0.00021 70 1 0 941.22 17.929 922.86 0.43258 
10 20000 1 0.00021 90 1 0 851.72 41.972 808.59 1.1613 
10 7500 1 0.00021 80 1 0 941.46 17.953 923.07 0.4317 
10 20000 1 0.00021 100 1 0 851.8 41.981 808.67 1.1491 
10 7500 1 0.00021 90 1 0 941.42 17.935 923.06 0.42953 
10 20000 1 0.00021 125 1 0 852.88 41.97 809.75 1.1602 
10 7500 1 0.00021 100 1 0 940.01 17.936 921.64 0.43267 
10 20000 1 0.00021 150 1 0 851.69 41.973 808.57 1.1502 
10 20000 1 0.00021 200 1 0 851.82 41.998 808.67 1.15 
10 7500 1 0.00021 125 1 0 939.02 17.917 920.67 0.42904 
10 20000 1 0.00021 250 1 0 850.87 42.031 807.68 1.1585 
10 7500 1 0.00021 150 1 0 938.73 17.879 920.42 0.4319 
10 20000 1 0.00021 300 1 0 849.19 42.001 806.03 1.1561 
10 7500 1 0.00021 200 1 0 939.11 17.919 920.76 0.43133 
10 20000 1 0.00021 400 1 0 852.29 42.004 809.13 1.1499 
10 7500 1 0.00021 250 1 0 932.39 17.92 914.03 0.4332 
10 20000 1 0.00021 500 1 0 850.91 41.962 807.79 1.1617 
10 7500 1 0.00021 300 1 0 938.66 17.91 920.32 0.43179 
10 20000 1 0.00021 600 1 0 851.28 41.967 808.16 1.1468 
10 7500 1 0.00021 400 1 0 940.75 17.9 922.42 0.42939 
10 20000 1 0.00021 700 1 0 851.97 41.994 808.82 1.1561 
10 7500 1 0.00021 500 1 0 940.31 17.94 921.93 0.43096 
10 20000 1 0.00021 800 1 0 851.42 42.004 808.26 1.1481 
10 7500 1 0.00021 600 1 0 940.48 17.911 922.13 0.43178 
10 20000 1 0.00021 900 1 0 852.12 41.988 808.99 1.1482 
10 7500 1 0.00021 700 1 0 940.32 17.938 921.95 0.43168 
10 7500 1 0.00021 800 1 0 1014.2 19.257 994.51 0.48121 
10 7500 1 0.00021 900 1 0 1067.9 20.813 1046.5 0.51595 
10 7500 1 0.00021 1000 1 0 1067.1 20.814 1045.7 0.51581 
10 7500 1 0.00021 1500 1 0 1066.2 20.719 1045 0.51644 
10 7500 1 0.00021 2000 1 0 1061.6 20.581 1040.5 0.514 
10 7500 1 0.00021 2500 1 0 1060 20.54 1038.9 0.51496 
10 7500 1 0.00021 3000 1 0 1059.4 20.532 1038.3 0.5171 
10 7500 1 0.00021 4000 0.896 0.058351 68.361 20.165 47.773 0.4229 
10 7500 1 0.00021 5000 0.686 0.15143 33.914 20.118 13.387 0.40969 
10 7500 1 0.00021 7500 0 0 20.675 20.266 3.2311e-05 0.40922 
10 10000 1 0.00021 10 1 0 1045.6 26.52 1018.4 0.68298 
10 10000 1 0.00021 12 1 0 1043.5 26.451 1016.4 0.67485 
10 10000 1 0.00021 15 1 0 1047.2 26.545 1020 0.67929 
10 10000 1 0.00021 20 1 0 1045.7 26.554 1018.5 0.67975 
10 10000 1 0.00021 25 1 0 1045.7 26.479 1018.5 0.68071 
10 10000 1 0.00021 30 1 0 1016.5 25.384 990.41 0.65501 
10 10000 1 0.00021 40 1 0 962.69 24.057 938 0.62746 
10 10000 1 0.00021 50 1 0 899.68 22.128 876.95 0.59519 
10 10000 1 0.00021 60 1 0 879.47 21.507 857.37 0.59353 
10 10000 1 0.00021 70 1 0 893.58 22.439 870.5 0.64436 
10 10000 1 0.00021 80 1 0 894.89 22.425 871.82 0.6435 
10 10000 1 0.00021 90 1 0 894.63 22.399 871.58 0.64266 
10 10000 1 0.00021 100 1 0 889.5 22.299 866.57 0.63669 
10 10000 1 0.00021 125 1 0 885.78 22.067 863.07 0.63589 
10 10000 1 0.00021 150 1 0 862.44 21.727 840.1 0.61094 
10 10000 1 0.00021 200 1 0 849.86 21.56 827.7 0.59883 
10 10000 1 0.00021 250 1 0 834.05 21.345 812.13 0.58253 
10 10000 1 0.00021 300 1 0 824.61 21.18 802.86 0.56928 
10 10000 1 0.00021 400 1 0 823.87 21.201 802.09 0.57418 
10 10000 1 0.00021 500 1 0 833.22 21.434 811.2 0.57976 
10 10000 1 0.00021 600 1 0 819.72 21.116 798.04 0.56489 
10 10000 1 0.00021 700 1 0 812.61 20.99 791.06 0.56001 
10 10000 1 0.00021 800 1 0 811.31 20.989 789.76 0.55629 
10 10000 1 0.00021 900 1 0 847.51 20.983 825.96 0.56778 
10 10000 1 0.00021 1000 1 0 851.43 21.021 829.84 0.56837 
10 10000 1 0.00021 1500 1 0 851.28 21.001 829.71 0.5709 
10 10000 1 0.00021 2000 1 0 851.12 20.993 829.56 0.56933 
10 10000 1 0.00021 2500 1 0 850.61 20.976 829.06 0.56813 
10 10000 1 0.00021 3000 1 0 850.97 21.002 829.39 0.56972 
10 10000 1 0.00021 4000 1 0 851.25 21.006 829.68 0.57043 
10 10000 1 0.00021 5000 0.922 0.052363 265.62 21 244.11 0.5148 
10 10000 1 0.00021 7500 0.434 0.17331 25.982 20.964 4.5358 0.48235 
10 10000 1 0.00021 10000 0 0 21.518 21.029 2.6621e-05 0.48889 
10 15000 1 0.00021 10 1 0 914.35 32.543 880.94 0.85904 
10 15000 1 0.00021 12 1 0 907.62 31.612 875.16 0.84586 
10 15000 1 0.00021 15 1 0 913.84 31.593 881.4 0.85046 
10 15000 1 0.00021 20 1 0 912.53 31.594 880.08 0.8529 
10 15000 1 0.00021 25 1 0 912.9 31.575 880.47 0.85253 
10 15000 1 0.00021 30 1 0 913.28 31.615 880.8 0.85688 
10 15000 1 0.00021 40 1 0 912.37 31.568 879.95 0.8469 
10 15000 1 0.00021 50 1 0 913.36 31.587 880.92 0.85596 
10 15000 1 0.00021 60 1 0 912.5 31.587 880.06 0.84956 
10 15000 1 0.00021 70 1 0 908.34 31.625 875.87 0.8482 
10 15000 1 0.00021 80 1 0 912.8 31.577 880.36 0.85854 
10 15000 1 0.00021 90 1 0 912.71 31.574 880.28 0.85085 
10 15000 1 0.00021 100 1 0 912.94 31.583 880.51 0.85238 
10 15000 1 0.00021 125 1 0 912.44 31.572 880.01 0.85066 
10 15000 1 0.00021 150 1 0 913.27 31.577 880.83 0.85306 
10 15000 1 0.00021 200 1 0 912.29 31.577 879.87 0.84579 
10 15000 1 0.00021 250 1 0 913.11 31.586 880.68 0.84825 
10 15000 1 0.00021 300 1 0 912.26 31.574 879.83 0.85283 
10 15000 1 0.00021 400 1 0 907.31 31.581 874.88 0.84585 
10 15000 1 0.00021 500 1 0 912.79 31.566 880.37 0.85246 
10 15000 1 0.00021 600 1 0 911.89 31.567 879.47 0.84839 
10 15000 1 0.00021 700 1 0 912.97 31.561 880.56 0.84715 
10 15000 1 0.00021 800 1 0 912.23 31.571 879.81 0.85299 
10 15000 1 0.00021 900 1 0 913.16 31.571 880.74 0.84565 
10 15000 1 0.00021 1000 1 0 912.61 31.57 880.18 0.8553 
10 15000 1 0.00021 1500 1 0 907.18 31.583 874.75 0.84896 
10 15000 1 0.00021 2000 1 0 913.13 31.573 880.7 0.85199 
10 15000 1 0.00021 2500 1 0 912 31.572 879.58 0.8487 
10 15000 1 0.00021 3000 1 0 913.37 31.57 880.96 0.84729 
10 15000 1 0.00021 4000 1 0 912.07 31.593 879.62 0.85305 
10 15000 1 0.00021 5000 1 0 913 31.591 880.56 0.84723 
10 15000 1 0.00021 7500 0.944 0.031086 279.07 31.543 246.78 0.74685 
10 15000 1 0.00021 10000 0.686 0.15347 43.866 31.514 11.644 0.70642 
