1.54534
75 61 23 52 9 38 8 18 27 26 90 66 25 28 74 89 53 22 78 7 88 72 68 1 36 6 55 49 82 60 67 79 42 39 48 87 86 58 30 54 47 5 44 31 14 80 11 91 57 56 43 85 16 62 40 46 65 94 84 64 10 20 35 19 12 59 93 83 4 51 50 33 63 41 24 15 29 76 32 2 73 69 70 45 92 37 21 3 13 0 17 71 34 81 77 
1.6893
94 84 20 85 19 65 16 10 64 46 40 35 91 80 11 14 43 57 56 62 6 36 42 72 88 7 68 49 67 48 55 26 28 1 38 66 8 18 78 61 23 58 89 87 75 54 74 53 9 27 47 90 25 22 52 60 30 86 82 5 31 79 44 39 12 59 93 83 33 51 50 4 63 41 69 70 29 76 32 15 2 45 73 37 24 17 92 3 21 13 0 71 81 34 77 
1.60414
65 94 40 85 16 46 19 64 84 20 10 35 91 80 11 14 43 62 56 57 55 6 42 7 36 49 75 61 23 67 88 9 48 72 66 26 68 25 30 28 86 5 52 1 44 38 8 31 58 54 18 60 90 27 47 53 82 89 22 87 79 78 74 39 12 59 93 83 50 63 33 41 51 4 29 69 70 32 76 24 2 15 73 45 21 92 17 37 3 13 71 34 0 77 81 
1.39835
33 69 70 32 50 83 51 63 41 59 93 12 4 29 76 73 37 15 2 92 45 3 21 13 24 17 0 71 34 81 77 6 67 49 80 48 36 42 7 11 68 55 91 88 14 78 57 56 43 40 62 65 31 72 58 47 9 94 54 66 86 26 1 46 19 5 30 85 16 28 25 44 75 23 61 8 64 84 52 27 10 74 90 20 60 38 18 87 22 79 35 82 89 53 39 
1.4118
29 0 13 4 81 77 71 17 34 76 45 92 2 24 73 15 37 3 21 83 59 12 51 93 32 63 33 50 41 70 69 80 48 67 7 11 6 14 68 88 57 43 56 55 36 42 91 49 62 47 58 54 31 78 86 30 72 5 26 44 23 61 66 75 9 28 82 8 87 85 52 60 79 1 16 35 38 40 46 39 94 64 18 84 65 89 53 27 25 90 10 22 74 20 19 
