0.112303
40640 10508 6715 41447 48973 
0.0559908
204 2493 778 47886 24619 
0.0547363
57870 27721 23807 51029 23100 
0.0550351
16951 9433 26556 8279 51535 
0.0746672
59287 20250 54606 25298 29453 
0.108521
51053 31201 35745 56380 20991 
0.1105
36828 17722 51459 9550 29157 
0.150616
24412 57541 4561 54912 31170 
0.0774174
54922 43873 7900 44958 11939 
0.0535447
53649 7668 39219 52237 24103 
0.0526109
42937 22493 775 27435 56682 
0.0529965
44514 28060 25857 32509 28176 
0.0547862
24461 38692 40266 6518 5459 
0.0555287
47554 56658 56638 37522 26788 
0.0539051
7550 41812 16825 47435 27783 
0.0562992
24319 32668 7629 49155 43760 
0.0581378
44329 44068 10997 48913 53992 
0.0569606
28815 12702 32866 17324 37518 
0.053327
20235 58648 29164 14425 10367 
0.0529214
33364 24938 49402 32011 54494 
0.0527034
48792 9825 20743 32909 26741 
0.0537741
49446 9357 37154 17249 22800 
0.0531547
40465 5896 33891 38514 23849 
0.0523456
9110 47373 14485 45748 11667 
0.0539697
42373 32501 44369 26561 51306 
0.0535965
21442 58990 58984 45409 16817 
0.0536851
33469 40404 19605 36902 32557 
0.0535983
36658 20340 18447 31536 22360 
0.0663733
12392 10131 20554 3723 28912 
0.0667339
18403 25360 22906 30904 25292 
0.0537574
57151 7300 19508 33733 7458 
0.0521839
33728 24316 38276 53214 33022 
0.0519411
54606 59345 53719 29453 25326 
0.0538397
25900 13510 23481 5420 44157 
0.0587871
52449 1563 10592 28074 43560 
0.0604238
15131 20064 57816 20107 3692 
0.0553214
51904 31613 42484 46128 55119 
0.0523354
35503 55326 26038 24240 13309 
0.0533612
35263 10738 59862 43875 56293 
0.0547553
29051 15508 54770 1974 53476 
0.0541698
42700 48216 55712 19678 30617 
0.0524337
23160 9269 32536 19167 56487 
0.0522784
15814 29506 4838 23400 4698 
0.052223
9543 27801 4204 18927 47353 
0.0522835
17944 21189 32623 51366 8307 
0.0528213
30788 14902 58588 35150 54041 
0.0523802
56540 46414 2802 58361 34520 
0.0556189
39663 58953 58939 13816 41156 
0.0513561
21735 48517 27918 26618 25402 
0.0517867
41127 59641 40197 35131 7723 
0.0528084
6678 6766 6804 46749 56403 
0.060877
44063 38935 19771 25612 34155 
0.0561995
48608 2662 24930 39011 36094 
0.051773
12053 23882 35857 31066 18547 
0.0510992
38342 17210 4843 4883 52186 
0.055277
57458 10404 17261 27120 51130 
0.0556177
37488 55507 34832 3297 50449 
0.052077
46318 54264 53471 59067 29407 
0.0519849
45093 1543 21915 21899 51934 
0.0520841
49726 5043 17505 15550 44391 
0.053006
33234 18255 29994 9511 35600 
0.052676
32818 44381 2552 29921 2880 
0.0523206
50629 45320 17825 17596 48583 
0.0525055
16166 55769 16394 47776 10701 
0.0522043
31776 11792 7028 31146 31113 
0.0526756
49508 58280 38855 50555 18084 
0.052447
50595 35745 47601 28996 37297 
0.0733612
28062 13401 37836 35451 21152 
0.0604695
58487 52155 47180 7233 7547 
0.0526042
12144 55663 6274 25553 48666 
0.0528829
6388 39623 30096 37661 24092 
0.0527666
53430 47693 19515 41926 43607 
0.0524744
47179 34938 24131 53679 47599 
0.0541305
37789 1368 40449 22911 20556 
0.051948
3308 36998 29404 4909 33127 
0.0555574
47250 12563 20813 38905 15205 
0.054393
57346 8762 44338 16018 2375 
0.0523146
25145 31681 46734 25386 33205 
0.0517517
31904 35063 35906 30469 33265 
0.0516554
47937 54558 38669 29500 11973 
0.052238
2745 18538 55127 35640 4716 
0.051706
3877 44497 21154 34678 16606 
0.0522511
27014 20033 18634 11141 31433 
0.053285
22631 13108 38019 41777 24655 
0.0519867
56300 30711 45481 40895 54704 
0.0519731
8351 12709 19605 16823 32644 
0.0524651
54160 55221 50189 36433 13452 
0.0547746
38846 52465 46928 47272 47067 
0.0511575
24355 8721 5290 48778 22114 
0.0512451
35160 56912 44470 30853 19368 
0.0545693
5643 14554 36373 52579 57652 
0.0613607
57426 31510 40924 25062 58087 
0.0562717
18824 18954 2043 32406 59754 
0.0566986
55777 55771 756 27948 750 
0.0576921
15830 30729 8789 45879 26508 
0.0578978
21671 27859 13360 5917 7838 
0.055559
4574 12816 54866 16586 50604 
0.0558103
1465 37235 58565 55629 18208 
0.0553319
46329 9865 57012 432 17883 
0.0555839
15029 56232 7742 41641 14576 
