0.0492566
40640 10508 6715 41447 48973 54186 50518 11807 2420 16045 
0.0490463
204 2493 778 47886 24619 43458 9661 18804 12130 43238 
0.0491992
57870 27721 23807 51029 23100 56060 35697 28783 22588 20034 
0.049045
16951 9433 26556 8279 51535 1415 33858 49398 48003 27758 
0.0493198
59287 20250 54606 25298 29453 54674 3086 41106 25327 25456 
0.0490051
51053 31201 35745 56380 20991 47601 46226 24207 26084 33442 
0.048982
36828 17722 51459 9550 29157 21366 20300 14105 28921 42360 
0.0489946
24412 57541 4561 54912 31170 33699 36141 8646 48877 22197 
0.0490241
54922 43873 7900 44958 11939 22191 44598 55894 22608 32767 
0.0495604
53649 7668 39219 52237 24103 21618 20344 43121 51759 8007 
0.0493273
42937 22493 775 27435 56682 8885 24035 7456 47399 39460 
0.0491447
44514 28060 25857 32509 28176 20774 40762 21822 8945 4773 
0.0491757
24461 38692 40266 6518 5459 6572 21427 50034 43848 42071 
0.049102
47554 56658 56638 37522 26788 10692 48174 36796 36243 33534 
0.04912
7550 41812 16825 47435 27783 33826 4096 11941 5040 44307 
0.049387
24319 32668 7629 49155 43760 24194 42246 34651 42212 41169 
0.0489817
44329 44068 10997 48913 53992 12319 42918 17782 35508 15167 
0.0491182
28815 12702 32866 17324 37518 40952 57039 49822 27497 42518 
0.0490014
20235 58648 29164 14425 10367 30892 44591 55154 43488 35419 
0.0493482
33364 24938 49402 32011 54494 38724 50965 24016 43 5531 
0.0492852
48792 9825 20743 32909 26741 27489 31965 37183 54320 3096 
0.0493302
49446 9357 37154 17249 22800 54719 54747 11599 22250 46632 
0.0490188
40465 5896 33891 38514 23849 10331 35427 22691 47908 5473 
0.049139
9110 47373 14485 45748 11667 31079 31090 40166 44995 42380 
0.0489704
42373 32501 44369 26561 51306 45435 54262 45227 46482 31376 
0.0489993
21442 58990 58984 45409 16817 11839 10049 29050 40343 57277 
0.0493676
33469 40404 19605 36902 32557 32404 58348 48986 57946 48960 
0.0489929
36658 20340 18447 31536 22360 25677 48532 34023 24530 15285 
0.0490401
12392 10131 20554 3723 28912 38474 18924 19116 57475 24313 
0.0491243
18403 25360 22906 30904 25292 13843 41754 27990 56841 9198 
0.0495012
57151 7300 19508 33733 7458 46113 24152 1692 33735 43795 
0.0533201
33728 24316 38276 53214 33022 57969 57887 37584 42826 45483 
0.0772051
54606 59345 53719 29453 25326 11567 22180 15997 22504 44269 
0.049151
25900 13510 23481 5420 44157 58311 23765 26811 44480 30922 
0.0491189
52449 1563 10592 28074 43560 6578 54321 8054 34871 54605 
0.0490572
15131 20064 57816 20107 3692 46824 7119 11315 47543 20018 
0.0491145
51904 31613 42484 46128 55119 40680 7015 15712 48275 20049 
0.0494412
35503 55326 26038 24240 13309 12340 39909 58916 51168 23489 
0.0489739
35263 10738 59862 43875 56293 46111 53610 51943 44754 9105 
0.0490269
29051 15508 54770 1974 53476 41906 9224 56563 14200 30398 
0.0490537
42700 48216 55712 19678 30617 24063 35835 36962 28316 50840 
0.0491488
23160 9269 32536 19167 56487 55419 15688 18125 4904 32346 
0.0494382
15814 29506 4838 23400 4698 39397 28335 13989 33080 22346 
0.049041
9543 27801 4204 18927 47353 33901 5254 32636 49424 16767 
0.0490681
17944 21189 32623 51366 8307 30328 27462 12187 57980 13751 
0.0490031
30788 14902 58588 35150 54041 47156 32575 55073 29458 54119 
0.0490068
56540 46414 2802 58361 34520 34463 1499 43982 4559 4742 
0.0489856
39663 58953 58939 13816 41156 7046 28379 5597 34357 29052 
0.0493137
21735 48517 27918 26618 25402 34344 25428 25352 6675 56858 
0.0493994
41127 59641 40197 35131 7723 54897 34104 44098 15367 29874 
0.0490142
6678 6766 6804 46749 56403 6736 6832 6798 59441 58402 
0.0492714
44063 38935 19771 25612 34155 32210 28956 29241 56218 20522 
0.0489473
48608 2662 24930 39011 36094 8132 37485 41898 32543 59020 
0.0493201
12053 23882 35857 31066 18547 8839 40284 47971 3094 28971 
0.0492075
38342 17210 4843 4883 52186 15560 10174 23342 46824 25363 
0.0490845
57458 10404 17261 27120 51130 17135 54570 37026 24431 59365 
0.049006
37488 55507 34832 3297 50449 44697 27338 16909 36937 31470 
0.0490475
46318 54264 53471 59067 29407 32728 12873 51538 57957 47289 
0.0490402
45093 1543 21915 21899 51934 49052 36489 41642 21852 46765 
0.0510447
49726 5043 17505 15550 44391 40711 44864 59152 42207 9431 
0.0500893
33234 18255 29994 9511 35600 29181 1527 48355 1719 15500 
0.0490973
32818 44381 2552 29921 2880 31558 18703 11961 40052 14615 
0.0493089
50629 45320 17825 17596 48583 6655 40583 19705 14773 54247 
0.0492445
16166 55769 16394 47776 10701 17941 47858 58176 38064 57557 
0.0493588
31776 11792 7028 31146 31113 21685 27805 45033 27579 25467 
0.0491027
49508 58280 38855 50555 18084 18044 42267 57957 23498 54423 
0.0489711
50595 35745 47601 28996 37297 55770 50515 2731 50605 23673 
0.0489789
28062 13401 37836 35451 21152 20702 13585 40875 4577 32697 
0.0489945
58487 52155 47180 7233 7547 57726 53848 58502 40422 27648 
0.0490249
12144 55663 6274 25553 48666 18320 54755 23963 5207 33821 
0.049668
6388 39623 30096 37661 24092 48398 58867 23265 9300 26708 
0.0490839
53430 47693 19515 41926 43607 16674 21019 16585 47227 24738 
0.0491849
47179 34938 24131 53679 47599 37947 9874 50821 4290 21350 
0.0533366
37789 1368 40449 22911 20556 12998 47054 20944 42037 22892 
0.0768477
3308 36998 29404 4909 33127 29306 24651 32281 19200 24809 
0.0492476
47250 12563 20813 38905 15205 51966 58643 19643 21782 39293 
0.0489926
57346 8762 44338 16018 2375 23015 40187 30115 46247 2642 
0.0491532
25145 31681 46734 25386 33205 50886 15232 25987 7366 15012 
0.0490457
31904 35063 35906 30469 33265 21090 2471 30982 13155 33279 
0.0490487
47937 54558 38669 29500 11973 5144 22336 26718 25713 57890 
0.0494464
2745 18538 55127 35640 4716 13506 3337 28635 24476 30177 
0.0490846
3877 44497 21154 34678 16606 11857 45896 47248 41 50151 
0.0492142
27014 20033 18634 11141 31433 26050 18630 26962 6768 50138 
0.0491306
22631 13108 38019 41777 24655 20351 878 24753 32307 40379 
0.0489953
56300 30711 45481 40895 54704 57793 2808 3636 52422 55888 
0.0493988
8351 12709 19605 16823 32644 14665 7981 6057 51352 43010 
0.0490508
54160 55221 50189 36433 13452 5593 23341 35174 26272 43992 
0.0490173
38846 52465 46928 47272 47067 46906 52391 43840 25999 38283 
0.0491103
24355 8721 5290 48778 22114 11936 10578 29368 9244 28449 
0.0490347
35160 56912 44470 30853 19368 33893 13439 346 25216 4593 
0.0493455
5643 14554 36373 52579 57652 52700 56298 56585 37035 44833 
0.049466
57426 31510 40924 25062 58087 57071 16683 30329 49148 13282 
0.0490524
18824 18954 2043 32406 59754 3883 22311 8749 53751 40191 
0.0491349
55777 55771 756 27948 750 59171 2033 21198 55745 5849 
0.0490854
15830 30729 8789 45879 26508 49202 57949 48313 5005 55051 
0.0490379
21671 27859 13360 5917 7838 12217 19843 42662 31079 30608 
0.049453
4574 12816 54866 16586 50604 53568 32047 34450 43860 12519 
0.0490586
1465 37235 58565 55629 18208 31435 29636 20013 16557 18180 
0.049002
46329 9865 57012 432 17883 4734 1686 9901 10887 3260 
0.049022
15029 56232 7742 41641 14576 16689 59673 58674 6547 1153 
