10 5 3 1 2 0.552 0.10296 102.49 5.9524 96.537 0.00045288 
10 5 3 1 3 0.29 0.11888 20.635 5.887 14.747 0.00032694 
10 5 3 1 4 0.104 0.035902 7.908 5.8824 2.0252 0.00032212 
10 5 3 1 5 0.03 0.0058163 6.2649 5.8923 0.37225 0.00031586 
10 5 4 1 2 0.44 0.093061 40.248 8.3416 31.906 0.00031657 
10 5 4 1 3 0.208 0.074629 11.87 7.7205 4.1491 0.00026553 
10 5 4 1 4 0.064 0.017861 8.4965 7.6784 0.81778 0.00027975 
10 5 4 1 5 0.004 0.00039184 7.7248 7.6794 0.045096 0.00026906 
10 5 5 1 2 0.362 0.12485 20.246 9.5881 10.657 0.00027916 
10 5 5 1 3 0.16 0.064898 11.211 9.5049 1.7056 0.00029368 
10 5 5 1 4 0.072 0.025322 10.084 9.5223 0.56087 0.00028219 
10 5 5 1 5 0.01 0.0021429 9.561 9.5013 0.059442 0.00026181 
10 5 6 1 2 0.2 0.04 15.13 11.349 3.7806 0.00028101 
10 5 6 1 3 0.068 0.010384 11.939 11.337 0.60185 0.00028977 
10 5 6 1 4 0.008 0.0011592 11.408 11.341 0.066611 0.00028251 
10 5 6 1 5 0.004 0.0008 11.375 11.345 0.02925 0.00030913 
10 5 7 1 2 0.11 0.018878 14.786 13.173 1.6128 0.00027079 
10 5 7 1 3 0.032 0.0046694 13.426 13.16 0.26568 0.00027956 
10 5 7 1 4 0.006 0.00057551 13.229 13.166 0.062374 0.00026834 
10 5 7 1 5 0 0 13.155 13.154 5.1297e-05 0.00026711 
10 10 3 1 2 0.848 0.044588 320.26 11.787 308.47 0.00077171 
10 10 3 1 3 0.698 0.094894 114.7 11.574 103.13 0.00052238 
10 10 3 1 4 0.54 0.1298 40.804 11.405 29.398 0.00045204 
10 10 3 1 5 0.392 0.14157 20.443 11.483 8.9599 0.00044034 
10 10 3 1 8 0.094 0.053229 12.564 11.383 1.1806 0.00041281 
10 10 3 1 10 0.008 0.0011592 11.487 11.385 0.10172 0.00042586 
10 10 4 1 2 0.722 0.074812 115.79 16.445 99.34 0.0004705 
10 10 4 1 3 0.522 0.14093 37.696 16.432 21.264 0.00040932 
10 10 4 1 4 0.348 0.11602 22.008 16.374 5.6336 0.00036161 
10 10 4 1 5 0.216 0.080147 18.816 16.422 2.3936 0.00038212 
10 10 4 1 8 0.008 0.0019755 16.478 16.401 0.077013 0.00036257 
10 10 4 1 10 0 0 16.363 16.363 4.8945e-05 0.0003721 
10 10 5 1 2 0.556 0.12333 50.398 18.796 31.601 0.00039838 
10 10 5 1 3 0.376 0.11819 24.797 18.677 6.1194 0.00033839 
10 10 5 1 4 0.238 0.091792 21.189 18.684 2.5043 0.00032388 
10 10 5 1 5 0.122 0.041343 19.779 18.78 0.99831 0.00035634 
10 10 5 1 8 0.008 0.00075102 18.798 18.752 0.046316 0.00034209 
10 10 5 1 10 0 0 18.747 18.747 5.0189e-05 0.00035234 
10 10 6 1 2 0.424 0.11574 34.145 22.459 11.685 0.00035285 
10 10 6 1 3 0.25 0.086633 25.086 22.407 2.6785 0.00038062 
10 10 6 1 4 0.142 0.057588 23.552 22.309 1.2421 0.00033699 
10 10 6 1 5 0.084 0.030759 23.038 22.409 0.62854 0.00037468 
10 10 6 1 8 0.008 0.0019755 22.595 22.549 0.044865 0.00039006 
10 10 6 1 10 0 0 22.581 22.58 5.6033e-05 0.00038576 
10 10 7 1 2 0.304 0.086106 30.314 26.044 4.2693 0.0003648 
10 10 7 1 3 0.148 0.047853 27.223 26.025 1.1973 0.00040845 
10 10 7 1 4 0.07 0.023776 26.51 26.032 0.4772 0.00034894 
10 10 7 1 5 0.034 0.0080041 26.365 26.168 0.1964 0.00043078 
10 10 7 1 8 0.002 0.0002 26.157 26.147 0.010284 0.00041208 
10 10 7 1 10 0 0 26.18 26.18 5.2534e-05 0.00039964 
10 25 3 1 2 0.974 0.0060449 681.89 29.285 652.61 0.0015932 
10 25 3 1 3 0.93 0.020102 504.64 28.879 475.75 0.0013731 
10 25 3 1 4 0.868 0.051608 321.71 28.378 293.33 0.0011514 
10 25 3 1 5 0.808 0.069731 183.07 28.147 154.93 0.00097293 
10 25 3 1 8 0.648 0.14459 44.717 27.906 16.81 0.00080713 
10 25 3 1 10 0.536 0.16929 35.318 27.93 7.3868 0.0007888 
10 25 3 1 12 0.39 0.15929 32.385 27.796 4.588 0.00076023 
10 25 3 1 15 0.226 0.10727 30.063 27.887 2.1742 0.00079179 
10 25 3 1 20 0.036 0.018678 28.308 28.063 0.24385 0.00081999 
10 25 3 1 25 0.002 0.0002 28.047 28.033 0.012401 0.00081932 
10 50 4 1 2 0.348 0.080098 125.53 41.261 84.266 0.0011206 
10 50 4 1 3 0.12 0.021633 107.46 41.236 66.224 0.0012102 
10 50 4 1 4 0.062 0.0077102 106.15 41.245 64.903 0.0016702 
10 50 4 1 5 0.042 0.0041184 106 41.244 64.755 0.0013453 
10 50 4 1 8 0.042 0.0041184 105.92 41.266 64.656 0.0013233 
10 50 4 1 10 0.042 0.0041184 106.03 41.241 64.786 0.001355 
10 50 4 1 12 0.042 0.0041184 105.95 41.287 64.663 0.0013413 
10 50 4 1 15 0.042 0.0041184 106.07 41.284 64.783 0.001347 
10 50 4 1 20 0.042 0.0041184 106.1 41.27 64.825 0.0013446 
10 50 4 1 25 0.042 0.0041184 106.14 41.285 64.852 0.0013361 
10 50 4 1 30 0.042 0.0041184 106.11 41.24 64.864 0.0013637 
10 50 4 1 40 0.042 0.0041184 106.4 41.244 65.158 0.0013247 
10 50 4 1 50 0 0 41.323 41.322 4.0088e-05 0.0011564 
10 50 5 1 2 0.678 0.10828 145.62 60.04 85.582 0.0010891 
10 50 5 1 3 0.528 0.11757 97.778 59.71 38.066 0.00096721 
10 50 5 1 4 0.384 0.10504 89.984 60.052 29.931 0.00106 
10 50 5 1 5 0.23 0.067041 87.81 60.201 27.608 0.0011302 
10 50 5 1 8 0.064 0.025208 85.956 60.321 25.634 0.0011798 
10 50 5 1 10 0.032 0.0050776 85.785 60.44 25.343 0.001199 
10 50 5 1 12 0.018 0.0015061 85.648 60.423 25.224 0.0011998 
10 50 5 1 15 0.018 0.0015061 85.606 60.367 25.238 0.0012312 
10 50 5 1 20 0.018 0.0015061 85.311 61.464 23.845 0.0012307 
10 50 5 1 25 0.018 0.0015061 83.308 60.402 22.905 0.001166 
10 50 5 1 30 0.018 0.0015061 83.652 60.683 22.968 0.001185 
10 50 5 1 40 0.008 0.00075102 60.312 60.202 0.10914 0.0010801 
10 50 5 1 50 0 0 60.347 60.346 4.2363e-05 0.0011123 
10 75 3 1 2 0.932 0.019363 561.25 50.408 510.84 0.0026946 
10 75 3 1 3 0.85 0.047041 355.74 50.365 305.37 0.0023194 
10 75 3 1 4 0.76 0.081633 242.32 50.409 191.9 0.0021394 
10 75 3 1 5 0.664 0.096637 196.39 50.382 146 0.0020603 
10 75 3 1 8 0.346 0.071106 175.55 50.357 125.19 0.0024053 
10 75 3 1 10 0.19 0.016429 174.04 50.441 123.6 0.0024508 
10 75 3 1 12 0.136 0.0084735 173.53 50.427 123.1 0.0025193 
10 75 3 1 15 0.12 0.0077551 173.45 50.418 123.03 0.0025684 
10 75 3 1 20 0.12 0.0077551 173.59 50.413 123.18 0.0025691 
10 75 3 1 25 0.12 0.0077551 173.8 50.395 123.4 0.0024981 
10 75 3 1 30 0.12 0.0077551 173.86 50.381 123.47 0.0025784 
10 75 3 1 40 0.12 0.0077551 173.75 50.39 123.36 0.0025328 
10 75 3 1 50 0.12 0.0077551 173.81 50.424 123.38 0.0025403 
10 75 3 1 60 0.12 0.0077551 173.78 50.399 123.38 0.0025186 
10 75 3 1 70 0.016 0.0013714 50.533 50.368 0.16323 0.0020449 
10 75 5 1 2 0.028 0.0024653 106.52 72.862 33.658 0.0014804 
10 75 5 1 3 0.018 0.0015061 105.59 72.877 32.711 0.0017751 
10 75 5 1 4 0.018 0.0015061 105.68 72.849 32.833 0.0018138 
10 75 5 1 5 0.018 0.0015061 105.71 72.889 32.821 0.0017502 
10 75 5 1 8 0.018 0.0015061 105.66 72.833 32.829 0.0017689 
10 75 5 1 10 0.018 0.0015061 105.7 72.85 32.851 0.0017811 
10 75 5 1 12 0.018 0.0015061 105.67 72.898 32.767 0.0017622 
10 75 5 1 15 0.018 0.0015061 105.71 72.864 32.844 0.0017722 
10 75 5 1 20 0.018 0.0015061 105.72 72.878 32.843 0.0017598 
10 75 5 1 25 0.018 0.0015061 105.63 72.883 32.747 0.0017813 
10 75 5 1 30 0.018 0.0015061 105.77 72.905 32.866 0.0017498 
10 75 5 1 40 0.018 0.0015061 105.57 72.874 32.698 0.0017669 
10 75 5 1 50 0.018 0.0015061 105.74 72.835 32.9 0.0017609 
10 75 5 1 60 0.018 0.0015061 105.65 72.829 32.817 0.0017451 
10 75 5 1 70 0.018 0.0015061 105.67 72.915 32.755 0.0017652 
10 75 6 1 2 0.524 0.096963 131.81 100.66 31.157 0.0014608 
10 75 6 1 3 0.356 0.093535 117.02 100.62 16.4 0.0015871 
10 75 6 1 4 0.224 0.063086 114.65 100.84 13.816 0.0019223 
10 75 6 1 5 0.142 0.049016 113.77 100.84 12.928 0.001816 
10 75 6 1 8 0.026 0.0027796 112.85 100.89 11.962 0.0017885 
10 75 6 1 10 0.014 0.0012286 112.88 100.98 11.897 0.001876 
10 75 6 1 12 0.012 0.0010776 112.7 100.8 11.898 0.0018011 
10 75 6 1 15 0.012 0.0010776 112.85 100.96 11.889 0.0018707 
10 75 6 1 20 0.012 0.0010776 112.82 100.92 11.899 0.0017896 
10 75 6 1 25 0.012 0.0010776 112.79 100.9 11.889 0.0018645 
10 75 6 1 30 0.012 0.0010776 112.76 100.86 11.892 0.0017945 
10 75 6 1 40 0.012 0.0010776 112.81 100.89 11.916 0.0018928 
10 75 6 1 50 0.012 0.0010776 113.26 101.41 11.847 0.0018231 
10 75 6 1 60 0.012 0.0010776 113.72 101.77 11.951 0.0018518 
10 75 6 1 70 0 0 100.87 100.87 5.2523e-05 0.0018042 
10 100 4 1 2 0.594 0.097718 218.81 82.15 136.66 0.0021929 
10 100 4 1 3 0.376 0.11166 159.87 82.103 77.76 0.0021124 
10 100 4 1 4 0.23 0.082143 150.45 82.134 68.312 0.0024795 
10 100 4 1 5 0.138 0.037914 148.72 82.125 66.59 0.0025857 
10 100 4 1 8 0.044 0.0041469 147.73 82.1 65.625 0.0026331 
10 100 4 1 10 0.042 0.0041184 147.79 82.151 65.639 0.0026618 
10 100 4 1 12 0.042 0.0041184 147.68 82.073 65.603 0.002619 
10 100 4 1 15 0.042 0.0041184 146.94 82.129 64.813 0.0026377 
10 100 4 1 20 0.042 0.0041184 146.75 82.063 64.683 0.0026321 
10 100 4 1 25 0.042 0.0041184 146.8 82.1 64.692 0.0026315 
10 100 4 1 30 0.042 0.0041184 146.86 82.141 64.713 0.0025974 
10 100 4 1 40 0.042 0.0041184 146.56 82.051 64.508 0.0026351 
10 100 4 1 50 0.042 0.0041184 146.7 82.133 64.562 0.0026383 
10 100 4 1 60 0.042 0.0041184 146.73 82.08 64.648 0.0026172 
10 100 4 1 70 0.042 0.0041184 146.61 82.09 64.517 0.0026255 
10 100 4 1 80 0.042 0.0041184 146.77 82.108 64.664 0.002665 
10 100 4 1 90 0.042 0.0041184 146.66 82.093 64.559 0.0026377 
10 100 4 1 100 0 0 82.108 82.105 2.505e-05 0.0022825 
10 100 6 1 2 0.338 0.077506 148.48 123.28 25.195 0.0019468 
10 100 6 1 3 0.138 0.031792 141.87 123.73 18.134 0.0023565 
10 100 6 1 4 0.066 0.016576 140.88 123.84 17.04 0.0023715 
10 100 6 1 5 0.04 0.0069388 140.53 123.79 16.74 0.0023532 
10 100 6 1 8 0.012 0.0010776 140.48 123.88 16.6 0.0024564 
10 100 6 1 10 0.012 0.0010776 140.4 123.84 16.556 0.0024236 
10 100 6 1 12 0.012 0.0010776 140.37 123.74 16.623 0.0023648 
10 100 6 1 15 0.012 0.0010776 140.49 123.84 16.648 0.0024877 
10 100 6 1 20 0.012 0.0010776 140.39 123.79 16.596 0.0024204 
10 100 6 1 25 0.012 0.0010776 140.35 123.73 16.623 0.0023587 
10 100 6 1 30 0.012 0.0010776 140.47 123.87 16.603 0.0027892 
10 100 6 1 40 0.012 0.0010776 140.44 123.83 16.603 0.0024626 
10 100 6 1 50 0.012 0.0010776 140.26 123.73 16.53 0.0023456 
10 100 6 1 60 0.012 0.0010776 140.54 123.89 16.645 0.0024359 
10 100 6 1 70 0.012 0.0010776 140.51 123.9 16.615 0.0024619 
10 100 6 1 80 0.012 0.0010776 140.41 123.83 16.578 0.002354 
10 100 6 1 90 0.012 0.0010776 140.26 123.72 16.542 0.0024645 
10 100 6 1 100 0 0 123.66 123.65 3.5982e-05 0.0023527 
10 125 3 1 2 0.288 0.041894 209.72 72.779 136.94 0.0031619 
10 125 3 1 3 0.12 0.0077551 196.45 72.848 123.59 0.0039813 
10 125 3 1 4 0.12 0.0077551 196.31 72.82 123.49 0.003766 
10 125 3 1 5 0.12 0.0077551 196.36 72.833 123.52 0.0037884 
10 125 3 1 8 0.12 0.0077551 196.46 72.92 123.53 0.0037377 
10 125 3 1 10 0.12 0.0077551 196.35 72.853 123.49 0.003781 
10 125 3 1 12 0.12 0.0077551 196.47 72.883 123.58 0.0037328 
10 125 3 1 15 0.12 0.0077551 196.47 72.958 123.51 0.0038178 
10 125 3 1 20 0.12 0.0077551 196.42 72.898 123.52 0.0037557 
10 125 3 1 25 0.12 0.0077551 196.38 72.862 123.51 0.0038139 
10 125 3 1 30 0.12 0.0077551 196.45 72.889 123.56 0.0037528 
10 125 3 1 40 0.12 0.0077551 196.25 72.824 123.42 0.0037762 
10 125 3 1 50 0.12 0.0077551 196.27 72.878 123.39 0.0037699 
10 125 3 1 60 0.12 0.0077551 196.3 72.852 123.45 0.0038106 
10 125 3 1 70 0.12 0.0077551 192.02 72.961 119.05 0.0037844 
10 125 3 1 80 0.12 0.0077551 195.78 72.884 122.89 0.0036805 
10 125 3 1 90 0.12 0.0077551 196.39 72.894 123.49 0.0037756 
10 125 3 1 100 0.12 0.0077551 196.31 72.915 123.39 0.0036803 
10 125 5 1 2 0.698 0.091629 222.41 132.4 90 0.0023843 
10 125 5 1 3 0.556 0.11762 174.2 132.54 41.656 0.0024393 
10 125 5 1 4 0.418 0.12967 166.37 132.87 33.493 0.0025693 
10 125 5 1 5 0.3 0.098776 164.73 133.28 31.448 0.0028359 
10 125 5 1 8 0.066 0.014535 162.33 133.41 28.917 0.0028875 
10 125 5 1 10 0.03 0.0029592 161.95 133.37 28.583 0.0029252 
10 125 5 1 12 0.02 0.0016327 161.85 133.38 28.47 0.002866 
10 125 5 1 15 0.018 0.0015061 161.9 133.38 28.521 0.0028622 
10 125 5 1 20 0.018 0.0015061 161.78 133.35 28.421 0.0028426 
10 125 5 1 25 0.018 0.0015061 161.87 133.36 28.502 0.0028585 
10 125 5 1 30 0.018 0.0015061 161.73 133.34 28.393 0.0028788 
10 125 5 1 40 0.018 0.0015061 161.83 133.4 28.43 0.0028436 
10 125 5 1 50 0.018 0.0015061 161.91 133.41 28.501 0.0028359 
10 125 5 1 60 0.018 0.0015061 161.84 133.4 28.439 0.0028888 
10 125 5 1 70 0.018 0.0015061 161.86 133.34 28.512 0.0028606 
10 125 5 1 80 0.018 0.0015061 161.88 133.41 28.463 0.002871 
10 125 5 1 90 0.018 0.0015061 161.58 134.14 27.43 0.0029163 
10 125 5 1 100 0.018 0.0015061 161.99 133.44 28.54 0.0029352 
10 125 6 1 2 0.07 0.013163 162.7 145.27 17.424 0.0027593 
10 125 6 1 3 0.012 0.0010776 162.02 145.34 16.678 0.0032105 
10 125 6 1 4 0.012 0.0010776 161.91 145.26 16.641 0.0030812 
10 125 6 1 5 0.012 0.0010776 161.86 145.23 16.633 0.0032192 
10 125 6 1 8 0.012 0.0010776 161.94 145.27 16.664 0.0031594 
10 125 6 1 10 0.012 0.0010776 161.71 145.32 16.385 0.0030747 
10 125 6 1 12 0.012 0.0010776 161.53 145.64 15.884 0.0031769 
10 125 6 1 15 0.012 0.0010776 161.98 145.33 16.645 0.0030855 
10 125 6 1 20 0.012 0.0010776 161.96 145.3 16.658 0.0031985 
10 125 6 1 25 0.012 0.0010776 161.92 145.33 16.587 0.0030472 
10 125 6 1 30 0.012 0.0010776 161.98 145.33 16.647 0.0032093 
10 125 6 1 40 0.012 0.0010776 161.9 145.25 16.64 0.0034526 
10 125 6 1 50 0.012 0.0010776 162.05 145.39 16.655 0.0031983 
10 125 6 1 60 0.012 0.0010776 162.02 145.32 16.703 0.0031572 
10 125 6 1 70 0.012 0.0010776 161.94 145.29 16.644 0.0030618 
10 125 6 1 80 0.012 0.0010776 161.92 145.28 16.635 0.0031704 
10 125 6 1 90 0.012 0.0010776 162.02 145.33 16.685 0.0030621 
10 125 6 1 100 0.012 0.0010776 161.93 145.32 16.607 0.003157 
10 150 3 1 2 0.984 0.0025959 803.86 103.85 700 0.0050839 
10 150 3 1 3 0.962 0.0085265 662.56 101.81 560.74 0.0047057 
10 150 3 1 4 0.922 0.020118 502.32 101.6 400.72 0.0042438 
10 150 3 1 5 0.866 0.040657 374.1 101.3 272.8 0.0039776 
10 150 3 1 8 0.734 0.093718 231.36 101.1 130.25 0.0037316 
10 150 3 1 10 0.626 0.11135 220.39 101.5 118.88 0.0040754 
10 150 3 1 12 0.504 0.10937 217.49 101.76 115.72 0.0042635 
10 150 3 1 15 0.328 0.075527 215.03 101.74 113.28 0.0042942 
10 150 3 1 20 0.146 0.0094735 213.7 101.96 111.74 0.0044295 
10 150 3 1 25 0.122 0.0074653 213.34 101.86 111.48 0.0043686 
10 150 3 1 30 0.12 0.0077551 213.48 101.95 111.53 0.0044386 
10 150 3 1 40 0.12 0.0077551 213.46 101.95 111.51 0.0043554 
10 150 3 1 50 0.12 0.0077551 213.61 102.02 111.59 0.0043609 
10 150 3 1 60 0.12 0.0077551 213.32 101.86 111.45 0.0044558 
10 150 3 1 70 0.12 0.0077551 213.41 101.81 111.6 0.0043598 
10 150 3 1 80 0.12 0.0077551 213.53 102.06 111.47 0.0044586 
10 150 3 1 90 0.12 0.0077551 213.42 101.82 111.6 0.0043672 
10 150 3 1 100 0.12 0.0077551 213.37 101.94 111.42 0.0044087 
10 150 4 1 2 0.738 0.091384 323.09 123.29 199.8 0.0033659 
10 150 4 1 3 0.61 0.12663 221.81 122.96 98.844 0.0031511 
10 150 4 1 4 0.488 0.12638 197.82 123.04 74.782 0.0034299 
10 150 4 1 5 0.34 0.10653 192.1 122.89 69.205 0.0037763 
10 150 4 1 8 0.08 0.011429 188.52 122.99 65.525 0.0037986 
10 150 4 1 10 0.048 0.0041796 188.36 123.05 65.306 0.003915 
10 150 4 1 12 0.042 0.0041184 188.27 123.07 65.194 0.0042137 
10 150 4 1 15 0.042 0.0041184 188.04 123.01 65.027 0.0038966 
10 150 4 1 20 0.042 0.0041184 188.08 122.98 65.098 0.0039013 
10 150 4 1 25 0.042 0.0041184 187.91 122.94 64.961 0.0038909 
10 150 4 1 30 0.042 0.0041184 188.17 123.03 65.135 0.0038976 
10 150 4 1 40 0.042 0.0041184 188.14 123.08 65.059 0.0038798 
10 150 4 1 50 0.042 0.0041184 188.33 123.03 65.289 0.0039285 
10 150 4 1 60 0.042 0.0041184 187.94 122.99 64.937 0.0038857 
10 150 4 1 70 0.042 0.0041184 188.2 123.01 65.192 0.0038835 
10 150 4 1 80 0.042 0.0041184 187.94 122.99 64.943 0.0039637 
10 150 4 1 90 0.042 0.0041184 188.3 123.08 65.219 0.0038689 
10 150 4 1 100 0.042 0.0041184 188.03 122.99 65.038 0.0038899 
10 150 5 1 2 0.066 0.0092286 174.25 147.94 26.303 0.0044043 
10 150 5 1 3 0.018 0.0015061 170.35 146.83 23.51 0.0050072 
10 150 5 1 4 0.018 0.0015061 170.39 146.93 23.463 0.0047689 
10 150 5 1 5 0.018 0.0015061 170.34 146.84 23.499 0.0035777 
10 150 5 1 8 0.018 0.0015061 170.43 146.94 23.488 0.0035288 
10 150 5 1 10 0.018 0.0015061 170.42 146.93 23.48 0.0034975 
10 150 5 1 12 0.018 0.0015061 170.32 146.85 23.466 0.0035985 
10 150 5 1 15 0.018 0.0015061 170.34 146.88 23.461 0.0035445 
10 150 5 1 20 0.018 0.0015061 170.41 146.91 23.493 0.0036391 
10 150 5 1 25 0.018 0.0015061 170.33 146.87 23.464 0.0035281 
10 150 5 1 30 0.018 0.0015061 170.38 146.91 23.473 0.0034868 
10 150 5 1 40 0.018 0.0015061 170.36 146.87 23.493 0.0035878 
10 150 5 1 50 0.018 0.0015061 170.34 146.87 23.467 0.0035073 
10 150 5 1 60 0.018 0.0015061 170.39 146.89 23.494 0.003578 
10 150 5 1 70 0.018 0.0015061 170.46 146.96 23.498 0.0034969 
10 150 5 1 80 0.018 0.0015061 170.39 146.91 23.474 0.0035113 
10 150 5 1 90 0.018 0.0015061 170.27 146.85 23.411 0.0036117 
10 150 5 1 100 0.018 0.0015061 170.4 146.92 23.473 0.0035054 
10 200 3 1 2 0.938 0.019547 693.35 123.52 569.82 0.0057191 
10 200 3 1 3 0.874 0.043596 483.56 122.95 360.61 0.0051996 
10 200 3 1 4 0.792 0.068098 344.41 123.18 221.23 0.0051737 
10 200 3 1 5 0.73 0.08949 286.87 122.99 163.87 0.0047202 
10 200 3 1 8 0.374 0.092984 255.32 122.93 132.38 0.005541 
10 200 3 1 10 0.228 0.042465 253.4 123 130.39 0.0057437 
10 200 3 1 12 0.15 0.016429 252.91 123.11 129.8 0.0058157 
10 200 3 1 15 0.12 0.0077551 252.28 122.89 129.39 0.0056808 
10 200 3 1 20 0.12 0.0077551 252.58 123.04 129.53 0.0058079 
10 200 3 1 25 0.12 0.0077551 252.21 122.97 129.24 0.0057415 
10 200 3 1 30 0.12 0.0077551 252.45 123.04 129.41 0.0058272 
10 200 3 1 40 0.12 0.0077551 252.27 122.99 129.28 0.0057558 
10 200 3 1 50 0.12 0.0077551 252.07 122.98 129.08 0.0056765 
10 200 3 1 60 0.12 0.0077551 251.91 122.97 128.94 0.0057779 
10 200 3 1 70 0.12 0.0077551 252.09 122.9 129.19 0.005691 
10 200 3 1 80 0.12 0.0077551 252.49 123.07 129.41 0.0057862 
10 200 3 1 90 0.12 0.0077551 251.56 122.85 128.7 0.0056907 
10 200 3 1 100 0.12 0.0077551 252 122.93 129.06 0.0058263 
10 200 4 1 2 0.798 0.078976 433.2 165.94 267.25 0.0060252 
10 200 4 1 3 0.694 0.11568 291.18 165.03 126.15 0.0054518 
10 200 4 1 4 0.566 0.12637 245.07 165.21 79.849 0.0056488 
10 200 4 1 5 0.466 0.12719 235.93 166.67 69.256 0.0065465 
10 200 4 1 8 0.188 0.064751 231.22 167.2 64.014 0.0068605 
10 200 4 1 10 0.09 0.017653 229.96 167.15 62.797 0.0068379 
10 200 4 1 12 0.056 0.0053714 229.94 167.51 62.415 0.0069841 
10 200 4 1 15 0.042 0.0041184 229.98 167.51 62.455 0.0069869 
10 200 4 1 20 0.042 0.0041184 229.85 167.4 62.435 0.0068669 
10 200 4 1 25 0.042 0.0041184 229.9 167.41 62.488 0.0057614 
10 200 4 1 30 0.042 0.0041184 229.97 167.55 62.417 0.0050839 
10 200 4 1 40 0.042 0.0041184 229.9 167.48 62.407 0.0050841 
10 200 4 1 50 0.042 0.0041184 229.9 167.46 62.435 0.0050269 
10 200 4 1 60 0.042 0.0041184 229.63 167.22 62.401 0.0050431 
10 200 4 1 70 0.042 0.0041184 229.95 167.54 62.408 0.0051145 
10 200 4 1 80 0.042 0.0041184 230.04 167.57 62.469 0.005122 
10 200 4 1 90 0.042 0.0041184 229.97 167.52 62.453 0.0051107 
10 200 4 1 100 0.042 0.0041184 229.58 167.18 62.396 0.0050221 
10 200 5 1 2 0.666 0.11535 298.62 205.54 93.077 0.0038709 
10 200 5 1 3 0.524 0.13492 243.88 205.52 38.355 0.0038395 
10 200 5 1 4 0.384 0.13035 234.45 206.48 27.965 0.004464 
10 200 5 1 5 0.276 0.10023 233.52 207.82 25.696 0.0047216 
10 200 5 1 8 0.088 0.021486 230.44 206.92 23.522 0.0047762 
10 200 5 1 10 0.042 0.0041184 230.03 206.93 23.097 0.0047951 
10 200 5 1 12 0.024 0.0022694 229.73 206.74 22.993 0.0046629 
10 200 5 1 15 0.018 0.0015061 229.85 206.89 22.951 0.0047789 
10 200 5 1 20 0.018 0.0015061 229.81 206.87 22.936 0.0047613 
10 200 5 1 25 0.018 0.0015061 229.85 206.91 22.937 0.004777 
10 200 5 1 30 0.018 0.0015061 229.94 207 22.939 0.0047903 
10 200 5 1 40 0.018 0.0015061 229.82 206.88 22.933 0.0047757 
10 200 5 1 50 0.018 0.0015061 229.81 206.87 22.932 0.0047874 
10 200 5 1 60 0.018 0.0015061 229.89 206.94 22.942 0.0048051 
10 200 5 1 70 0.018 0.0015061 229.82 206.88 22.939 0.0046779 
10 200 5 1 80 0.018 0.0015061 229.71 206.77 22.936 0.0047415 
10 200 5 1 90 0.018 0.0015061 229.86 206.91 22.946 0.0047958 
10 200 5 1 100 0.018 0.0015061 229.94 206.95 22.98 0.0047638 
10 200 6 1 2 0.55 0.1148 283.98 246.02 37.957 0.0040526 
10 200 6 1 3 0.386 0.10694 266.5 246.82 19.668 0.00495 
10 200 6 1 4 0.278 0.084608 264.11 246.98 17.12 0.005041 
10 200 6 1 5 0.186 0.061637 263.22 247.1 16.118 0.0051955 
10 200 6 1 8 0.052 0.013976 261.85 247.03 14.812 0.0051511 
10 200 6 1 10 0.018 0.0015061 261.65 247.11 14.535 0.0051806 
10 200 6 1 12 0.012 0.0010776 261.5 247.05 14.446 0.0051862 
10 200 6 1 15 0.012 0.0010776 261.71 247.21 14.497 0.005361 
10 200 6 1 20 0.012 0.0010776 261.57 247.09 14.476 0.0051721 
10 200 6 1 25 0.012 0.0010776 261.9 247.4 14.498 0.0051991 
10 200 6 1 30 0.012 0.0010776 261.6 247.09 14.501 0.0053373 
10 200 6 1 40 0.012 0.0010776 261.59 247.11 14.473 0.0051924 
10 200 6 1 50 0.012 0.0010776 261.7 247.23 14.468 0.0053639 
10 200 6 1 60 0.012 0.0010776 261.67 247.15 14.515 0.0052194 
10 200 6 1 70 0.012 0.0010776 261.55 247.08 14.466 0.0051649 
10 200 6 1 80 0.012 0.0010776 261.78 247.28 14.491 0.005371 
10 200 6 1 90 0.012 0.0010776 261.54 247.06 14.475 0.0051676 
10 200 6 1 100 0.012 0.0010776 262.64 248.48 14.153 0.0052319 
10 250 3 1 2 0.542 0.094322 315.72 150.26 165.45 0.0067116 
10 250 3 1 3 0.29 0.064592 258.41 149.64 108.77 0.0073823 
10 250 3 1 4 0.176 0.02431 251.82 149.81 102 0.0078468 
10 250 3 1 5 0.12 0.0077551 250.82 149.57 101.25 0.0081656 
10 250 3 1 8 0.12 0.0077551 251.14 149.7 101.43 0.0081109 
10 250 3 1 10 0.12 0.0077551 251.08 149.82 101.25 0.0079818 
10 250 3 1 12 0.12 0.0077551 251.04 149.73 101.3 0.0082574 
10 250 3 1 15 0.12 0.0077551 251.11 149.78 101.32 0.0083169 
10 250 3 1 20 0.12 0.0077551 250.95 149.59 101.35 0.0080418 
10 250 3 1 25 0.12 0.0077551 251.08 149.73 101.33 0.0080064 
10 250 3 1 30 0.12 0.0077551 250.93 149.66 101.26 0.0080371 
10 250 3 1 40 0.12 0.0077551 251 149.64 101.35 0.007836 
10 250 3 1 50 0.12 0.0077551 250.99 149.74 101.24 0.0079855 
10 250 3 1 60 0.12 0.0077551 250.75 149.52 101.22 0.0078466 
10 250 3 1 70 0.12 0.0077551 251.11 149.69 101.41 0.0080206 
10 250 3 1 80 0.12 0.0077551 250.99 149.73 101.25 0.0080255 
10 250 3 1 90 0.12 0.0077551 251.06 149.75 101.3 0.0078733 
10 250 3 1 100 0.12 0.0077551 251.09 149.76 101.32 0.0080152 
10 250 4 1 2 0.842 0.054322 508.51 211.01 297.5 0.0060959 
10 250 4 1 3 0.758 0.083302 346.85 210.53 136.32 0.0053679 
10 250 4 1 4 0.658 0.12371 287.52 210.45 77.069 0.0054733 
10 250 4 1 5 0.586 0.13756 270.96 211.06 59.892 0.0060679 
10 250 4 1 8 0.296 0.094269 262.98 211.5 51.473 0.0064832 
10 250 4 1 10 0.176 0.067576 261.03 211.08 49.938 0.0065863 
10 250 4 1 12 0.094 0.026698 260.95 211.63 49.32 0.0066241 
10 250 4 1 15 0.064 0.015412 261.03 212.1 48.922 0.0068081 
10 250 4 1 20 0.042 0.0041184 259.69 211.03 48.644 0.006643 
10 250 4 1 25 0.042 0.0041184 260.48 211.58 48.895 0.0071234 
10 250 4 1 30 0.042 0.0041184 260.24 211.41 48.829 0.0066024 
10 250 4 1 40 0.042 0.0041184 260.06 211.35 48.708 0.0066268 
10 250 4 1 50 0.042 0.0041184 260.31 211.43 48.874 0.0067466 
10 250 4 1 60 0.042 0.0041184 260.26 211.48 48.778 0.0066345 
10 250 4 1 70 0.042 0.0041184 260.06 211.33 48.731 0.0067459 
10 250 4 1 80 0.042 0.0041184 260.37 211.52 48.848 0.0065841 
10 250 4 1 90 0.042 0.0041184 259.99 211.22 48.76 0.006732 
10 250 4 1 100 0.042 0.0041184 260.12 211.36 48.75 0.0066252 
10 300 4 1 2 0.898 0.033669 623.62 253.34 370.27 0.0073836 
10 300 4 1 3 0.82 0.064898 439.17 252.85 186.31 0.0070013 
10 300 4 1 4 0.74 0.098776 357.13 253.45 103.68 0.0064154 
10 300 4 1 5 0.656 0.11721 329.24 253.45 75.785 0.0071257 
10 300 4 1 8 0.412 0.1321 317 254.2 62.786 0.0079622 
10 300 4 1 10 0.262 0.099955 314.48 253.86 60.61 0.0079822 
10 300 4 1 12 0.166 0.056984 313.93 254.23 59.688 0.0081197 
10 300 4 1 15 0.064 0.0084735 313.35 254.44 58.903 0.0081113 
10 300 4 1 20 0.042 0.0041184 313.02 254.44 58.571 0.0084698 
10 300 4 1 25 0.042 0.0041184 313.1 254.52 58.569 0.0083291 
10 300 4 1 30 0.042 0.0041184 312.82 254.29 58.523 0.0081403 
10 300 4 1 40 0.042 0.0041184 312.99 254.36 58.62 0.0081265 
10 300 4 1 50 0.042 0.0041184 313.02 254.44 58.576 0.00831 
10 300 4 1 60 0.042 0.0041184 312.81 254.17 58.637 0.0081038 
10 300 4 1 70 0.042 0.0041184 312.37 254.01 58.354 0.0081057 
10 300 4 1 80 0.042 0.0041184 312.67 254.15 58.511 0.0081244 
10 300 4 1 90 0.042 0.0041184 312.89 254.32 58.561 0.0083213 
10 300 4 1 100 0.042 0.0041184 312.7 254.28 58.411 0.0081387 
10 400 3 1 2 0.992 0.0011592 998.34 248.25 750.08 0.01294 
10 400 3 1 3 0.978 0.0033837 878.65 247.86 630.78 0.012101 
10 400 3 1 4 0.944 0.014351 730.11 247.55 482.55 0.011672 
10 400 3 1 5 0.91 0.026633 582.7 247.03 335.66 0.010929 
10 400 3 1 8 0.786 0.081229 374.26 246.64 127.61 0.010288 
10 400 3 1 10 0.678 0.12257 352.91 247.73 105.17 0.011486 
10 400 3 1 12 0.604 0.13468 348.53 247.99 100.53 0.011735 
10 400 3 1 15 0.458 0.11636 346.25 248.32 97.919 0.012542 
10 400 3 1 20 0.196 0.028963 343.36 248.33 95.023 0.012185 
10 400 3 1 25 0.122 0.0074653 342.6 248.28 94.305 0.012218 
10 400 3 1 30 0.12 0.0077551 342.48 248.2 94.276 0.012196 
10 400 3 1 40 0.12 0.0077551 342.97 248.54 94.414 0.012431 
10 400 3 1 50 0.12 0.0077551 342.81 248.3 94.505 0.012231 
10 400 3 1 60 0.12 0.0077551 342.74 248.32 94.404 0.01253 
10 400 3 1 70 0.12 0.0077551 342.92 248.52 94.39 0.012428 
10 400 3 1 80 0.12 0.0077551 342.83 248.4 94.425 0.01223 
10 400 3 1 90 0.12 0.0077551 342.71 248.27 94.424 0.012215 
10 400 3 1 100 0.12 0.0077551 342.94 248.55 94.377 0.012484 
