10 1 6 2.1e-05 1 0.114 0.032249 13.814 0.0031977 13.811 0.00017201 
10 5 6 2.1e-05 1 0.524 0.10023 63.932 0.010192 63.922 0.00033811 
10 5 6 2.1e-05 2 0.244 0.072718 4.2134 0.0096958 4.2034 0.00021433 
10 5 6 2.1e-05 3 0.084 0.032392 0.82975 0.0093689 0.82021 0.00014113 
10 5 6 2.1e-05 4 0.028 0.0094041 0.20208 0.0076008 0.19437 9.4065e-05 
10 5 6 2.1e-05 5 0.002 0.0002 0.019183 0.0072925 0.011811 6.4267e-05 
10 10 6 2.1e-05 1 0.7 0.092653 120.91 0.018417 120.89 0.0006171 
10 10 6 2.1e-05 2 0.414 0.1049 12.217 0.017758 12.198 0.00048235 
10 10 6 2.1e-05 3 0.234 0.072494 2.9185 0.017014 2.9012 0.0002609 
10 10 6 2.1e-05 4 0.136 0.041943 1.1849 0.016331 1.1683 0.00021512 
10 10 6 2.1e-05 5 0.074 0.019514 0.58084 0.015312 0.56532 0.00017949 
10 10 6 2.1e-05 8 0.008 0.0019755 0.060338 0.013955 0.046248 0.00011967 
10 10 6 2.1e-05 10 0 0 0.013985 0.013863 4.502e-06 0.00010478 
10 25 6 2.1e-05 1 0.854 0.03682 256.97 0.043369 256.93 0.0012636 
10 25 6 2.1e-05 2 0.668 0.10998 51.664 0.043399 51.619 0.0012748 
10 25 6 2.1e-05 3 0.576 0.13696 13.398 0.041641 13.355 0.00092111 
10 25 6 2.1e-05 4 0.456 0.13517 6.0791 0.040497 6.0379 0.00064345 
10 25 6 2.1e-05 5 0.348 0.11969 4.1859 0.039337 4.1459 0.0005305 
10 25 6 2.1e-05 8 0.172 0.073078 1.7451 0.038195 1.7064 0.00038226 
10 25 6 2.1e-05 10 0.11 0.051939 0.96614 0.037167 0.92856 0.00035882 
10 25 6 2.1e-05 12 0.07 0.036837 0.56281 0.035749 0.5267 0.00031583 
10 25 6 2.1e-05 15 0.04 0.02 0.27515 0.035026 0.23981 0.00028278 
10 25 6 2.1e-05 20 0.004 0.0008 0.057305 0.034478 0.022527 0.00026809 
10 25 6 2.1e-05 25 0 0 0.034334 0.034019 1.7752e-05 0.00026429 
10 50 6 2.1e-05 1 0.922 0.025833 429.88 0.076603 429.8 0.0018652 
10 50 6 2.1e-05 2 0.854 0.055188 143.44 0.076193 143.36 0.0017376 
10 50 6 2.1e-05 3 0.764 0.095412 44.179 0.076801 44.1 0.0017048 
10 50 6 2.1e-05 4 0.714 0.1147 17.582 0.076559 17.504 0.0015299 
10 50 6 2.1e-05 5 0.67 0.12092 10.738 0.076019 10.66 0.0013774 
10 50 6 2.1e-05 8 0.506 0.14343 5.6434 0.074648 5.5675 0.0011648 
10 50 6 2.1e-05 10 0.398 0.11571 4.0787 0.074548 4.003 0.0010747 
10 50 6 2.1e-05 12 0.276 0.10309 2.781 0.073732 2.7062 0.00094991 
10 50 6 2.1e-05 15 0.164 0.068065 1.4949 0.0721 1.4218 0.00089656 
10 50 6 2.1e-05 20 0.084 0.04382 0.64432 0.070067 0.57338 0.00079019 
10 50 6 2.1e-05 25 0.02 0.0044898 0.18978 0.067663 0.12131 0.00074659 
10 50 6 2.1e-05 30 0.008 0.00075102 0.11396 0.067383 0.04579 0.00074042 
10 50 6 2.1e-05 40 0.002 0.0002 0.079985 0.06701 0.012217 0.00070994 
10 50 6 2.1e-05 50 0 0 0.067791 0.066967 5.9006e-05 0.0007232 
10 75 6 2.1e-05 1 0.966 0.010453 545.15 0.11932 545.03 0.0024621 
10 75 6 2.1e-05 2 0.884 0.050351 246.43 0.1193 246.31 0.0024432 
10 75 6 2.1e-05 3 0.816 0.082596 91.606 0.11917 91.485 0.0022797 
10 75 6 2.1e-05 4 0.792 0.090955 35.993 0.12038 35.87 0.0022262 
10 75 6 2.1e-05 5 0.74 0.11429 18.907 0.11748 18.787 0.0020279 
10 75 6 2.1e-05 8 0.636 0.13296 8.4592 0.1139 8.3435 0.0016234 
10 75 6 2.1e-05 10 0.556 0.15149 6.4478 0.11205 6.3341 0.0015198 
10 75 6 2.1e-05 12 0.46 0.15102 4.9692 0.11033 4.8574 0.0013629 
10 75 6 2.1e-05 15 0.354 0.13764 3.6618 0.10922 3.5512 0.0012379 
10 75 6 2.1e-05 20 0.218 0.089669 2.0435 0.1069 1.9353 0.0011353 
10 75 6 2.1e-05 25 0.136 0.069698 1.2084 0.10498 1.1023 0.0010688 
10 75 6 2.1e-05 30 0.09 0.047449 0.75897 0.10259 0.65534 0.00096742 
10 75 6 2.1e-05 40 0.016 0.0042286 0.19535 0.09969 0.094677 0.00092233 
10 75 6 2.1e-05 50 0.004 0.00039184 0.12428 0.099334 0.023953 0.00093622 
10 75 6 2.1e-05 60 0.002 0.0002 0.11178 0.098946 0.011863 0.00092186 
10 75 6 2.1e-05 70 0 0 0.099833 0.098844 4.4674e-05 0.00089483 
10 100 6 2.1e-05 1 0.976 0.003902 641.05 0.15985 640.88 0.0053614 
10 100 6 2.1e-05 2 0.944 0.02782 342.42 0.16078 342.25 0.0053859 
10 100 6 2.1e-05 3 0.89 0.051122 154.27 0.16078 154.1 0.0051401 
10 100 6 2.1e-05 4 0.868 0.06222 66.289 0.16041 66.123 0.005085 
10 100 6 2.1e-05 5 0.826 0.082371 31.553 0.15978 31.388 0.0049778 
10 100 6 2.1e-05 8 0.728 0.1241 11.596 0.15224 11.439 0.0038581 
10 100 6 2.1e-05 10 0.678 0.13604 8.8744 0.14947 8.7218 0.0029738 
10 100 6 2.1e-05 12 0.608 0.14402 7.2967 0.14755 7.1462 0.0027718 
10 100 6 2.1e-05 15 0.494 0.15649 5.5717 0.14498 5.4242 0.0024572 
10 100 6 2.1e-05 20 0.356 0.12741 3.7575 0.14265 3.6128 0.0019543 
10 100 6 2.1e-05 25 0.228 0.093894 2.2209 0.14083 2.0783 0.0017096 
10 100 6 2.1e-05 30 0.156 0.063331 1.2997 0.1404 1.1576 0.0015852 
10 100 6 2.1e-05 40 0.072 0.038792 0.61876 0.13547 0.48185 0.0013862 
10 100 6 2.1e-05 50 0.022 0.006649 0.28324 0.13366 0.14818 0.0013413 
10 100 6 2.1e-05 60 0.01 0.0021429 0.19676 0.1326 0.062773 0.0013354 
10 100 6 2.1e-05 70 0.002 0.0002 0.14507 0.13183 0.011872 0.0013202 
10 100 6 2.1e-05 80 0.002 0.0002 0.14478 0.13156 0.011864 0.0013079 
10 100 6 2.1e-05 90 0 0 0.13233 0.13093 4.0368e-05 0.0013096 
10 100 6 2.1e-05 100 0 0 0.13236 0.13098 3.7712e-05 0.0012857 
10 125 6 2.1e-05 1 0.98 0.0040816 701.62 0.19685 701.42 0.0064831 
10 125 6 2.1e-05 2 0.948 0.013159 435.95 0.1977 435.75 0.0064687 
10 125 6 2.1e-05 3 0.912 0.034547 224.6 0.19775 224.4 0.0065679 
10 125 6 2.1e-05 4 0.872 0.060016 105.22 0.19765 105.02 0.0060933 
10 125 6 2.1e-05 5 0.844 0.073535 50.348 0.19779 50.144 0.0060665 
10 125 6 2.1e-05 8 0.774 0.104 15.386 0.1894 15.191 0.004531 
10 125 6 2.1e-05 10 0.742 0.11636 11.673 0.18674 11.482 0.0041597 
10 125 6 2.1e-05 12 0.684 0.14096 9.1763 0.18423 8.9883 0.0036746 
10 125 6 2.1e-05 15 0.622 0.14991 7.3545 0.18351 7.1674 0.0033889 
10 125 6 2.1e-05 20 0.47 0.14745 4.9461 0.18028 4.7629 0.0028105 
10 125 6 2.1e-05 25 0.332 0.12916 3.5061 0.17734 3.3263 0.0024054 
10 125 6 2.1e-05 30 0.258 0.10616 2.6303 0.17622 2.4517 0.0021894 
10 125 6 2.1e-05 40 0.124 0.061045 1.2488 0.17357 1.0731 0.0020106 
10 125 6 2.1e-05 50 0.06 0.032245 0.58762 0.17044 0.41531 0.0017949 
10 125 6 2.1e-05 60 0.028 0.0077714 0.35247 0.16911 0.18151 0.0017913 
10 125 6 2.1e-05 70 0.016 0.0042286 0.26686 0.16911 0.095768 0.0018994 
10 125 6 2.1e-05 80 0.006 0.00057551 0.20636 0.16859 0.03592 0.0017694 
10 125 6 2.1e-05 90 0.004 0.00039184 0.19379 0.16778 0.024167 0.0017788 
10 125 6 2.1e-05 100 0.002 0.0002 0.18171 0.16803 0.011858 0.0017546 
10 125 6 2.1e-05 125 0 0 0.16904 0.16719 3.4816e-05 0.0017483 
10 150 6 2.1e-05 1 0.992 0.0011592 744.23 0.234 743.99 0.0078871 
10 150 6 2.1e-05 2 0.952 0.014384 509.17 0.2337 508.93 0.0077981 
10 150 6 2.1e-05 3 0.924 0.030841 293.6 0.23368 293.36 0.0074937 
10 150 6 2.1e-05 4 0.878 0.058486 150.85 0.23385 150.61 0.0074363 
10 150 6 2.1e-05 5 0.86 0.071429 75.85 0.23477 75.608 0.0073088 
10 150 6 2.1e-05 8 0.786 0.10409 18.936 0.22875 18.701 0.0064381 
10 150 6 2.1e-05 10 0.76 0.11061 13.238 0.22347 13.009 0.0053209 
10 150 6 2.1e-05 12 0.724 0.13696 10.797 0.22034 10.572 0.0050104 
10 150 6 2.1e-05 15 0.654 0.1507 8.5269 0.2188 8.3036 0.0043076 
10 150 6 2.1e-05 20 0.55 0.15439 6.2921 0.21558 6.0726 0.0037392 
10 150 6 2.1e-05 25 0.446 0.15315 4.77 0.21242 4.5541 0.0033832 
10 150 6 2.1e-05 30 0.334 0.13413 3.41 0.20936 3.1978 0.0026975 
10 150 6 2.1e-05 40 0.196 0.081208 1.82 0.20969 1.6077 0.0024941 
10 150 6 2.1e-05 50 0.12 0.066122 1.1668 0.20783 0.95643 0.0024639 
10 150 6 2.1e-05 60 0.082 0.048037 0.74648 0.21056 0.53356 0.002285 
10 150 6 2.1e-05 70 0.042 0.017996 0.47366 0.20657 0.26473 0.002292 
10 150 6 2.1e-05 80 0.018 0.0043633 0.31852 0.20793 0.10808 0.0024415 
10 150 6 2.1e-05 90 0.016 0.0042286 0.30044 0.20455 0.093517 0.0023117 
10 150 6 2.1e-05 100 0.012 0.0027102 0.27431 0.20446 0.067529 0.002256 
10 150 6 2.1e-05 125 0 0 0.2079 0.2055 3.2097e-05 0.0023031 
10 150 6 2.1e-05 150 0 0 0.20814 0.20575 2.767e-05 0.0022969 
10 200 6 2.1e-05 1 0.99 0.0021429 808.39 0.3068 808.07 0.010301 
10 200 6 2.1e-05 2 0.98 0.0044898 629.99 0.30825 629.67 0.010323 
10 200 6 2.1e-05 3 0.95 0.015612 432.18 0.30635 431.86 0.010143 
10 200 6 2.1e-05 4 0.92 0.034694 263.94 0.30643 263.62 0.0099582 
10 200 6 2.1e-05 5 0.894 0.045473 148.18 0.30681 147.86 0.0098251 
10 200 6 2.1e-05 8 0.838 0.084445 30.693 0.30412 30.379 0.0093937 
10 200 6 2.1e-05 10 0.8 0.1 18.74 0.29558 18.436 0.007949 
10 200 6 2.1e-05 12 0.78 0.10571 14.547 0.29319 14.247 0.0073683 
10 200 6 2.1e-05 15 0.746 0.11519 11.601 0.28982 11.304 0.0066483 
10 200 6 2.1e-05 20 0.662 0.14649 8.8208 0.28623 8.5284 0.0059107 
10 200 6 2.1e-05 25 0.582 0.1562 6.9881 0.28336 6.6992 0.0053407 
10 200 6 2.1e-05 30 0.496 0.16243 5.5318 0.28092 5.246 0.0046902 
10 200 6 2.1e-05 40 0.35 0.13316 3.7056 0.27731 3.4242 0.0039241 
10 200 6 2.1e-05 50 0.236 0.097861 2.3783 0.2758 2.0988 0.0035427 
10 200 6 2.1e-05 60 0.14 0.074694 1.5131 0.27521 1.2345 0.0033594 
10 200 6 2.1e-05 70 0.102 0.054894 1.0204 0.27498 0.74215 0.0031584 
10 200 6 2.1e-05 80 0.06 0.026122 0.67162 0.2736 0.39459 0.0033438 
10 200 6 2.1e-05 90 0.036 0.012555 0.51095 0.27251 0.23522 0.0031386 
10 200 6 2.1e-05 100 0.022 0.0070571 0.41003 0.27284 0.13396 0.003142 
10 200 6 2.1e-05 125 0.01 0.0017347 0.33127 0.27367 0.054402 0.0031224 
10 200 6 2.1e-05 150 0.002 0.0002 0.28754 0.27246 0.011869 0.0031335 
10 200 6 2.1e-05 200 0 0 0.27672 0.27326 4.2016e-05 0.0033391 
10 250 6 2.1e-05 1 0.996 0.00039184 835.29 0.37914 834.89 0.012551 
10 250 6 2.1e-05 2 0.984 0.0021878 714.51 0.37717 714.12 0.012503 
10 250 6 2.1e-05 3 0.966 0.0088204 543.37 0.37697 542.98 0.012391 
10 250 6 2.1e-05 4 0.94 0.021633 371.45 0.37756 371.06 0.012097 
10 250 6 2.1e-05 5 0.924 0.035739 235.01 0.3707 234.63 0.0111 
10 250 6 2.1e-05 8 0.876 0.064718 53.212 0.35472 52.848 0.0092469 
10 250 6 2.1e-05 10 0.856 0.074759 27.924 0.35305 27.562 0.008925 
10 250 6 2.1e-05 12 0.826 0.08482 19.832 0.34928 19.474 0.0084096 
10 250 6 2.1e-05 15 0.784 0.10219 15.208 0.34805 14.853 0.0074338 
10 250 6 2.1e-05 20 0.698 0.14306 10.828 0.34569 10.475 0.0069765 
10 250 6 2.1e-05 25 0.666 0.15576 8.9069 0.34406 8.5563 0.0064352 
10 250 6 2.1e-05 30 0.59 0.16745 7.1515 0.34287 6.8025 0.0059197 
10 250 6 2.1e-05 40 0.47 0.16663 5.1182 0.34055 4.7721 0.0054087 
10 250 6 2.1e-05 50 0.342 0.14983 3.5803 0.34025 3.2348 0.005058 
10 250 6 2.1e-05 60 0.254 0.11151 2.6138 0.33891 2.2701 0.0046521 
10 250 6 2.1e-05 70 0.176 0.07982 1.8976 0.33877 1.5543 0.0044225 
10 250 6 2.1e-05 80 0.132 0.067935 1.5146 0.33832 1.1718 0.0044593 
10 250 6 2.1e-05 90 0.1 0.058776 1.1088 0.33906 0.76519 0.0044226 
10 250 6 2.1e-05 100 0.072 0.044506 0.83882 0.33671 0.49773 0.004292 
10 250 6 2.1e-05 125 0.022 0.0058327 0.4788 0.33676 0.13735 0.0046005 
10 250 6 2.1e-05 150 0.014 0.0028612 0.42491 0.33562 0.084919 0.0042976 
10 250 6 2.1e-05 200 0.002 0.0002 0.35301 0.33665 0.011851 0.0044248 
10 250 6 2.1e-05 250 0 0 0.34066 0.33622 4.8187e-05 0.0043 
10 300 6 2.1e-05 1 1 0 855.61 0.42291 855.17 0.01056 
10 300 6 2.1e-05 2 0.996 0.00039184 771.94 0.42362 771.51 0.010576 
10 300 6 2.1e-05 3 0.986 0.0024531 636.16 0.42187 635.73 0.010417 
10 300 6 2.1e-05 4 0.972 0.0077714 478.94 0.41724 478.51 0.010268 
10 300 6 2.1e-05 5 0.952 0.017241 331.97 0.4043 331.55 0.010307 
10 300 6 2.1e-05 8 0.884 0.058514 85.6 0.40461 85.185 0.010048 
10 300 6 2.1e-05 10 0.854 0.069473 39.124 0.40468 38.709 0.0099904 
10 300 6 2.1e-05 12 0.834 0.080657 24.221 0.40339 23.807 0.0094833 
10 300 6 2.1e-05 15 0.804 0.089371 17.245 0.40467 16.832 0.008297 
10 300 6 2.1e-05 20 0.766 0.11004 13.376 0.4038 12.964 0.0076078 
10 300 6 2.1e-05 25 0.714 0.13633 10.639 0.40486 10.227 0.0074617 
10 300 6 2.1e-05 30 0.682 0.13865 8.8876 0.40452 8.476 0.0069008 
10 300 6 2.1e-05 40 0.556 0.15435 6.5392 0.40476 6.128 0.0062927 
10 300 6 2.1e-05 50 0.44 0.15429 4.894 0.40367 4.4846 0.0055449 
10 300 6 2.1e-05 60 0.35 0.14541 3.7577 0.40434 3.3479 0.0053659 
10 300 6 2.1e-05 70 0.264 0.11051 2.8072 0.40328 2.3989 0.0048605 
10 300 6 2.1e-05 80 0.198 0.088771 2.1112 0.40508 1.7012 0.0048259 
10 300 6 2.1e-05 90 0.15 0.07398 1.6748 0.40487 1.2652 0.0046601 
10 300 6 2.1e-05 100 0.12 0.067755 1.3787 0.40384 0.9703 0.0044554 
10 300 6 2.1e-05 125 0.048 0.025812 0.71564 0.40208 0.30889 0.0045908 
10 300 6 2.1e-05 150 0.02 0.0069388 0.53121 0.40598 0.12067 0.0044761 
10 300 6 2.1e-05 200 0.012 0.0035265 0.48129 0.40168 0.075125 0.0044093 
10 300 6 2.1e-05 250 0.002 0.0002 0.41894 0.40254 0.011875 0.0044539 
10 300 6 2.1e-05 300 0 0 0.40683 0.40215 5.1745e-05 0.0045583 
10 350 6 2.1e-05 1 1 0 864.59 0.49435 864.08 0.0096309 
10 350 6 2.1e-05 2 0.996 0.00039184 814.29 0.49342 813.79 0.0096935 
10 350 6 2.1e-05 3 0.984 0.0030041 709.03 0.49578 708.53 0.0096376 
10 350 6 2.1e-05 4 0.978 0.0050163 571.15 0.4812 570.66 0.0083058 
10 350 6 2.1e-05 5 0.962 0.010976 425.13 0.47715 424.64 0.0077258 
10 350 6 2.1e-05 8 0.912 0.046792 130.74 0.47648 130.26 0.0075571 
10 350 6 2.1e-05 10 0.89 0.052755 59.378 0.47873 58.892 0.0074647 
10 350 6 2.1e-05 12 0.866 0.065555 32.611 0.47673 32.127 0.0073409 
10 350 6 2.1e-05 15 0.81 0.094796 20.764 0.47411 20.282 0.0069143 
10 350 6 2.1e-05 20 0.784 0.10627 15.14 0.47255 14.66 0.0066572 
10 350 6 2.1e-05 25 0.754 0.12253 12.373 0.47129 11.895 0.0065465 
10 350 6 2.1e-05 30 0.716 0.13525 10.414 0.47167 9.9352 0.006432 
10 350 6 2.1e-05 40 0.636 0.14602 7.6034 0.46824 7.1288 0.0062029 
10 350 6 2.1e-05 50 0.522 0.16216 6.0639 0.46741 5.5903 0.0059593 
10 350 6 2.1e-05 60 0.416 0.16219 4.6552 0.46714 4.1822 0.0057366 
10 350 6 2.1e-05 70 0.334 0.14433 3.8019 0.46821 3.3278 0.0057357 
10 350 6 2.1e-05 80 0.29 0.12704 3.0923 0.46646 2.6201 0.00555 
10 350 6 2.1e-05 90 0.22 0.090612 2.432 0.46711 1.9592 0.0055347 
10 350 6 2.1e-05 100 0.164 0.076637 1.8758 0.46615 1.4037 0.0058475 
10 350 6 2.1e-05 125 0.1 0.059592 1.2077 0.46535 0.73676 0.0054684 
10 350 6 2.1e-05 150 0.052 0.029894 0.80143 0.4636 0.33231 0.0054258 
10 350 6 2.1e-05 200 0.016 0.0042286 0.56331 0.46423 0.093593 0.0053989 
10 350 6 2.1e-05 250 0.004 0.00039184 0.4935 0.46391 0.024103 0.0054058 
10 350 6 2.1e-05 300 0 0 0.46985 0.46425 5.3223e-05 0.0054759 
10 400 6 2.1e-05 1 1 0 871.98 0.56684 871.4 0.011774 
10 400 6 2.1e-05 2 0.998 0.0002 831.43 0.56586 830.86 0.011824 
10 400 6 2.1e-05 3 0.99 0.0021429 751.28 0.56716 750.7 0.011726 
10 400 6 2.1e-05 4 0.974 0.008902 638.37 0.54352 637.82 0.010387 
10 400 6 2.1e-05 5 0.964 0.014188 504.01 0.54217 503.46 0.010268 
10 400 6 2.1e-05 8 0.91 0.051122 187.79 0.54023 187.24 0.0099666 
10 400 6 2.1e-05 10 0.892 0.059527 87.284 0.54217 86.731 0.0098708 
10 400 6 2.1e-05 12 0.872 0.067771 46.131 0.54175 45.579 0.0099012 
10 400 6 2.1e-05 15 0.848 0.0752 25.852 0.54035 25.302 0.0094423 
10 400 6 2.1e-05 20 0.806 0.090371 16.923 0.53822 16.376 0.0087725 
10 400 6 2.1e-05 25 0.754 0.11927 13.852 0.53605 13.308 0.0083197 
10 400 6 2.1e-05 30 0.73 0.13031 11.739 0.53483 11.196 0.0081169 
10 400 6 2.1e-05 40 0.666 0.14229 9.0073 0.53583 8.4635 0.0077917 
10 400 6 2.1e-05 50 0.562 0.16077 6.88 0.53249 6.34 0.0073615 
10 400 6 2.1e-05 60 0.482 0.16436 5.5804 0.53433 5.0389 0.0070682 
10 400 6 2.1e-05 70 0.406 0.16466 4.5695 0.53113 4.0315 0.0067772 
10 400 6 2.1e-05 80 0.348 0.14826 3.8558 0.53264 3.3164 0.0066178 
10 400 6 2.1e-05 90 0.294 0.12915 3.2313 0.53188 2.6928 0.0065203 
10 400 6 2.1e-05 100 0.246 0.10702 2.7229 0.53123 2.1852 0.0063496 
10 400 6 2.1e-05 125 0.14 0.076735 1.6515 0.53082 1.1144 0.006218 
10 400 6 2.1e-05 150 0.09 0.053571 1.1239 0.53022 0.58732 0.0062216 
10 400 6 2.1e-05 200 0.018 0.0059959 0.64458 0.52957 0.10882 0.006102 
10 400 6 2.1e-05 250 0.016 0.0042286 0.62915 0.52957 0.093392 0.0061097 
10 400 6 2.1e-05 300 0.002 0.0002 0.54725 0.52913 0.011856 0.0061826 
10 400 6 2.1e-05 400 0 0 0.53509 0.52885 5.5364e-05 0.0060957 
10 500 6 2.1e-05 1 1 0 875.33 0.68601 874.63 0.0093905 
10 500 6 2.1e-05 2 1 0 855.32 0.68331 854.62 0.0094892 
10 500 6 2.1e-05 3 0.996 0.00039184 811.71 0.68032 811.02 0.009805 
10 500 6 2.1e-05 4 0.99 0.0021429 746.5 0.65959 745.83 0.009923 
10 500 6 2.1e-05 5 0.98 0.0061224 647.73 0.66031 647.06 0.0095076 
10 500 6 2.1e-05 8 0.948 0.027853 318.8 0.65982 318.13 0.009266 
10 500 6 2.1e-05 10 0.926 0.03829 168.22 0.65904 167.55 0.0091062 
10 500 6 2.1e-05 12 0.904 0.047331 86.405 0.65905 85.737 0.0090301 
10 500 6 2.1e-05 15 0.878 0.065833 40.215 0.66085 39.545 0.0089762 
10 500 6 2.1e-05 20 0.832 0.083853 22.323 0.65901 21.655 0.0089845 
10 500 6 2.1e-05 25 0.794 0.096086 17.11 0.65881 16.442 0.0083386 
10 500 6 2.1e-05 30 0.762 0.11098 14.308 0.65861 13.641 0.0082014 
10 500 6 2.1e-05 40 0.714 0.13266 11.234 0.66191 10.564 0.0080103 
10 500 6 2.1e-05 50 0.674 0.14523 8.9694 0.66038 8.301 0.0077978 
10 500 6 2.1e-05 60 0.63 0.1601 7.4877 0.65833 6.8215 0.0076448 
10 500 6 2.1e-05 70 0.534 0.15535 6.3522 0.65841 5.6861 0.0075284 
10 500 6 2.1e-05 80 0.448 0.14744 5.3971 0.65837 4.7311 0.0074055 
10 500 6 2.1e-05 90 0.386 0.15388 4.6023 0.65736 3.9374 0.0073639 
10 500 6 2.1e-05 100 0.358 0.15759 4.1408 0.6579 3.4754 0.0073541 
10 500 6 2.1e-05 125 0.246 0.10417 2.8188 0.65781 2.1537 0.0072125 
10 500 6 2.1e-05 150 0.148 0.076016 2.0012 0.65855 1.3355 0.0070978 
10 500 6 2.1e-05 200 0.08 0.048571 1.1794 0.65708 0.51509 0.0070951 
10 500 6 2.1e-05 250 0.022 0.0050163 0.79919 0.65677 0.13536 0.0069806 
10 500 6 2.1e-05 300 0.016 0.0042286 0.75818 0.65654 0.094528 0.0070349 
10 500 6 2.1e-05 400 0.002 0.0002 0.67521 0.65616 0.011863 0.0071086 
10 500 6 2.1e-05 500 0 0 0.66361 0.65645 5.1911e-05 0.0070384 
10 600 6 2.1e-05 1 1 0 885.38 0.80968 884.56 0.011679 
10 600 6 2.1e-05 2 1 0 870.39 0.81187 869.57 0.011864 
10 600 6 2.1e-05 3 0.996 0.00039184 852.09 0.80422 851.27 0.012078 
10 600 6 2.1e-05 4 0.986 0.0032694 808.83 0.78925 808.03 0.011857 
10 600 6 2.1e-05 5 0.984 0.0042286 741.22 0.79004 740.42 0.011781 
10 600 6 2.1e-05 8 0.952 0.021322 453.56 0.78998 452.76 0.011568 
10 600 6 2.1e-05 10 0.93 0.035204 274.43 0.79046 273.62 0.011439 
10 600 6 2.1e-05 12 0.922 0.043792 153.7 0.79077 152.89 0.011347 
10 600 6 2.1e-05 15 0.892 0.05871 67.641 0.78967 66.84 0.011205 
10 600 6 2.1e-05 20 0.854 0.071106 29.404 0.78984 28.603 0.010887 
10 600 6 2.1e-05 25 0.82 0.087755 20.354 0.78877 19.554 0.010607 
10 600 6 2.1e-05 30 0.788 0.099037 16.849 0.78862 16.05 0.010116 
10 600 6 2.1e-05 40 0.738 0.12893 13.472 0.7906 12.671 0.0098756 
10 600 6 2.1e-05 50 0.702 0.14102 10.873 0.78806 10.075 0.0097751 
10 600 6 2.1e-05 60 0.658 0.14942 9.1616 0.7876 8.364 0.0098028 
10 600 6 2.1e-05 70 0.606 0.15894 7.6847 0.78752 6.8876 0.0093222 
10 600 6 2.1e-05 80 0.558 0.16412 6.7724 0.78799 5.9751 0.0091283 
10 600 6 2.1e-05 90 0.496 0.16611 6.0094 0.78746 5.2128 0.0090052 
10 600 6 2.1e-05 100 0.436 0.15419 5.3007 0.78622 4.5055 0.0088654 
10 600 6 2.1e-05 125 0.322 0.14542 3.8071 0.78582 3.0124 0.0086863 
10 600 6 2.1e-05 150 0.212 0.092098 2.7218 0.78517 1.928 0.0084993 
10 600 6 2.1e-05 200 0.112 0.065567 1.6833 0.78733 0.88752 0.008391 
10 600 6 2.1e-05 250 0.058 0.034731 1.1623 0.78722 0.36668 0.0083567 
10 600 6 2.1e-05 300 0.018 0.0051796 0.90329 0.78503 0.10991 0.008262 
10 600 6 2.1e-05 400 0.01 0.0013265 0.85518 0.78624 0.060467 0.0083852 
10 600 6 2.1e-05 500 0 0 0.79337 0.78498 5.3801e-05 0.0082643 
10 700 6 2.1e-05 1 1 0 881.04 0.95542 880.06 0.016779 
10 700 6 2.1e-05 2 1 0 882.22 0.95458 881.25 0.0168 
10 700 6 2.1e-05 3 0.998 0.0002 867.92 0.94248 866.96 0.017139 
10 700 6 2.1e-05 4 0.998 0.0002 838.97 0.93203 838.02 0.016984 
10 700 6 2.1e-05 5 0.99 0.0013265 795.77 0.93037 794.83 0.01698 
10 700 6 2.1e-05 8 0.974 0.0056367 569 0.92975 568.05 0.016765 
10 700 6 2.1e-05 10 0.952 0.015608 391.2 0.93088 390.26 0.016546 
10 700 6 2.1e-05 12 0.93 0.035612 245.08 0.93111 244.13 0.016305 
10 700 6 2.1e-05 15 0.912 0.050873 112.62 0.93022 111.67 0.016181 
10 700 6 2.1e-05 20 0.88 0.065306 41.232 0.92991 40.286 0.016004 
10 700 6 2.1e-05 25 0.848 0.074384 25.242 0.92875 24.298 0.015327 
10 700 6 2.1e-05 30 0.822 0.0842 19.532 0.9258 18.592 0.014597 
10 700 6 2.1e-05 40 0.778 0.10583 14.924 0.92152 13.989 0.01357 
10 700 6 2.1e-05 50 0.734 0.1227 12.3 0.92053 11.366 0.013352 
10 700 6 2.1e-05 60 0.704 0.14121 10.465 0.92063 9.5312 0.012836 
10 700 6 2.1e-05 70 0.674 0.14686 9.1598 0.91761 8.2297 0.012301 
10 700 6 2.1e-05 80 0.62 0.15633 7.8302 0.91731 6.9006 0.012065 
10 700 6 2.1e-05 90 0.566 0.16841 7.1545 0.91705 6.2255 0.011818 
10 700 6 2.1e-05 100 0.512 0.17087 6.4015 0.91759 5.472 0.011765 
10 700 6 2.1e-05 125 0.402 0.15938 4.9159 0.91533 3.9893 0.011177 
10 700 6 2.1e-05 150 0.318 0.13947 3.8089 0.91625 2.8817 0.010793 
10 700 6 2.1e-05 200 0.152 0.076424 2.2423 0.91235 1.3191 0.010812 
10 700 6 2.1e-05 250 0.098 0.055302 1.6569 0.91319 0.73349 0.010091 
10 700 6 2.1e-05 300 0.05 0.028673 1.2468 0.91259 0.32406 0.010059 
10 700 6 2.1e-05 400 0.016 0.0042286 1.0194 0.91427 0.095187 0.0098866 
10 700 6 2.1e-05 500 0.004 0.00039184 0.94598 0.91162 0.024253 0.010029 
10 800 6 2.1e-05 1 1 0 882.01 1.0669 880.93 0.015918 
10 800 6 2.1e-05 2 1 0 879.46 1.0684 878.37 0.015953 
10 800 6 2.1e-05 3 1 0 865.13 1.075 864.04 0.016086 
10 800 6 2.1e-05 4 1 0 854.7 1.087 853.6 0.015901 
10 800 6 2.1e-05 5 1 0 827.11 1.0897 826 0.015927 
10 800 6 2.1e-05 8 0.99 0.0017347 655.06 1.0869 653.95 0.015829 
10 800 6 2.1e-05 10 0.968 0.008751 491.77 1.0885 490.66 0.015657 
10 800 6 2.1e-05 12 0.948 0.024588 337.32 1.0877 336.22 0.015507 
10 800 6 2.1e-05 15 0.922 0.042159 171.09 1.0846 169.99 0.015415 
10 800 6 2.1e-05 20 0.88 0.064898 59.1 1.0893 57.995 0.015313 
10 800 6 2.1e-05 25 0.852 0.075608 31.772 1.085 30.672 0.014937 
10 800 6 2.1e-05 30 0.834 0.083922 23.363 1.086 22.262 0.014408 
10 800 6 2.1e-05 40 0.804 0.092229 17.192 1.082 16.096 0.013674 
10 800 6 2.1e-05 50 0.766 0.11535 14.226 1.0827 13.129 0.013582 
10 800 6 2.1e-05 60 0.74 0.12653 12.1 1.08 11.006 0.013318 
10 800 6 2.1e-05 70 0.7 0.13837 10.422 1.0825 9.3265 0.013009 
10 800 6 2.1e-05 80 0.666 0.148 9.051 1.0813 7.9569 0.012635 
10 800 6 2.1e-05 90 0.628 0.15757 8.0868 1.0843 6.9899 0.012494 
10 800 6 2.1e-05 100 0.584 0.16872 7.3847 1.0785 6.2936 0.012409 
10 800 6 2.1e-05 125 0.468 0.16467 5.9597 1.0804 4.8669 0.012177 
10 800 6 2.1e-05 150 0.382 0.15742 4.7914 1.0817 3.6977 0.011844 
10 800 6 2.1e-05 200 0.232 0.096506 3.1953 1.0827 2.1013 0.011215 
10 800 6 2.1e-05 250 0.138 0.076282 2.2196 1.0805 1.1279 0.011035 
10 800 6 2.1e-05 300 0.09 0.053163 1.694 1.0819 0.60057 0.011417 
10 800 6 2.1e-05 400 0.018 0.0051796 1.2045 1.0846 0.10877 0.011054 
10 800 6 2.1e-05 500 0.016 0.0042286 1.188 1.0827 0.094379 0.010892 
10 900 6 2.1e-05 1 1 0 883.43 1.198 882.21 0.019511 
10 900 6 2.1e-05 2 1 0 881.91 1.2003 880.69 0.01955 
10 900 6 2.1e-05 3 1 0 876.5 1.1863 875.29 0.019854 
10 900 6 2.1e-05 4 1 0 858.14 1.1787 856.94 0.019896 
10 900 6 2.1e-05 5 0.996 0.00039184 845.75 1.1775 844.56 0.01985 
10 900 6 2.1e-05 8 0.986 0.0028612 722.71 1.1765 721.51 0.019748 
10 900 6 2.1e-05 10 0.974 0.0097184 587.06 1.1776 585.86 0.019479 
10 900 6 2.1e-05 12 0.968 0.0112 437.97 1.1751 436.77 0.019355 
10 900 6 2.1e-05 15 0.944 0.030269 245.91 1.1747 244.72 0.019187 
10 900 6 2.1e-05 20 0.91 0.048673 83.804 1.176 82.608 0.019358 
10 900 6 2.1e-05 25 0.876 0.065127 40.332 1.1763 39.137 0.018933 
10 900 6 2.1e-05 30 0.848 0.074384 27.401 1.1738 26.209 0.018214 
10 900 6 2.1e-05 40 0.814 0.089392 18.95 1.171 17.761 0.017715 
10 900 6 2.1e-05 50 0.782 0.10477 15.595 1.1733 14.405 0.016568 
10 900 6 2.1e-05 60 0.746 0.12825 13.31 1.1719 12.122 0.016086 
10 900 6 2.1e-05 70 0.724 0.13411 11.91 1.1725 10.721 0.015784 
10 900 6 2.1e-05 80 0.698 0.14387 10.558 1.1719 9.3703 0.015511 
10 900 6 2.1e-05 90 0.67 0.14663 9.2094 1.1729 8.0207 0.015572 
10 900 6 2.1e-05 100 0.628 0.14818 8.2824 1.1698 7.0975 0.014916 
10 900 6 2.1e-05 125 0.526 0.1689 6.7787 1.171 5.5933 0.014257 
10 900 6 2.1e-05 150 0.42 0.15918 5.5538 1.1691 4.3708 0.013826 
10 900 6 2.1e-05 200 0.298 0.14102 3.893 1.1685 2.7109 0.013387 
10 900 6 2.1e-05 250 0.178 0.084608 2.8116 1.1701 1.6284 0.013044 
10 900 6 2.1e-05 300 0.122 0.06869 2.1628 1.1685 0.98164 0.012573 
10 900 6 2.1e-05 400 0.04 0.018776 1.4324 1.1673 0.25247 0.012604 
10 900 6 2.1e-05 500 0.016 0.0042286 1.2743 1.1671 0.094254 0.012876 
10 1000 6 2.1e-05 1 1 0 888.07 1.3258 886.72 0.023362 
10 1000 6 2.1e-05 2 1 0 886.7 1.3247 885.35 0.023302 
10 1000 6 2.1e-05 3 1 0 873.32 1.3089 872 0.018295 
10 1000 6 2.1e-05 4 1 0 873.48 1.2987 872.17 0.016072 
10 1000 6 2.1e-05 5 1 0 861.33 1.2992 860.01 0.016047 
10 1000 6 2.1e-05 8 0.998 0.0002 775.05 1.298 773.74 0.016019 
10 1000 6 2.1e-05 10 0.994 0.00098367 666.29 1.3032 664.97 0.015962 
10 1000 6 2.1e-05 12 0.97 0.0086735 529.04 1.2991 527.73 0.015855 
10 1000 6 2.1e-05 15 0.948 0.024588 326.21 1.2993 324.9 0.015704 
10 1000 6 2.1e-05 20 0.91 0.050306 122.01 1.2989 120.7 0.015539 
10 1000 6 2.1e-05 25 0.884 0.06382 53.416 1.299 52.101 0.015497 
10 1000 6 2.1e-05 30 0.864 0.068882 33.14 1.3024 31.821 0.015439 
10 1000 6 2.1e-05 40 0.824 0.085535 21.251 1.296 19.939 0.015407 
10 1000 6 2.1e-05 50 0.788 0.10393 16.883 1.2982 15.569 0.015318 
10 1000 6 2.1e-05 60 0.762 0.11751 14.54 1.295 13.229 0.01571 
10 1000 6 2.1e-05 70 0.742 0.12249 13.037 1.2975 11.724 0.015354 
10 1000 6 2.1e-05 80 0.722 0.13196 11.539 1.2977 10.225 0.015317 
10 1000 6 2.1e-05 90 0.702 0.1402 10.307 1.2941 8.9969 0.015576 
10 1000 6 2.1e-05 100 0.678 0.14665 9.3189 1.2962 8.0073 0.015264 
10 1000 6 2.1e-05 125 0.568 0.15814 7.4852 1.2955 6.1743 0.015174 
10 1000 6 2.1e-05 150 0.496 0.16733 6.5799 1.2952 5.2694 0.01522 
10 1000 6 2.1e-05 200 0.348 0.15847 4.6024 1.2918 3.2953 0.015221 
10 1000 6 2.1e-05 250 0.242 0.10493 3.4036 1.2926 2.0957 0.015122 
10 1000 6 2.1e-05 300 0.152 0.080506 2.6264 1.2931 1.3182 0.015074 
10 1000 6 2.1e-05 400 0.076 0.042678 1.7954 1.2924 0.48777 0.01518 
10 1000 6 2.1e-05 500 0.018 0.0051796 1.4161 1.2921 0.10843 0.015474 
10 1250 6 2.1e-05 1 1 0 879.32 1.6449 877.65 0.021037 
10 1250 6 2.1e-05 2 1 0 885.21 1.6436 883.55 0.0212 
10 1250 6 2.1e-05 3 1 0 884.18 1.6302 882.53 0.021329 
10 1250 6 2.1e-05 4 1 0 881.18 1.6271 879.53 0.021765 
10 1250 6 2.1e-05 5 1 0 877.07 1.628 875.42 0.02138 
10 1250 6 2.1e-05 8 1 0 839.41 1.6273 837.76 0.021699 
10 1250 6 2.1e-05 10 0.992 0.0011592 783.53 1.6246 781.89 0.021298 
10 1250 6 2.1e-05 12 0.982 0.0039551 697.28 1.626 695.63 0.021295 
10 1250 6 2.1e-05 15 0.966 0.012494 527.53 1.6299 525.88 0.02112 
10 1250 6 2.1e-05 20 0.932 0.038139 254.81 1.6279 253.16 0.020812 
10 1250 6 2.1e-05 25 0.92 0.04898 110.94 1.6264 109.3 0.020631 
10 1250 6 2.1e-05 30 0.904 0.058759 54.037 1.6317 52.385 0.020809 
10 1250 6 2.1e-05 40 0.858 0.073098 28.033 1.6367 26.375 0.020688 
10 1250 6 2.1e-05 50 0.834 0.083922 21.9 1.6248 20.256 0.019816 
10 1250 6 2.1e-05 60 0.816 0.091984 17.899 1.6236 16.256 0.019583 
10 1250 6 2.1e-05 70 0.778 0.10257 15.801 1.6186 14.163 0.019109 
10 1250 6 2.1e-05 80 0.752 0.11806 14.366 1.62 12.727 0.01931 
10 1250 6 2.1e-05 90 0.73 0.13276 13.27 1.6213 11.629 0.019018 
10 1250 6 2.1e-05 100 0.722 0.13277 12.102 1.6167 10.466 0.018995 
10 1250 6 2.1e-05 125 0.688 0.14638 9.6737 1.6177 8.0373 0.018575 
10 1250 6 2.1e-05 150 0.608 0.1583 8.1414 1.6172 6.5056 0.018521 
10 1250 6 2.1e-05 200 0.442 0.16126 6.2793 1.6158 4.6455 0.017929 
10 1250 6 2.1e-05 250 0.352 0.15479 5.0293 1.6138 3.3977 0.017677 
10 1250 6 2.1e-05 300 0.252 0.11316 3.9332 1.6134 2.3021 0.017644 
10 1250 6 2.1e-05 400 0.128 0.069404 2.7132 1.6136 1.0822 0.017256 
10 1250 6 2.1e-05 500 0.076 0.047167 2.1185 1.6121 0.4886 0.017787 
10 1500 6 2.1e-05 1 1 0 888.46 1.9669 886.46 0.026784 
10 1500 6 2.1e-05 2 1 0 888.56 1.9724 886.56 0.026956 
10 1500 6 2.1e-05 3 1 0 888.17 1.9484 886.2 0.026851 
10 1500 6 2.1e-05 4 1 0 886.99 1.9447 885.02 0.026955 
10 1500 6 2.1e-05 5 1 0 885.21 1.9481 883.23 0.02688 
10 1500 6 2.1e-05 8 1 0 868.64 1.9455 866.67 0.026928 
10 1500 6 2.1e-05 10 1 0 840.98 1.9463 839.01 0.026794 
10 1500 6 2.1e-05 12 0.998 0.0002 788.37 1.9521 786.39 0.027013 
10 1500 6 2.1e-05 15 0.988 0.0014857 680.87 1.9454 678.89 0.026751 
10 1500 6 2.1e-05 20 0.956 0.023331 425.02 1.9479 423.05 0.026605 
10 1500 6 2.1e-05 25 0.928 0.042057 215.58 1.9466 213.61 0.02642 
10 1500 6 2.1e-05 30 0.91 0.051531 104.61 1.9484 102.63 0.026366 
10 1500 6 2.1e-05 40 0.872 0.069404 40.592 1.9461 38.619 0.02616 
10 1500 6 2.1e-05 50 0.842 0.07922 26.786 1.944 24.816 0.025522 
10 1500 6 2.1e-05 60 0.83 0.085816 21.756 1.9426 19.788 0.024762 
10 1500 6 2.1e-05 70 0.816 0.087494 18.634 1.9395 16.67 0.024066 
10 1500 6 2.1e-05 80 0.782 0.10518 16.809 1.941 14.844 0.023807 
10 1500 6 2.1e-05 90 0.764 0.11419 15.372 1.9393 13.408 0.023746 
10 1500 6 2.1e-05 100 0.746 0.12213 14.11 1.9358 12.151 0.02346 
10 1500 6 2.1e-05 125 0.71 0.14092 11.704 1.9377 9.7427 0.022921 
10 1500 6 2.1e-05 150 0.682 0.1513 9.9755 1.9363 8.0166 0.022513 
10 1500 6 2.1e-05 200 0.556 0.16292 7.8248 1.9343 5.8685 0.021906 
10 1500 6 2.1e-05 250 0.414 0.1547 6.1361 1.9323 4.1822 0.02151 
10 1500 6 2.1e-05 300 0.338 0.15342 5.1781 1.9333 3.2237 0.021039 
10 1500 6 2.1e-05 400 0.184 0.082596 3.6748 1.9298 1.7239 0.021019 
10 1500 6 2.1e-05 500 0.116 0.069535 2.9175 1.9289 0.9681 0.020376 
10 2000 6 2.1e-05 1 1 0 886.51 2.6042 883.87 0.037933 
10 2000 6 2.1e-05 2 1 0 886.76 2.5885 884.14 0.030909 
10 2000 6 2.1e-05 3 1 0 886.94 2.5831 884.32 0.029003 
10 2000 6 2.1e-05 4 1 0 886.79 2.5821 884.18 0.029315 
10 2000 6 2.1e-05 5 1 0 880.24 2.5802 877.63 0.029078 
10 2000 6 2.1e-05 8 1 0 881.07 2.5811 878.46 0.029025 
10 2000 6 2.1e-05 10 1 0 872.76 2.5837 870.15 0.02945 
10 2000 6 2.1e-05 12 1 0 858.78 2.5814 856.17 0.029403 
10 2000 6 2.1e-05 15 1 0 819.94 2.5827 817.33 0.029037 
10 2000 6 2.1e-05 20 0.988 0.0027102 688.3 2.5826 685.69 0.028855 
10 2000 6 2.1e-05 25 0.974 0.0060449 490.51 2.581 487.9 0.028817 
10 2000 6 2.1e-05 30 0.946 0.027024 297.42 2.5792 294.81 0.028641 
10 2000 6 2.1e-05 40 0.914 0.058371 96.512 2.58 93.903 0.028623 
10 2000 6 2.1e-05 50 0.896 0.058759 46.497 2.5792 43.888 0.028832 
10 2000 6 2.1e-05 60 0.86 0.075102 32.241 2.5762 29.636 0.028866 
10 2000 6 2.1e-05 70 0.85 0.078061 26.285 2.5839 23.673 0.028397 
10 2000 6 2.1e-05 80 0.828 0.085322 22.445 2.5773 19.839 0.028278 
10 2000 6 2.1e-05 90 0.818 0.086812 19.744 2.5778 17.138 0.028203 
10 2000 6 2.1e-05 100 0.808 0.090547 17.937 2.574 15.334 0.028566 
10 2000 6 2.1e-05 125 0.768 0.1112 15.344 2.5724 12.744 0.028039 
10 2000 6 2.1e-05 150 0.726 0.13911 13.703 2.5768 11.098 0.028166 
10 2000 6 2.1e-05 200 0.676 0.15002 10.518 2.5737 7.916 0.028174 
10 2000 6 2.1e-05 250 0.586 0.16286 8.9989 2.5705 6.4001 0.028137 
10 2000 6 2.1e-05 300 0.486 0.1698 7.6599 2.5681 5.0639 0.027721 
10 2000 6 2.1e-05 400 0.348 0.15071 5.9219 2.5678 3.3257 0.028212 
10 2000 6 2.1e-05 500 0.232 0.099363 4.7004 2.5686 2.1036 0.028163 
