10 2500 3 2.1e-05 200 1 0 1070.7 1.8428 1068.8 0.061688 
10 2500 3 2.1e-05 225 1 0 1060.1 1.8417 1058.2 0.061561 
10 2500 3 2.1e-05 250 0.992 0.0011592 1005.1 1.8416 1003.2 0.061185 
10 2500 3 2.1e-05 275 0.962 0.02118 827.3 1.8435 825.4 0.059631 
10 2500 3 2.1e-05 300 0.926 0.041555 487.07 1.8424 485.17 0.057662 
10 2500 3 2.1e-05 350 0.914 0.058371 110.81 1.8417 108.91 0.054148 
10 2500 3 2.1e-05 400 0.886 0.071841 48.606 1.8408 46.711 0.053776 
10 2500 3 2.1e-05 450 0.872 0.072669 35.244 1.8406 33.35 0.053334 
10 2500 3 2.1e-05 500 0.838 0.08322 27.379 1.8401 25.484 0.054002 
10 2500 3 2.1e-05 550 0.806 0.093637 22.177 1.8401 20.283 0.053493 
10 2500 3 2.1e-05 600 0.776 0.11084 19.442 1.8394 17.549 0.053263 
10 2500 3 2.1e-05 650 0.75 0.12092 18.122 1.8417 16.226 0.053692 
10 2500 3 2.1e-05 700 0.726 0.13829 16.856 1.84 14.962 0.053355 
10 2500 3 2.1e-05 750 0.702 0.14673 15.655 1.8387 13.763 0.053328 
10 2500 3 2.1e-05 800 0.68 0.16 13.726 1.8406 11.832 0.053313 
10 2500 3 2.1e-05 850 0.65 0.16663 11.913 1.841 10.018 0.053594 
10 2500 3 2.1e-05 900 0.622 0.17318 10.724 1.8395 8.8306 0.053315 
10 2500 3 2.1e-05 950 0.57 0.18133 9.6941 1.8386 7.8019 0.053513 
10 2500 3 2.1e-05 1000 0.51 0.17969 8.5564 1.8388 6.6639 0.053604 
10 2500 3 2.1e-05 1100 0.414 0.17225 7.3708 1.84 5.4774 0.053299 
10 2500 3 2.1e-05 1200 0.338 0.16281 6.4723 1.8423 4.5763 0.053625 
10 2500 3 2.1e-05 1300 0.276 0.13247 5.6923 1.8408 3.798 0.053415 
10 2500 3 2.1e-05 1400 0.212 0.11659 4.8938 1.8393 3.0009 0.053442 
10 2500 3 2.1e-05 1500 0.17 0.11031 4.2286 1.839 2.3362 0.053385 
10 2500 3 2.1e-05 1600 0.13 0.080102 3.3041 1.839 1.4116 0.0534 
10 2500 3 2.1e-05 1700 0.072 0.048588 2.7243 1.8391 0.83177 0.053349 
10 2500 3 2.1e-05 1800 0.048 0.036424 2.2804 1.8391 0.38789 0.053308 
10 2500 3 2.1e-05 1900 0.03 0.016429 2.1271 1.8396 0.23412 0.053327 
10 2500 3 2.1e-05 2000 0.016 0.0042286 2.0147 1.8398 0.12138 0.053456 
10 2500 3 2.1e-05 2250 0.002 0.0002 1.9062 1.8396 0.013123 0.053397 
10 2500 3 2.1e-05 2500 0 0 1.8962 1.842 1.1868e-05 0.054076 
10 3000 3 2.1e-05 200 1 0 1080.3 2.2307 1078 0.075519 
10 3000 3 2.1e-05 225 1 0 1080.4 2.2275 1078.1 0.075889 
10 3000 3 2.1e-05 250 1 0 1078 2.2256 1075.7 0.075893 
10 3000 3 2.1e-05 275 1 0 1064.7 2.2274 1062.4 0.075753 
10 3000 3 2.1e-05 300 0.994 0.00098367 1020.7 2.2272 1018.4 0.0753 
10 3000 3 2.1e-05 350 0.96 0.017143 606.42 2.2212 604.12 0.070877 
10 3000 3 2.1e-05 400 0.916 0.054841 169.04 2.21 166.76 0.065604 
10 3000 3 2.1e-05 450 0.91 0.058469 69.473 2.2109 67.197 0.064711 
10 3000 3 2.1e-05 500 0.888 0.065567 42.947 2.2073 40.676 0.06368 
10 3000 3 2.1e-05 550 0.862 0.072608 34.488 2.2119 32.212 0.063891 
10 3000 3 2.1e-05 600 0.832 0.083853 27.605 2.2058 25.336 0.063507 
10 3000 3 2.1e-05 650 0.818 0.088853 23.565 2.2096 21.291 0.064016 
10 3000 3 2.1e-05 700 0.784 0.10749 20.642 2.2066 18.372 0.063492 
10 3000 3 2.1e-05 750 0.76 0.11796 19.12 2.2052 16.851 0.063634 
10 3000 3 2.1e-05 800 0.742 0.1233 18.387 2.2097 16.113 0.064273 
10 3000 3 2.1e-05 850 0.724 0.13656 17.212 2.2069 14.941 0.063553 
10 3000 3 2.1e-05 900 0.706 0.14425 15.996 2.2048 13.727 0.063583 
10 3000 3 2.1e-05 950 0.684 0.15362 14.477 2.2081 12.205 0.063414 
10 3000 3 2.1e-05 1000 0.654 0.16253 13.055 2.208 10.782 0.064156 
10 3000 3 2.1e-05 1100 0.596 0.1759 10.648 2.2057 8.3792 0.063479 
10 3000 3 2.1e-05 1200 0.516 0.17811 9.0499 2.2054 6.7809 0.063485 
10 3000 3 2.1e-05 1300 0.434 0.17576 7.9316 2.2054 5.6627 0.06343 
10 3000 3 2.1e-05 1400 0.372 0.16287 7.1772 2.2054 4.9083 0.063372 
10 3000 3 2.1e-05 1500 0.3 0.15143 6.5051 2.2188 4.2222 0.063992 
10 3000 3 2.1e-05 1600 0.244 0.12047 5.8334 2.2081 3.5617 0.063403 
10 3000 3 2.1e-05 1700 0.21 0.11765 5.162 2.2055 2.8928 0.063531 
10 3000 3 2.1e-05 1800 0.172 0.11389 4.5836 2.2056 2.3143 0.063629 
10 3000 3 2.1e-05 1900 0.142 0.090649 3.9175 2.2057 1.6478 0.063844 
10 3000 3 2.1e-05 2000 0.086 0.055514 3.2033 2.2062 0.93345 0.063575 
10 3000 3 2.1e-05 2250 0.038 0.025669 2.5634 2.2058 0.29386 0.063623 
10 3000 3 2.1e-05 2500 0.016 0.0042286 2.387 2.2064 0.11703 0.0635 
10 3000 3 2.1e-05 2750 0.002 0.0002 2.2869 2.2061 0.017227 0.063431 
10 3000 3 2.1e-05 3000 0 0 2.2706 2.207 1.1827e-05 0.063539 
10 4000 3 2.1e-05 200 1 0 1091.9 3.4516 1088.3 0.15179 
10 4000 3 2.1e-05 225 1 0 1090.8 3.4554 1087.1 0.15264 
10 4000 3 2.1e-05 250 1 0 1092 3.4519 1088.4 0.15015 
10 4000 3 2.1e-05 275 1 0 1092.2 3.4529 1088.6 0.1507 
10 4000 3 2.1e-05 300 1 0 1092 3.4511 1088.4 0.14994 
10 4000 3 2.1e-05 350 1 0 1087.4 3.4522 1083.8 0.14893 
10 4000 3 2.1e-05 400 0.994 0.00098367 1035.8 3.4517 1032.2 0.14686 
10 4000 3 2.1e-05 450 0.956 0.027412 781.48 3.4465 777.89 0.14229 
10 4000 3 2.1e-05 500 0.922 0.049914 317.43 3.4421 313.86 0.13206 
10 4000 3 2.1e-05 550 0.914 0.058371 122.9 3.4375 119.33 0.12629 
10 4000 3 2.1e-05 600 0.91 0.058469 68.156 3.4347 64.597 0.12421 
10 4000 3 2.1e-05 650 0.884 0.068718 48.312 3.4353 44.752 0.12483 
10 4000 3 2.1e-05 700 0.87 0.072755 38.915 3.435 35.355 0.12459 
10 4000 3 2.1e-05 750 0.848 0.078465 33.687 3.4345 30.128 0.12363 
10 4000 3 2.1e-05 800 0.83 0.087041 28.895 3.4356 25.333 0.12552 
10 4000 3 2.1e-05 850 0.822 0.087057 25.506 3.4339 21.948 0.12368 
10 4000 3 2.1e-05 900 0.798 0.10183 23.138 3.4314 19.583 0.12389 
10 4000 3 2.1e-05 950 0.784 0.10668 21.919 3.4396 18.355 0.12484 
10 4000 3 2.1e-05 1000 0.754 0.12172 20.547 3.433 16.99 0.12361 
10 4000 3 2.1e-05 1100 0.732 0.12875 19.043 3.4338 15.485 0.12393 
10 4000 3 2.1e-05 1200 0.702 0.14428 17.621 3.4399 14.057 0.12487 
10 4000 3 2.1e-05 1300 0.67 0.15969 15.085 3.4294 11.533 0.12315 
10 4000 3 2.1e-05 1400 0.632 0.16957 12.999 3.4307 9.4445 0.12335 
10 4000 3 2.1e-05 1500 0.58 0.18 11.587 3.4348 8.0279 0.12413 
10 4000 3 2.1e-05 1600 0.52 0.17837 10.695 3.4362 7.1336 0.12489 
10 4000 3 2.1e-05 1700 0.444 0.17884 9.5284 3.4315 5.9736 0.12319 
10 4000 3 2.1e-05 1800 0.396 0.17141 8.8331 3.433 5.2761 0.12388 
10 4000 3 2.1e-05 1900 0.338 0.15669 8.247 3.4318 4.6909 0.12424 
10 4000 3 2.1e-05 2000 0.296 0.14856 7.7408 3.4332 4.1837 0.1238 
10 4000 3 2.1e-05 2250 0.214 0.11674 6.6702 3.4432 3.1014 0.12547 
10 4000 3 2.1e-05 2500 0.148 0.090302 5.3221 3.4344 1.764 0.12366 
10 4000 3 2.1e-05 2750 0.07 0.047041 4.2495 3.4329 0.6926 0.12401 
10 4000 3 2.1e-05 3000 0.034 0.020657 3.8212 3.4286 0.26877 0.12372 
10 4000 3 2.1e-05 4000 0 0 3.5549 3.4316 1.6673e-05 0.12318 
10 5000 3 2.1e-05 200 1 0 1082 3.6879 1078.1 0.20107 
10 5000 3 2.1e-05 225 1 0 1081.7 3.6888 1077.8 0.20057 
10 5000 3 2.1e-05 250 1 0 1081.7 3.6879 1077.8 0.19974 
10 5000 3 2.1e-05 275 1 0 1081.5 3.6888 1077.6 0.20172 
10 5000 3 2.1e-05 300 1 0 1080.3 3.6885 1076.5 0.20059 
10 5000 3 2.1e-05 350 1 0 1081.7 3.6883 1077.8 0.20236 
10 5000 3 2.1e-05 400 1 0 1080.6 3.6879 1076.7 0.20023 
10 5000 3 2.1e-05 450 1 0 1073.4 3.6883 1069.5 0.20006 
10 5000 3 2.1e-05 500 0.996 0.00039184 1027.6 3.6874 1023.7 0.20032 
10 5000 3 2.1e-05 550 0.956 0.023739 858.68 3.6886 854.8 0.18831 
10 5000 3 2.1e-05 600 0.928 0.045322 480.01 3.6832 476.17 0.16145 
10 5000 3 2.1e-05 650 0.914 0.058371 200.54 3.6813 196.72 0.13629 
10 5000 3 2.1e-05 700 0.914 0.058371 105.4 3.6804 101.59 0.13071 
10 5000 3 2.1e-05 750 0.9 0.061633 68.848 3.6802 65.042 0.12578 
10 5000 3 2.1e-05 800 0.884 0.071167 50.264 3.6804 46.458 0.12597 
10 5000 3 2.1e-05 850 0.874 0.072984 41.69 3.6796 37.885 0.12594 
10 5000 3 2.1e-05 900 0.866 0.072902 36.62 3.6791 32.82 0.12075 
10 5000 3 2.1e-05 950 0.84 0.082041 32.298 3.6797 28.492 0.12585 
10 5000 3 2.1e-05 1000 0.83 0.085816 28.479 3.6793 24.679 0.12073 
10 5000 3 2.1e-05 1100 0.808 0.095853 24.46 3.6798 20.654 0.12594 
10 5000 3 2.1e-05 1200 0.774 0.11421 21.801 3.6783 18.002 0.12109 
10 5000 3 2.1e-05 1300 0.744 0.12823 20.237 3.6791 16.432 0.1257 
10 5000 3 2.1e-05 1400 0.718 0.13906 18.999 3.6801 15.198 0.12074 
10 5000 3 2.1e-05 1500 0.702 0.14591 17.504 3.6779 13.705 0.12097 
10 5000 3 2.1e-05 1600 0.682 0.15089 15.998 3.6798 12.193 0.12498 
10 5000 3 2.1e-05 1700 0.648 0.16826 13.915 3.6799 10.113 0.1219 
10 5000 3 2.1e-05 1800 0.61 0.17398 12.606 3.6779 8.8071 0.12101 
10 5000 3 2.1e-05 1900 0.566 0.17739 11.531 3.6785 7.7319 0.12091 
10 5000 3 2.1e-05 2000 0.506 0.18425 10.738 3.6818 6.9346 0.12119 
10 5000 3 2.1e-05 2250 0.402 0.17244 9.226 3.6804 5.4196 0.12593 
10 5000 3 2.1e-05 2500 0.298 0.14877 8.0656 3.6781 4.2663 0.12108 
10 5000 3 2.1e-05 2750 0.226 0.1187 7.1237 3.6783 3.324 0.12125 
10 5000 3 2.1e-05 3000 0.178 0.1144 6.1919 3.6784 2.3921 0.12132 
10 5000 3 2.1e-05 4000 0.018 0.0051796 3.9418 3.6784 0.14238 0.12099 
10 5000 3 2.1e-05 5000 0 0 3.8041 3.6829 1.4972e-05 0.12113 
10 6000 3 2.1e-05 200 1 0 1071.4 4.4265 1066.8 0.21973 
10 6000 3 2.1e-05 225 1 0 1071.3 4.4249 1066.7 0.21821 
10 6000 3 2.1e-05 250 1 0 1069.9 4.4272 1065.3 0.2176 
10 6000 3 2.1e-05 275 1 0 1071.1 4.4248 1066.5 0.21544 
10 6000 3 2.1e-05 300 1 0 1070.1 4.4305 1065.4 0.21762 
10 6000 3 2.1e-05 350 1 0 1070.9 4.4253 1066.2 0.21786 
10 6000 3 2.1e-05 400 1 0 1071.1 4.4257 1066.5 0.21675 
10 6000 3 2.1e-05 450 1 0 1070.9 4.4289 1066.2 0.21635 
10 6000 3 2.1e-05 500 1 0 1069.6 4.4255 1065 0.21687 
10 6000 3 2.1e-05 550 0.998 0.0002 1058.3 4.4251 1053.7 0.21687 
10 6000 3 2.1e-05 600 0.996 0.0008 1017.5 4.4275 1012.9 0.21443 
10 6000 3 2.1e-05 650 0.964 0.018678 898.66 4.4249 894.02 0.20728 
10 6000 3 2.1e-05 700 0.946 0.03029 612.74 4.4217 608.13 0.18724 
10 6000 3 2.1e-05 750 0.922 0.049914 299.44 4.4228 294.86 0.16176 
10 6000 3 2.1e-05 800 0.914 0.058371 153.32 4.4155 148.75 0.15031 
10 6000 3 2.1e-05 850 0.914 0.058371 94.85 4.4161 90.295 0.13885 
10 6000 3 2.1e-05 900 0.906 0.059351 67.793 4.4168 63.231 0.14477 
10 6000 3 2.1e-05 950 0.89 0.065816 52.336 4.4127 47.789 0.13413 
10 6000 3 2.1e-05 1000 0.876 0.072065 44.245 4.4161 39.69 0.13965 
10 6000 3 2.1e-05 1100 0.868 0.072833 36.247 4.4204 31.688 0.13895 
10 6000 3 2.1e-05 1200 0.834 0.085147 29.535 4.4121 24.989 0.13367 
10 6000 3 2.1e-05 1300 0.818 0.087629 25.593 4.4178 21.036 0.13926 
10 6000 3 2.1e-05 1400 0.784 0.10953 23.082 4.4127 18.535 0.13396 
10 6000 3 2.1e-05 1500 0.758 0.12493 21.273 4.4116 16.727 0.13446 
10 6000 3 2.1e-05 1600 0.746 0.12825 20.612 4.4183 16.054 0.13931 
10 6000 3 2.1e-05 1700 0.724 0.13696 19.34 4.4125 14.792 0.13451 
10 6000 3 2.1e-05 1800 0.71 0.14255 18.232 4.411 13.687 0.13423 
10 6000 3 2.1e-05 1900 0.692 0.14891 17.053 4.4202 12.493 0.13952 
10 6000 3 2.1e-05 2000 0.66 0.16122 15.202 4.4127 10.655 0.13422 
10 6000 3 2.1e-05 2250 0.58 0.18041 12.521 4.4114 7.9754 0.13393 
10 6000 3 2.1e-05 2500 0.474 0.17911 10.827 4.4189 6.2708 0.13719 
10 6000 3 2.1e-05 2750 0.392 0.16483 9.7264 4.4138 5.1761 0.1364 
10 6000 3 2.1e-05 3000 0.3 0.14449 8.6777 4.4114 4.1329 0.13333 
10 6000 3 2.1e-05 4000 0.084 0.055249 5.5167 4.4126 0.97008 0.13393 
10 6000 3 2.1e-05 5000 0.016 0.0042286 4.6671 4.4114 0.12199 0.13373 
10 6000 3 2.1e-05 6000 0 0 4.5464 4.4121 2.4461e-05 0.13416 
10 7000 3 2.1e-05 200 1 0 1069.6 5.2309 1064.2 0.25283 
10 7000 3 2.1e-05 225 1 0 1070.6 5.2316 1065.2 0.2526 
10 7000 3 2.1e-05 250 1 0 1070.8 5.2284 1065.3 0.25268 
10 7000 3 2.1e-05 275 1 0 1070.7 5.2312 1065.2 0.25274 
10 7000 3 2.1e-05 300 1 0 1070.6 5.2306 1065.1 0.25203 
10 7000 3 2.1e-05 350 1 0 1071.3 5.2313 1065.8 0.25331 
10 7000 3 2.1e-05 400 1 0 1071.5 5.2316 1066 0.25264 
10 7000 3 2.1e-05 450 1 0 1070.3 5.2333 1064.8 0.25264 
10 7000 3 2.1e-05 500 1 0 1071.3 5.2287 1065.8 0.25255 
10 7000 3 2.1e-05 550 1 0 1071.1 5.2328 1065.6 0.25256 
10 7000 3 2.1e-05 600 1 0 1068.9 5.233 1063.4 0.2505 
10 7000 3 2.1e-05 650 1 0 1056.9 5.2313 1051.4 0.25276 
10 7000 3 2.1e-05 700 0.998 0.0002 1019.1 5.23 1013.6 0.2498 
10 7000 3 2.1e-05 750 0.98 0.0057143 923.45 5.2325 917.97 0.2444 
10 7000 3 2.1e-05 800 0.954 0.028657 711.05 5.2328 705.59 0.22715 
10 7000 3 2.1e-05 850 0.922 0.051547 415.42 5.2312 409.99 0.20213 
10 7000 3 2.1e-05 900 0.914 0.058371 219.74 5.2269 214.34 0.17441 
10 7000 3 2.1e-05 950 0.914 0.058371 133.68 5.2284 128.28 0.17303 
10 7000 3 2.1e-05 1000 0.914 0.058371 91.536 5.2271 86.148 0.16038 
10 7000 3 2.1e-05 1100 0.894 0.071596 54.574 5.227 49.187 0.16004 
10 7000 3 2.1e-05 1200 0.872 0.072669 42.32 5.2277 36.932 0.15994 
10 7000 3 2.1e-05 1300 0.858 0.075547 35.74 5.2259 30.36 0.1541 
10 7000 3 2.1e-05 1400 0.832 0.083853 30.148 5.2302 24.757 0.16028 
10 7000 3 2.1e-05 1500 0.822 0.086649 26.472 5.2247 21.094 0.15356 
10 7000 3 2.1e-05 1600 0.796 0.099984 24.491 5.2285 19.102 0.16036 
10 7000 3 2.1e-05 1700 0.77 0.11847 22.832 5.2251 17.453 0.15356 
10 7000 3 2.1e-05 1800 0.754 0.12417 21.65 5.2365 16.254 0.15935 
10 7000 3 2.1e-05 1900 0.734 0.13209 20.915 5.2269 15.532 0.15545 
10 7000 3 2.1e-05 2000 0.716 0.14015 19.809 5.2243 14.431 0.15384 
10 7000 3 2.1e-05 2250 0.68 0.15592 17.115 5.2308 11.721 0.16246 
10 7000 3 2.1e-05 2500 0.624 0.17084 14.388 5.2258 9.0089 0.15344 
10 7000 3 2.1e-05 2750 0.53 0.17888 12.315 5.225 6.936 0.15369 
10 7000 3 2.1e-05 3000 0.446 0.17396 11.264 5.2251 5.8851 0.15392 
10 7000 3 2.1e-05 4000 0.202 0.11734 8.1 5.2265 2.7192 0.15425 
10 7000 3 2.1e-05 5000 0.05 0.039694 5.8554 5.2341 0.46063 0.16058 
10 7000 3 2.1e-05 6000 0.008 0.0011592 5.4434 5.2278 0.060686 0.15482 
10 7000 3 2.1e-05 7000 0 0 5.38 5.2255 1.3675e-05 0.15448 
10 8000 3 2.1e-05 200 1 0 1078 5.8925 1071.8 0.28499 
10 8000 3 2.1e-05 225 1 0 1077 5.891 1070.8 0.28247 
10 8000 3 2.1e-05 250 1 0 1078.1 5.8872 1071.9 0.28302 
10 8000 3 2.1e-05 275 1 0 1078.2 5.8914 1072.1 0.28338 
10 8000 3 2.1e-05 300 1 0 1078.1 5.8919 1071.9 0.28365 
10 8000 3 2.1e-05 350 1 0 1078.1 5.892 1071.9 0.28234 
10 8000 3 2.1e-05 400 1 0 1078.3 5.8867 1072.1 0.2822 
10 8000 3 2.1e-05 450 1 0 1078.2 5.8916 1072 0.28337 
10 8000 3 2.1e-05 500 1 0 1077.3 5.8947 1071.1 0.28203 
10 8000 3 2.1e-05 550 1 0 1078 5.8911 1071.8 0.28233 
10 8000 3 2.1e-05 600 1 0 1078.1 5.8891 1071.9 0.28182 
10 8000 3 2.1e-05 650 1 0 1077.4 5.8893 1071.2 0.28264 
10 8000 3 2.1e-05 700 1 0 1074.6 5.8884 1068.5 0.28266 
10 8000 3 2.1e-05 750 1 0 1063.2 5.8884 1057 0.28375 
10 8000 3 2.1e-05 800 1 0 1026.8 5.8877 1020.7 0.27888 
10 8000 3 2.1e-05 850 0.974 0.011759 947.34 5.8911 941.17 0.2743 
10 8000 3 2.1e-05 900 0.956 0.028637 777.66 5.884 771.52 0.25946 
10 8000 3 2.1e-05 950 0.948 0.029078 524.17 5.8843 518.05 0.23295 
10 8000 3 2.1e-05 1000 0.918 0.053343 300.27 5.8852 294.17 0.21477 
10 8000 3 2.1e-05 1100 0.914 0.058371 120.3 5.8833 114.22 0.19076 
10 8000 3 2.1e-05 1200 0.91 0.058469 69.689 5.8826 63.624 0.18274 
10 8000 3 2.1e-05 1300 0.884 0.071984 49.787 5.881 43.725 0.18102 
10 8000 3 2.1e-05 1400 0.874 0.072984 41.394 5.8786 35.341 0.17455 
10 8000 3 2.1e-05 1500 0.848 0.080098 35.773 5.8816 29.71 0.18127 
10 8000 3 2.1e-05 1600 0.834 0.086371 30.866 5.8786 24.812 0.17477 
10 8000 3 2.1e-05 1700 0.818 0.090486 27.667 5.8829 21.602 0.18161 
10 8000 3 2.1e-05 1800 0.794 0.10302 25.625 5.8784 19.572 0.17408 
10 8000 3 2.1e-05 1900 0.778 0.11196 24.231 5.8823 18.167 0.18183 
10 8000 3 2.1e-05 2000 0.764 0.11868 22.99 5.8792 16.936 0.17453 
10 8000 3 2.1e-05 2250 0.724 0.13778 20.942 5.8772 14.89 0.17457 
10 8000 3 2.1e-05 2500 0.696 0.14815 18.815 5.8856 12.746 0.18279 
10 8000 3 2.1e-05 2750 0.638 0.17138 15.827 5.879 9.773 0.17461 
10 8000 3 2.1e-05 3000 0.584 0.17933 13.963 5.8774 7.9104 0.17484 
10 8000 3 2.1e-05 4000 0.312 0.15414 10.379 5.8918 4.3045 0.1826 
10 8000 3 2.1e-05 5000 0.156 0.10537 7.9463 5.8798 1.8906 0.1758 
10 8000 3 2.1e-05 6000 0.034 0.020657 6.3177 5.8781 0.26454 0.17498 
10 8000 3 2.1e-05 7000 0.002 0.0002 6.0709 5.8782 0.017245 0.17538 
10 8000 3 2.1e-05 8000 0 0 6.053 5.8782 1.5792e-05 0.17474 
10 9000 3 2.1e-05 200 1 0 1075.1 7.7985 1066.9 0.3282 
10 9000 3 2.1e-05 225 1 0 1076.4 7.7975 1068.3 0.32171 
10 9000 3 2.1e-05 250 1 0 1076.2 7.8003 1068.1 0.32317 
10 9000 3 2.1e-05 275 1 0 1076.4 7.7996 1068.3 0.32279 
10 9000 3 2.1e-05 300 1 0 1075.8 7.7994 1067.7 0.32064 
10 9000 3 2.1e-05 350 1 0 1075.6 7.7988 1067.5 0.32045 
10 9000 3 2.1e-05 400 1 0 1074.8 7.7992 1066.7 0.32124 
10 9000 3 2.1e-05 450 1 0 1075.9 7.8006 1067.8 0.32072 
10 9000 3 2.1e-05 500 1 0 1075.7 7.7967 1067.6 0.32191 
10 9000 3 2.1e-05 550 1 0 1075.7 7.8018 1067.6 0.32161 
10 9000 3 2.1e-05 600 1 0 1075.9 7.7995 1067.8 0.3221 
10 9000 3 2.1e-05 650 1 0 1075.9 7.7982 1067.8 0.32205 
10 9000 3 2.1e-05 700 1 0 1075.7 7.7941 1067.6 0.32134 
10 9000 3 2.1e-05 750 1 0 1074.6 7.7989 1066.5 0.31886 
10 9000 3 2.1e-05 800 1 0 1068.7 7.7943 1060.5 0.3219 
10 9000 3 2.1e-05 850 1 0 1056.9 7.7993 1048.8 0.32238 
10 9000 3 2.1e-05 900 0.998 0.0002 1028.4 7.8002 1020.3 0.31853 
10 9000 3 2.1e-05 950 0.974 0.017473 961.39 7.8021 953.27 0.31085 
10 9000 3 2.1e-05 1000 0.962 0.024853 831.11 7.7934 823.02 0.30069 
10 9000 3 2.1e-05 1100 0.914 0.058371 388.78 7.7891 380.74 0.25301 
10 9000 3 2.1e-05 1200 0.914 0.058371 154.74 7.7852 146.74 0.22097 
10 9000 3 2.1e-05 1300 0.914 0.058371 86.935 7.7859 78.944 0.20488 
10 9000 3 2.1e-05 1400 0.894 0.068331 59.456 7.7852 51.467 0.20342 
10 9000 3 2.1e-05 1500 0.878 0.072771 47.421 7.7838 39.433 0.20399 
10 9000 3 2.1e-05 1600 0.87 0.072755 41.664 7.7889 33.672 0.20279 
10 9000 3 2.1e-05 1700 0.848 0.080098 37.47 7.7808 29.492 0.19665 
10 9000 3 2.1e-05 1800 0.834 0.084739 32.992 7.7866 25.001 0.20435 
10 9000 3 2.1e-05 1900 0.818 0.090078 29.937 7.782 21.959 0.19584 
10 9000 3 2.1e-05 2000 0.806 0.095678 28.045 7.7898 20.05 0.2048 
10 9000 3 2.1e-05 2250 0.76 0.12367 24.924 7.7788 16.949 0.19571 
10 9000 3 2.1e-05 2500 0.728 0.13308 23.083 7.7916 15.088 0.20315 
10 9000 3 2.1e-05 2750 0.704 0.14325 21.17 7.7811 13.192 0.19714 
10 9000 3 2.1e-05 3000 0.664 0.16929 18.626 7.7802 10.649 0.19648 
10 9000 3 2.1e-05 4000 0.41 0.17235 13.372 7.7963 5.3736 0.20203 
10 9000 3 2.1e-05 5000 0.216 0.11811 10.986 7.7763 3.0104 0.19952 
10 9000 3 2.1e-05 6000 0.082 0.055792 8.9091 7.7811 0.93147 0.19637 
10 9000 3 2.1e-05 7000 0.026 0.010943 8.1829 7.7792 0.2075 0.19608 
10 9000 3 2.1e-05 8000 0.002 0.0002 7.9904 7.7768 0.017519 0.19604 
10 9000 3 2.1e-05 9000 0 0 8.0036 7.7987 1.7384e-05 0.20474 
10 10000 3 2.1e-05 200 1 0 1075.4 9.2068 1065.8 0.35915 
10 10000 3 2.1e-05 225 1 0 1075.4 9.207 1065.8 0.35695 
10 10000 3 2.1e-05 250 1 0 1075.5 9.2061 1066 0.35656 
10 10000 3 2.1e-05 275 1 0 1074.6 9.2059 1065 0.35496 
10 10000 3 2.1e-05 300 1 0 1075.9 9.2048 1066.3 0.35617 
10 10000 3 2.1e-05 350 1 0 1075.8 9.2063 1066.2 0.35648 
10 10000 3 2.1e-05 400 1 0 1075.7 9.2072 1066.1 0.35739 
10 10000 3 2.1e-05 450 1 0 1075.7 9.2077 1066.1 0.35649 
10 10000 3 2.1e-05 500 1 0 1075.7 9.2058 1066.1 0.35631 
10 10000 3 2.1e-05 550 1 0 1075.9 9.2041 1066.3 0.35574 
10 10000 3 2.1e-05 600 1 0 1074.8 9.2028 1065.2 0.35553 
10 10000 3 2.1e-05 650 1 0 1075.7 9.2112 1066.2 0.35458 
10 10000 3 2.1e-05 700 1 0 1075.7 9.2127 1066.1 0.35483 
10 10000 3 2.1e-05 750 1 0 1075.6 9.21 1066 0.35549 
10 10000 3 2.1e-05 800 1 0 1075.2 9.2122 1065.6 0.35612 
10 10000 3 2.1e-05 850 1 0 1072.4 9.2038 1062.9 0.35525 
10 10000 3 2.1e-05 900 1 0 1068.1 9.2062 1058.5 0.35567 
10 10000 3 2.1e-05 950 1 0 1055.4 9.2083 1045.8 0.3547 
10 10000 3 2.1e-05 1000 0.998 0.0002 1027.6 9.2064 1018.1 0.35154 
10 10000 3 2.1e-05 1100 0.956 0.028637 868.81 9.2095 859.27 0.33339 
10 10000 3 2.1e-05 1200 0.932 0.038547 468.58 9.1899 459.1 0.28948 
10 10000 3 2.1e-05 1300 0.914 0.058371 196.37 9.1907 186.93 0.25369 
10 10000 3 2.1e-05 1400 0.914 0.058371 107.45 9.18 98.039 0.23578 
10 10000 3 2.1e-05 1500 0.9 0.063673 72.174 9.1838 62.762 0.22801 
10 10000 3 2.1e-05 1600 0.89 0.071531 54.687 9.182 45.278 0.22631 
10 10000 3 2.1e-05 1700 0.876 0.07329 46.946 9.1777 37.55 0.21753 
10 10000 3 2.1e-05 1800 0.87 0.072755 42.173 9.1835 32.763 0.2273 
10 10000 3 2.1e-05 1900 0.844 0.083739 37.993 9.1842 28.583 0.22633 
10 10000 3 2.1e-05 2000 0.832 0.085894 34.2 9.1783 24.804 0.21841 
10 10000 3 2.1e-05 2250 0.798 0.10102 29.097 9.1889 19.68 0.22731 
10 10000 3 2.1e-05 2500 0.76 0.12367 26.296 9.1765 16.901 0.2183 
10 10000 3 2.1e-05 2750 0.732 0.13038 24.798 9.1852 15.386 0.22676 
10 10000 3 2.1e-05 3000 0.708 0.14524 22.962 9.1816 13.562 0.218 
10 10000 3 2.1e-05 4000 0.51 0.17969 16.114 9.1784 6.7171 0.21818 
10 10000 3 2.1e-05 5000 0.306 0.14792 13.668 9.1911 4.2491 0.2276 
10 10000 3 2.1e-05 6000 0.172 0.11267 11.685 9.18 2.2862 0.21891 
10 10000 3 2.1e-05 7000 0.054 0.039678 9.8979 9.1749 0.504 0.2189 
10 10000 3 2.1e-05 8000 0.018 0.0051796 9.5534 9.1953 0.13814 0.21993 
10 10000 3 2.1e-05 9000 0.002 0.0002 9.4286 9.1838 0.017277 0.2275 
10 10000 3 2.1e-05 10000 0 0 9.4256 9.1975 1.5256e-05 0.22799 
10 12500 3 2.1e-05 200 1 0 1077.1 9.2019 1067.4 0.43631 
10 12500 3 2.1e-05 225 1 0 1077.4 9.2015 1067.7 0.43464 
10 12500 3 2.1e-05 250 1 0 1077.4 9.2028 1067.7 0.43309 
10 12500 3 2.1e-05 275 1 0 1076.1 9.2051 1066.5 0.43471 
10 12500 3 2.1e-05 300 1 0 1077.4 9.1997 1067.7 0.43527 
10 12500 3 2.1e-05 350 1 0 1077.4 9.2017 1067.7 0.43412 
10 12500 3 2.1e-05 400 1 0 1077.4 9.2001 1067.8 0.43422 
10 12500 3 2.1e-05 450 1 0 1072.7 9.2031 1063 0.43478 
10 12500 3 2.1e-05 500 1 0 1072.8 9.2023 1063.2 0.43275 
10 12500 3 2.1e-05 550 1 0 1072.5 9.2006 1062.9 0.43375 
10 12500 3 2.1e-05 600 1 0 1071.4 9.2024 1061.8 0.43235 
10 12500 3 2.1e-05 650 1 0 1072.4 9.2033 1062.8 0.43139 
10 12500 3 2.1e-05 700 1 0 1072.5 9.201 1062.9 0.43408 
10 12500 3 2.1e-05 750 1 0 1072.6 9.2005 1063 0.43275 
10 12500 3 2.1e-05 800 1 0 1072.8 9.2032 1063.2 0.43082 
10 12500 3 2.1e-05 850 1 0 1077.2 9.2026 1067.5 0.43188 
10 12500 3 2.1e-05 900 1 0 1076.4 9.2004 1066.8 0.43319 
10 12500 3 2.1e-05 950 1 0 1076.8 9.2 1067.2 0.43603 
10 12500 3 2.1e-05 1000 1 0 1076.6 9.2013 1067 0.43459 
10 12500 3 2.1e-05 1100 1 0 1071.7 9.2011 1062.1 0.43324 
10 12500 3 2.1e-05 1200 1 0 1050.9 9.2019 1041.2 0.42789 
10 12500 3 2.1e-05 1300 0.99 0.0021429 984.75 9.1985 975.12 0.42691 
10 12500 3 2.1e-05 1400 0.956 0.028637 807.76 9.1976 798.15 0.40506 
10 12500 3 2.1e-05 1500 0.93 0.044184 474.23 9.1904 464.68 0.35452 
10 12500 3 2.1e-05 1600 0.914 0.058371 226.24 9.1892 216.73 0.31401 
10 12500 3 2.1e-05 1700 0.914 0.058371 131.73 9.1841 122.25 0.29478 
10 12500 3 2.1e-05 1800 0.91 0.058469 89.012 9.1842 79.548 0.28013 
10 12500 3 2.1e-05 1900 0.904 0.060392 68.266 9.1847 58.801 0.27966 
10 12500 3 2.1e-05 2000 0.892 0.071363 55.076 9.1826 45.613 0.27965 
10 12500 3 2.1e-05 2250 0.864 0.072963 42.319 9.1838 32.855 0.27959 
10 12500 3 2.1e-05 2500 0.834 0.085147 34.191 9.1847 24.737 0.26923 
10 12500 3 2.1e-05 2750 0.81 0.094388 29.91 9.1844 20.444 0.28096 
10 12500 3 2.1e-05 3000 0.778 0.11155 27.278 9.1803 17.828 0.26929 
10 12500 3 2.1e-05 4000 0.686 0.15225 21.625 9.1896 12.154 0.28073 
10 12500 3 2.1e-05 5000 0.52 0.18163 16.321 9.1819 6.8699 0.26954 
10 12500 3 2.1e-05 6000 0.342 0.15881 14.063 9.1804 4.6122 0.27008 
10 12500 3 2.1e-05 7000 0.214 0.11837 12.469 9.2002 2.988 0.28072 
10 12500 3 2.1e-05 8000 0.128 0.077976 10.793 9.1836 1.3393 0.27009 
10 12500 3 2.1e-05 9000 0.048 0.036424 9.8434 9.182 0.39204 0.26923 
10 12500 3 2.1e-05 10000 0.018 0.0051796 9.6294 9.2005 0.1488 0.28005 
10 12500 3 2.1e-05 12500 0 0 9.4783 9.1977 1.6215e-05 0.28054 
10 15000 3 2.1e-05 200 1 0 1076.8 11.03 1065.3 0.53441 
10 15000 3 2.1e-05 225 1 0 1074.5 11.03 1063 0.52943 
10 15000 3 2.1e-05 250 1 0 1076.5 11.028 1065 0.52822 
10 15000 3 2.1e-05 275 1 0 1076.6 11.025 1065 0.52733 
10 15000 3 2.1e-05 300 1 0 1076.7 11.028 1065.2 0.52795 
10 15000 3 2.1e-05 350 1 0 1076.7 11.028 1065.2 0.52741 
10 15000 3 2.1e-05 400 1 0 1076.5 11.028 1064.9 0.52705 
10 15000 3 2.1e-05 450 1 0 1075.5 11.028 1063.9 0.5274 
10 15000 3 2.1e-05 500 1 0 1076.7 11.026 1065.2 0.52865 
10 15000 3 2.1e-05 550 1 0 1076.8 11.028 1065.2 0.52808 
10 15000 3 2.1e-05 600 1 0 1075.8 11.032 1064.2 0.52887 
10 15000 3 2.1e-05 650 1 0 1075.7 11.029 1064.2 0.53022 
10 15000 3 2.1e-05 700 1 0 1075.5 11.029 1064 0.53421 
10 15000 3 2.1e-05 750 1 0 1075.3 11.027 1063.7 0.52895 
10 15000 3 2.1e-05 800 1 0 1074.9 11.03 1063.4 0.52844 
10 15000 3 2.1e-05 850 1 0 1075.6 11.031 1064 0.52854 
10 15000 3 2.1e-05 900 1 0 1075.7 11.026 1064.1 0.5296 
10 15000 3 2.1e-05 950 1 0 1075.5 11.026 1063.9 0.53136 
10 15000 3 2.1e-05 1000 1 0 1075.7 11.026 1064.1 0.53072 
10 15000 3 2.1e-05 1100 1 0 1075.7 11.025 1064.2 0.5284 
10 15000 3 2.1e-05 1200 1 0 1074 11.031 1062.4 0.52816 
10 15000 3 2.1e-05 1300 1 0 1071.6 11.03 1060.1 0.52965 
10 15000 3 2.1e-05 1400 1 0 1060 11.033 1048.4 0.52892 
10 15000 3 2.1e-05 1500 0.994 0.00098367 1028.2 11.026 1016.7 0.52452 
10 15000 3 2.1e-05 1600 0.97 0.022143 949.27 11.025 937.73 0.51384 
10 15000 3 2.1e-05 1700 0.952 0.028669 762.99 11.024 751.48 0.48578 
10 15000 3 2.1e-05 1800 0.93 0.047857 464.58 11.021 453.13 0.43047 
10 15000 3 2.1e-05 1900 0.918 0.053343 251.16 11.018 239.77 0.37733 
10 15000 3 2.1e-05 2000 0.914 0.058371 156.11 11.016 144.73 0.36089 
10 15000 3 2.1e-05 2250 0.91 0.058469 73.521 11.017 62.169 0.33487 
10 15000 3 2.1e-05 2500 0.878 0.072363 50.888 11.019 39.534 0.33441 
10 15000 3 2.1e-05 2750 0.86 0.073469 43.065 11.021 31.713 0.3307 
10 15000 3 2.1e-05 3000 0.836 0.085616 36.413 11.014 25.075 0.32428 
10 15000 3 2.1e-05 4000 0.742 0.12861 27.24 11.016 15.889 0.33465 
10 15000 3 2.1e-05 5000 0.66 0.16408 22.121 11.015 10.787 0.31931 
10 15000 3 2.1e-05 6000 0.514 0.1796 18.139 11.013 6.8057 0.31988 
10 15000 3 2.1e-05 7000 0.366 0.16556 16.235 11.021 4.8795 0.33457 
10 15000 3 2.1e-05 8000 0.246 0.12376 14.837 11.016 3.5006 0.32033 
10 15000 3 2.1e-05 9000 0.172 0.11267 13.584 11.014 2.2482 0.32132 
10 15000 3 2.1e-05 10000 0.084 0.055657 12.333 11.023 0.97434 0.33517 
10 15000 3 2.1e-05 12500 0.016 0.0042286 11.491 11.024 0.13125 0.33586 
10 15000 3 2.1e-05 15000 0 0 11.361 11.026 1.3834e-05 0.33441 
10 17500 3 2.1e-05 200 1 0 1070.9 13.085 1057.1 0.69234 
10 17500 3 2.1e-05 225 1 0 1072 13.083 1058.2 0.68446 
10 17500 3 2.1e-05 250 1 0 1071.9 13.082 1058.2 0.68345 
10 17500 3 2.1e-05 275 1 0 1072.2 13.082 1058.4 0.68588 
10 17500 3 2.1e-05 300 1 0 1072.2 13.083 1058.5 0.68394 
10 17500 3 2.1e-05 350 1 0 1071.9 13.082 1058.2 0.68654 
10 17500 3 2.1e-05 400 1 0 1072.1 13.082 1058.3 0.68554 
10 17500 3 2.1e-05 450 1 0 1072 13.082 1058.2 0.68375 
10 17500 3 2.1e-05 500 1 0 1071.1 13.086 1057.3 0.68519 
10 17500 3 2.1e-05 550 1 0 1071.9 13.081 1058.1 0.68551 
10 17500 3 2.1e-05 600 1 0 1070.7 13.081 1056.9 0.68815 
10 17500 3 2.1e-05 650 1 0 1070.9 13.082 1057.1 0.69386 
10 17500 3 2.1e-05 700 1 0 1070.7 13.081 1056.9 0.68459 
10 17500 3 2.1e-05 750 1 0 1070.7 13.081 1056.9 0.68426 
10 17500 3 2.1e-05 800 1 0 1069.7 13.085 1055.9 0.68457 
10 17500 3 2.1e-05 850 1 0 1070.6 13.081 1056.8 0.68421 
10 17500 3 2.1e-05 900 1 0 1071.8 13.085 1058 0.68395 
10 17500 3 2.1e-05 950 1 0 1071.7 13.082 1058 0.68589 
10 17500 3 2.1e-05 1000 1 0 1071.8 13.081 1058 0.68387 
10 17500 3 2.1e-05 1100 1 0 1071.8 13.081 1058 0.68455 
10 17500 3 2.1e-05 1200 1 0 1069.8 13.086 1056 0.68232 
10 17500 3 2.1e-05 1300 1 0 1071 13.081 1057.2 0.68493 
10 17500 3 2.1e-05 1400 1 0 1070.8 13.081 1057.1 0.68373 
10 17500 3 2.1e-05 1500 1 0 1068.5 13.081 1054.7 0.68559 
10 17500 3 2.1e-05 1600 1 0 1061 13.081 1047.2 0.68445 
10 17500 3 2.1e-05 1700 1 0 1041.9 13.082 1028.1 0.67443 
10 17500 3 2.1e-05 1800 0.996 0.00039184 997.45 13.08 983.69 0.67423 
10 17500 3 2.1e-05 1900 0.966 0.014535 903.5 13.08 889.76 0.65885 
10 17500 3 2.1e-05 2000 0.956 0.028637 720.15 13.078 706.46 0.60847 
10 17500 3 2.1e-05 2250 0.914 0.058371 214.65 13.063 201.12 0.46398 
10 17500 3 2.1e-05 2500 0.914 0.058371 97.498 13.058 84.023 0.41785 
10 17500 3 2.1e-05 2750 0.894 0.071596 62.205 13.059 48.736 0.40992 
10 17500 3 2.1e-05 3000 0.874 0.072984 50.059 13.059 36.59 0.40928 
10 17500 3 2.1e-05 4000 0.796 0.10162 32.513 13.06 19.043 0.41047 
10 17500 3 2.1e-05 5000 0.718 0.13742 28.08 13.06 14.629 0.39113 
10 17500 3 2.1e-05 6000 0.646 0.16743 23.173 13.058 9.7242 0.39048 
10 17500 3 2.1e-05 7000 0.512 0.18108 20.283 13.064 6.8075 0.41103 
10 17500 3 2.1e-05 8000 0.386 0.17266 18.574 13.061 5.1225 0.39023 
10 17500 3 2.1e-05 9000 0.284 0.14056 17.388 13.063 3.9136 0.41113 
10 17500 3 2.1e-05 10000 0.202 0.11775 16.171 13.062 2.7169 0.39183 
10 17500 3 2.1e-05 12500 0.05 0.039694 13.931 13.066 0.45492 0.41078 
10 17500 3 2.1e-05 15000 0.008 0.0011592 13.541 13.069 0.060646 0.41093 
10 17500 3 2.1e-05 17500 0 0 13.501 13.071 1.604e-05 0.42986 
10 20000 3 2.1e-05 200 1 0 1060.4 14.677 1044.9 0.80483 
10 20000 3 2.1e-05 225 1 0 1060.5 14.677 1045 0.79632 
10 20000 3 2.1e-05 250 1 0 1060.3 14.677 1044.8 0.79544 
10 20000 3 2.1e-05 275 1 0 1060.2 14.678 1044.8 0.78767 
10 20000 3 2.1e-05 300 1 0 1059.2 14.68 1043.7 0.79869 
10 20000 3 2.1e-05 350 1 0 1060.3 14.678 1044.8 0.79915 
10 20000 3 2.1e-05 400 1 0 1060 14.678 1044.5 0.79655 
10 20000 3 2.1e-05 450 1 0 1060.9 14.677 1045.4 0.79422 
10 20000 3 2.1e-05 500 1 0 1060.9 14.68 1045.4 0.79704 
10 20000 3 2.1e-05 550 1 0 1060.9 14.677 1045.4 0.79537 
10 20000 3 2.1e-05 600 1 0 1059.3 14.676 1043.8 0.78657 
10 20000 3 2.1e-05 650 1 0 1059 14.679 1043.5 0.79895 
10 20000 3 2.1e-05 700 1 0 1058 14.68 1042.5 0.79649 
10 20000 3 2.1e-05 750 1 0 1061 14.677 1045.5 0.797 
10 20000 3 2.1e-05 800 1 0 1061.1 14.675 1045.6 0.79454 
10 20000 3 2.1e-05 850 1 0 1061.2 14.677 1045.7 0.79866 
10 20000 3 2.1e-05 900 1 0 1060.9 14.676 1045.4 0.79683 
10 20000 3 2.1e-05 950 1 0 1060.7 14.676 1045.3 0.78701 
10 20000 3 2.1e-05 1000 1 0 1060.7 14.676 1045.2 0.79832 
10 20000 3 2.1e-05 1100 1 0 1059.7 14.679 1044.2 0.79739 
10 20000 3 2.1e-05 1200 1 0 1060.9 14.678 1045.4 0.79862 
10 20000 3 2.1e-05 1300 1 0 1060.7 14.675 1045.2 0.79545 
10 20000 3 2.1e-05 1400 1 0 1059.5 14.676 1044 0.79823 
10 20000 3 2.1e-05 1500 1 0 1059.4 14.677 1043.9 0.79842 
10 20000 3 2.1e-05 1600 1 0 1059.3 14.675 1043.8 0.78678 
10 20000 3 2.1e-05 1700 1 0 1056.9 14.679 1041.4 0.7961 
10 20000 3 2.1e-05 1800 1 0 1052.2 14.675 1036.8 0.79412 
10 20000 3 2.1e-05 1900 1 0 1039.4 14.674 1023.9 0.78567 
10 20000 3 2.1e-05 2000 1 0 1015.2 14.674 999.7 0.78463 
10 20000 3 2.1e-05 2250 0.956 0.028637 783.41 14.671 768.01 0.73378 
10 20000 3 2.1e-05 2500 0.914 0.058371 285.28 14.664 270.05 0.56094 
10 20000 3 2.1e-05 2750 0.914 0.058371 122.75 14.659 107.6 0.48995 
10 20000 3 2.1e-05 3000 0.906 0.059351 76.087 14.66 60.963 0.46416 
10 20000 3 2.1e-05 4000 0.832 0.085894 39.436 14.657 24.313 0.46539 
10 20000 3 2.1e-05 5000 0.758 0.12167 31.738 14.658 16.639 0.44169 
10 20000 3 2.1e-05 6000 0.71 0.14337 28.52 14.661 13.395 0.46417 
10 20000 3 2.1e-05 7000 0.626 0.17013 24.245 14.658 9.146 0.44104 
10 20000 3 2.1e-05 8000 0.518 0.18191 21.867 14.661 6.7422 0.46395 
10 20000 3 2.1e-05 9000 0.4 0.17347 20.384 14.658 5.284 0.44165 
10 20000 3 2.1e-05 10000 0.306 0.15404 19.338 14.66 4.212 0.4654 
10 20000 3 2.1e-05 12500 0.15 0.09398 16.836 14.658 1.737 0.4407 
10 20000 3 2.1e-05 15000 0.036 0.021943 15.41 14.663 0.28148 0.46607 
10 20000 3 2.1e-05 17500 0.002 0.0002 15.174 14.667 0.017198 0.4895 
10 20000 3 2.1e-05 20000 0 0 15.155 14.667 1.3207e-05 0.48831 
10 22500 3 2.1e-05 200 1 0 1071 16.508 1053.6 0.83658 
10 22500 3 2.1e-05 225 1 0 1072 16.505 1054.7 0.82562 
10 22500 3 2.1e-05 250 1 0 1072.1 16.503 1054.8 0.83025 
10 22500 3 2.1e-05 275 1 0 1072.5 16.504 1055.1 0.83033 
10 22500 3 2.1e-05 300 1 0 1072.5 16.502 1055.1 0.82794 
10 22500 3 2.1e-05 350 1 0 1072.7 16.504 1055.3 0.82794 
10 22500 3 2.1e-05 400 1 0 1071.4 16.508 1054.1 0.8325 
10 22500 3 2.1e-05 450 1 0 1072.5 16.506 1055.1 0.83033 
10 22500 3 2.1e-05 500 1 0 1071.8 16.506 1054.5 0.8325 
10 22500 3 2.1e-05 550 1 0 1071.9 16.503 1054.5 0.82863 
10 22500 3 2.1e-05 600 1 0 1071.8 16.504 1054.5 0.82796 
10 22500 3 2.1e-05 650 1 0 1072.6 16.616 1055.2 0.83678 
10 22500 3 2.1e-05 700 1 0 1071.7 16.505 1054.3 0.83373 
10 22500 3 2.1e-05 750 1 0 1070.5 16.508 1053.2 0.82832 
10 22500 3 2.1e-05 800 1 0 1071.8 16.506 1054.4 0.84203 
10 22500 3 2.1e-05 850 1 0 1070.8 16.505 1053.5 0.83294 
10 22500 3 2.1e-05 900 1 0 1070.8 16.505 1053.5 0.82895 
10 22500 3 2.1e-05 950 1 0 1070.8 16.506 1053.5 0.82945 
10 22500 3 2.1e-05 1000 1 0 1071 16.508 1053.6 0.83522 
10 22500 3 2.1e-05 1100 1 0 1069.8 16.508 1052.4 0.82763 
10 22500 3 2.1e-05 1200 1 0 1070.8 16.508 1053.4 0.83064 
10 22500 3 2.1e-05 1300 1 0 1071 16.505 1053.7 0.82965 
10 22500 3 2.1e-05 1400 1 0 1071 16.508 1053.6 0.83 
10 22500 3 2.1e-05 1500 1 0 1071 16.506 1053.6 0.82986 
10 22500 3 2.1e-05 1600 1 0 1072.2 16.505 1054.8 0.83174 
10 22500 3 2.1e-05 1700 1 0 1071 16.513 1053.7 0.82987 
10 22500 3 2.1e-05 1800 1 0 1071.7 16.506 1054.4 0.82932 
10 22500 3 2.1e-05 1900 1 0 1069.9 16.505 1052.6 0.83051 
10 22500 3 2.1e-05 2000 1 0 1065 16.513 1047.7 0.82971 
10 22500 3 2.1e-05 2250 1 0 1026.6 16.499 1009.3 0.82091 
10 22500 3 2.1e-05 2500 0.956 0.028637 843.01 16.5 825.74 0.77392 
10 22500 3 2.1e-05 2750 0.928 0.044506 377.6 16.494 360.47 0.63696 
10 22500 3 2.1e-05 3000 0.914 0.058371 157.8 16.49 140.76 0.55132 
10 22500 3 2.1e-05 4000 0.872 0.072669 50.045 16.489 33.075 0.48103 
10 22500 3 2.1e-05 5000 0.806 0.095678 36.562 16.493 19.567 0.50219 
10 22500 3 2.1e-05 6000 0.746 0.12825 32.686 16.488 15.695 0.50207 
10 22500 3 2.1e-05 7000 0.69 0.15071 29.557 16.489 12.59 0.47858 
10 22500 3 2.1e-05 8000 0.626 0.16931 25.99 16.49 8.9975 0.5026 
10 22500 3 2.1e-05 9000 0.52 0.17755 23.718 16.489 6.7509 0.47862 
10 22500 3 2.1e-05 10000 0.412 0.17659 22.386 16.49 5.3953 0.5006 
10 22500 3 2.1e-05 12500 0.216 0.11811 19.993 16.49 3.0241 0.4785 
10 22500 3 2.1e-05 15000 0.08 0.053878 17.924 16.494 0.92867 0.50142 
10 22500 3 2.1e-05 17500 0.026 0.010943 17.237 16.498 0.21356 0.52581 
10 22500 3 2.1e-05 20000 0.002 0.0002 17.039 16.5 0.017612 0.52114 
10 25000 3 2.1e-05 200 1 0 1052.5 18.376 1033.1 0.98361 
10 25000 3 2.1e-05 225 1 0 1052.6 18.377 1033.2 0.98349 
10 25000 3 2.1e-05 250 1 0 1052.5 18.377 1033.2 0.9788 
10 25000 3 2.1e-05 275 1 0 1052.6 18.376 1033.3 0.98387 
10 25000 3 2.1e-05 300 1 0 1052.5 18.375 1033.2 0.97546 
10 25000 3 2.1e-05 350 1 0 1052.5 18.378 1033.1 0.98248 
10 25000 3 2.1e-05 400 1 0 1051.6 18.38 1032.3 0.98039 
10 25000 3 2.1e-05 450 1 0 1052.4 18.376 1033.1 0.97226 
10 25000 3 2.1e-05 500 1 0 1052.3 18.375 1033 0.98263 
10 25000 3 2.1e-05 550 1 0 1052.5 18.374 1033.2 0.98158 
10 25000 3 2.1e-05 600 1 0 1052.4 18.375 1033.1 0.98456 
10 25000 3 2.1e-05 650 1 0 1052.5 18.373 1033.2 0.97275 
10 25000 3 2.1e-05 700 1 0 1051.5 18.38 1032.2 0.98413 
10 25000 3 2.1e-05 750 1 0 1052.3 18.374 1033 0.97902 
10 25000 3 2.1e-05 800 1 0 1052.4 18.375 1033.1 0.9719 
10 25000 3 2.1e-05 850 1 0 1052.6 18.376 1033.3 0.98282 
10 25000 3 2.1e-05 900 1 0 1052.5 18.376 1033.2 0.98299 
10 25000 3 2.1e-05 950 1 0 1052.4 18.375 1033.1 0.9848 
10 25000 3 2.1e-05 1000 1 0 1051.5 18.378 1032.1 0.97233 
10 25000 3 2.1e-05 1100 1 0 1052.6 18.376 1033.2 0.98402 
10 25000 3 2.1e-05 1200 1 0 1052.4 18.378 1033 0.97965 
10 25000 3 2.1e-05 1300 1 0 1052.4 18.374 1033.1 0.97151 
10 25000 3 2.1e-05 1400 1 0 1052.4 18.374 1033.1 0.98395 
10 25000 3 2.1e-05 1500 1 0 1052.3 18.375 1032.9 0.98111 
10 25000 3 2.1e-05 1600 1 0 1052.3 18.374 1032.9 0.98582 
10 25000 3 2.1e-05 1700 1 0 1051.5 18.383 1032.1 0.97342 
10 25000 3 2.1e-05 1800 1 0 1052.7 18.375 1033.3 0.9833 
10 25000 3 2.1e-05 1900 1 0 1052.6 18.377 1033.2 0.98127 
10 25000 3 2.1e-05 2000 1 0 1052 18.376 1032.7 0.97037 
10 25000 3 2.1e-05 2250 1 0 1045.1 18.377 1025.7 0.98477 
10 25000 3 2.1e-05 2500 0.996 0.00039184 1007.6 18.376 988.21 0.96654 
10 25000 3 2.1e-05 2750 0.956 0.028637 856.99 18.371 837.71 0.91143 
10 25000 3 2.1e-05 3000 0.942 0.032282 461.46 18.367 442.32 0.77131 
10 25000 3 2.1e-05 4000 0.89 0.071122 62.842 18.359 43.882 0.6008 
10 25000 3 2.1e-05 5000 0.834 0.086371 42.904 18.356 23.991 0.55689 
10 25000 3 2.1e-05 6000 0.774 0.1138 36.247 18.358 17.308 0.58053 
10 25000 3 2.1e-05 7000 0.728 0.13593 33.482 18.358 14.574 0.55022 
10 25000 3 2.1e-05 8000 0.68 0.15429 30.469 18.356 11.532 0.58 
10 25000 3 2.1e-05 9000 0.622 0.17032 27.512 18.356 8.5843 0.57148 
10 25000 3 2.1e-05 10000 0.516 0.18096 25.509 18.356 6.5953 0.55752 
10 25000 3 2.1e-05 12500 0.3 0.15184 22.987 18.361 4.0455 0.57993 
10 25000 3 2.1e-05 15000 0.176 0.11615 21.161 18.36 2.2273 0.5731 
10 25000 3 2.1e-05 17500 0.054 0.039678 19.451 18.361 0.50232 0.58714 
10 25000 3 2.1e-05 20000 0.018 0.0051796 19.1 18.367 0.129 0.60391 
