10 10 6 4819.07 1 0.622 0.096853 182.18 29.574 152.61 0.00040384 
10 10 6 4819.1 2 0.382 0.10844 44.225 28.904 15.321 0.0003309 
10 10 6 4819.1 3 0.228 0.073894 32.113 28.638 3.4748 0.00028524 
10 10 6 4819.1 5 0.062 0.022404 29.828 29.159 0.66822 0.00034157 
10 10 6 4819.1 8 0.002 0.0002 29.165 29.15 0.014498 0.00031873 
10 10 6 4819.1 10 0 0 29.395 29.395 8.1742e-06 0.00033762 
10 10 7 4819.07 1 0.556 0.091902 107.88 32.492 75.384 0.00033563 
10 10 7 4819.1 2 0.308 0.089731 38.505 32.242 6.2626 0.00033855 
10 10 7 4819.1 3 0.14 0.041633 33.91 32.25 1.6595 0.00031889 
10 10 7 4819.1 5 0.024 0.003902 32.77 32.527 0.24309 0.00034809 
10 10 7 4819.1 8 0.002 0.0002 32.819 32.804 0.014096 0.00034978 
10 10 7 4819.1 10 0 0 32.792 32.791 8.2608e-06 0.00035457 
10 10 8 4819.07 1 0.424 0.08431 75.89 37.1 38.789 0.00038414 
10 10 8 4819.1 2 0.162 0.033424 39.504 36.902 2.6014 0.00035175 
10 10 8 4819.1 3 0.058 0.010649 37.592 37.077 0.51517 0.000343 
10 10 8 4819.1 5 0.004 0.00039184 37.294 37.261 0.032134 0.00040889 
10 10 8 4819.1 8 0 0 37.254 37.253 9.3002e-06 0.00038736 
10 10 8 4819.1 10 0 0 37.433 37.433 8.828e-06 0.00043517 
10 25 8 4819.07 1 0.114 0.021229 56.238 43.537 12.699 0.0010775 
10 25 8 4819.1 2 0.008 0.0019755 47.684 43.462 4.2212 0.0010478 
10 25 8 4819.1 3 0.002 0.0002 47.781 43.612 4.1672 0.0013081 
10 25 8 4819.1 5 0.002 0.0002 47.714 43.547 4.1657 0.0012969 
10 25 8 4819.1 8 0.002 0.0002 47.723 43.554 4.1671 0.0012848 
10 25 8 4819.1 10 0.002 0.0002 47.64 43.471 4.1674 0.0012206 
10 25 8 4819.1 15 0.002 0.0002 47.664 43.493 4.1697 0.0012962 
10 25 8 4819.1 25 0 0 43.505 43.503 8.6399e-06 0.0012394 
10 50 8 4819.07 1 0.258 0.05269 108.27 86.002 22.264 0.0021701 
10 50 8 4819.1 2 0.06 0.013469 92.058 86.037 6.0183 0.0026779 
10 50 8 4819.1 3 0.012 0.0035265 91.67 86.191 5.4752 0.0031676 
10 50 8 4819.1 5 0.002 0.0002 91.693 86.277 5.4129 0.0031436 
10 50 8 4819.1 8 0.002 0.0002 91.551 86.132 5.416 0.0032057 
10 50 8 4819.1 10 0.002 0.0002 91.504 86.096 5.4047 0.0031917 
10 50 8 4819.1 15 0.002 0.0002 91.723 86.315 5.405 0.0031905 
10 50 8 4819.1 25 0.002 0.0002 91.623 86.212 5.4076 0.0031518 
10 75 6 4819.07 1 0.742 0.074322 313.68 105.18 208.5 0.0016811 
10 75 6 4819.1 2 0.514 0.11347 142.78 105.34 37.433 0.0013875 
10 75 6 4819.1 3 0.336 0.097861 123.6 105.36 18.237 0.001668 
10 75 6 4819.1 5 0.146 0.064576 119.37 105.3 14.063 0.0018355 
10 75 6 4819.1 8 0.04 0.0085714 118.12 105.37 12.747 0.001934 
10 75 6 4819.1 10 0.018 0.0019143 117.92 105.39 12.53 0.00192 
10 75 6 4819.1 15 0.012 0.0010776 117.81 105.31 12.494 0.001837 
10 75 6 4819.1 25 0.012 0.0010776 117.84 105.35 12.489 0.0019224 
10 75 8 4819.07 1 0.306 0.055269 156.48 126.81 29.66 0.0018604 
10 75 8 4819.1 2 0.078 0.013996 133.65 127.32 6.3274 0.0022841 
10 75 8 4819.1 3 0.016 0.0030041 133.47 127.94 5.5279 0.0024893 
10 75 8 4819.1 5 0.002 0.0002 133.62 128.21 5.4038 0.0024856 
10 75 8 4819.1 8 0.002 0.0002 133.4 128 5.4006 0.0025935 
10 75 8 4819.1 10 0.002 0.0002 133.28 127.87 5.4083 0.0024816 
10 75 8 4819.1 15 0.002 0.0002 133.38 127.98 5.4009 0.0024921 
10 75 8 4819.1 25 0.002 0.0002 133.32 127.92 5.3974 0.0025632 
10 100 6 4819.07 1 0.586 0.10204 268.47 127.65 140.81 0.0019425 
10 100 6 4819.1 2 0.326 0.10237 157.99 127.9 30.085 0.0020667 
10 100 6 4819.1 3 0.166 0.051269 151.18 128.65 22.527 0.0025694 
10 100 6 4819.1 5 0.034 0.0075959 149.77 128.77 21.001 0.0026707 
10 100 6 4819.1 8 0.012 0.0010776 149.63 128.83 20.795 0.0026948 
10 100 6 4819.1 10 0.012 0.0010776 149.69 128.89 20.804 0.0026849 
10 100 6 4819.1 15 0.012 0.0010776 149.51 128.74 20.772 0.0026966 
10 100 6 4819.1 25 0.012 0.0010776 149.67 128.89 20.778 0.002695 
10 100 8 4819.07 1 0.328 0.058792 207.95 170.37 37.579 0.0025541 
10 100 8 4819.1 2 0.108 0.028098 178.08 171.24 6.835 0.0033015 
10 100 8 4819.1 3 0.026 0.0056367 177.48 171.83 5.6482 0.0037409 
10 100 8 4819.1 5 0.004 0.00039184 177.26 171.84 5.4163 0.0036506 
10 100 8 4819.1 8 0.002 0.0002 177.32 171.92 5.398 0.0037854 
10 100 8 4819.1 10 0.002 0.0002 177.04 171.63 5.4028 0.0036734 
10 100 8 4819.1 15 0.002 0.0002 177.44 172.03 5.4064 0.0037765 
10 100 8 4819.1 25 0.002 0.0002 177.21 171.8 5.407 0.0036631 
