10 1 3 0.021 1 0.356 0.080473 119.96 0.47746 119.48 0.00022124 
10 1 4 0.021 1 0.252 0.071935 59.857 0.63739 59.22 0.00017897 
10 1 5 0.021 1 0.248 0.066629 30.465 0.79412 29.671 0.00016776 
10 1 6 0.021 1 0.134 0.043922 15.662 0.95136 14.71 0.00017141 
10 1 7 0.021 1 0.128 0.039608 8.4935 1.1115 7.3817 0.00017532 
10 5 3 0.021 1 0.852 0.040914 462.16 2.3732 459.78 0.00047886 
10 5 3 0.021 2 0.602 0.10714 117.95 2.3763 115.57 0.00039734 
10 5 3 0.021 3 0.348 0.09969 21.719 2.3709 19.347 0.00030519 
10 5 3 0.021 4 0.13 0.039286 4.5963 2.3705 2.2254 0.00026323 
10 5 3 0.021 5 0.026 0.0035959 2.6332 2.3641 0.26881 0.00026865 
10 5 4 0.021 1 0.704 0.0808 261.99 3.1638 258.83 0.00034457 
10 5 4 0.021 2 0.428 0.13104 38.321 3.1616 35.159 0.00026721 
10 5 4 0.021 3 0.22 0.087347 8.3457 3.1587 5.1867 0.00024085 
10 5 4 0.021 4 0.098 0.03571 4.2805 3.1686 1.1116 0.00024668 
10 5 4 0.021 5 0.02 0.0057143 3.3274 3.1535 0.17361 0.00022334 
10 5 5 0.021 1 0.638 0.093833 140.64 3.95 136.69 0.00028672 
10 5 5 0.021 2 0.316 0.081371 15.424 3.9477 11.476 0.00030362 
10 5 5 0.021 3 0.134 0.043922 5.9091 3.941 1.9678 0.00026571 
10 5 5 0.021 4 0.026 0.0056367 4.2409 3.9398 0.30081 0.00023445 
10 5 5 0.021 5 0.008 0.00075102 4.0199 3.9507 0.068866 0.00023607 
10 5 6 0.021 1 0.446 0.0658 75.681 4.7413 70.939 0.00028262 
10 5 6 0.021 2 0.144 0.025371 8.585 4.7419 3.8427 0.00027894 
10 5 6 0.021 3 0.028 0.004098 5.0985 4.7373 0.36083 0.0002525 
10 5 6 0.021 4 0.008 0.0011592 4.8249 4.7661 0.058601 0.00025186 
10 5 6 0.021 5 0.002 0.0002 4.7472 4.7322 0.014745 0.00024538 
10 5 7 0.021 1 0.372 0.084098 41.207 5.5334 35.674 0.00027772 
10 5 7 0.021 2 0.124 0.023086 7.377 5.5146 1.862 0.00026414 
10 5 7 0.021 3 0.028 0.0049143 5.775 5.5183 0.25632 0.00025446 
10 5 7 0.021 4 0.006 0.00057551 5.5877 5.5471 0.040374 0.00024814 
10 5 7 0.021 5 0 0 5.5391 5.5388 3.0869e-05 0.0002519 
10 10 3 0.021 1 0.958 0.016363 692.89 4.7507 688.14 0.00086184 
10 10 3 0.021 2 0.856 0.058841 342.9 4.7466 338.15 0.00070853 
10 10 3 0.021 3 0.716 0.096473 122.74 4.7406 118 0.00050785 
10 10 3 0.021 4 0.528 0.13838 38.134 4.7363 33.397 0.00047569 
10 10 3 0.021 5 0.37 0.12418 14.874 4.7411 10.133 0.00038976 
10 10 3 0.021 8 0.066 0.023514 5.5421 4.7482 0.79343 0.0003887 
10 10 3 0.021 10 0.002 0.0002 4.7773 4.7482 0.028665 0.00038705 
10 10 4 0.021 1 0.896 0.031412 439.68 6.3588 433.32 0.00059288 
10 10 4 0.021 2 0.73 0.088673 126.61 6.3134 120.3 0.00045538 
10 10 4 0.021 3 0.544 0.11721 33.402 6.3139 27.088 0.00035122 
10 10 4 0.021 4 0.388 0.10965 14.137 6.3104 7.8264 0.00035703 
10 10 4 0.021 5 0.256 0.10374 9.8017 6.3061 3.4952 0.00032768 
10 10 4 0.021 8 0.032 0.010384 6.5886 6.3035 0.28462 0.00033224 
10 10 4 0.021 10 0 0 6.3042 6.3038 3.8811e-05 0.00032205 
10 10 5 0.021 1 0.8 0.052245 259.41 7.9011 251.51 0.00046577 
10 10 5 0.021 2 0.56 0.11102 46.54 7.892 38.647 0.00037427 
10 10 5 0.021 3 0.364 0.1297 15.448 7.9352 7.5124 0.00031733 
10 10 5 0.021 4 0.234 0.090045 10.958 7.89 3.0677 0.00031956 
10 10 5 0.021 5 0.134 0.044739 9.3719 7.8866 1.4849 0.00030779 
10 10 5 0.021 8 0.01 0.0021429 7.9596 7.8876 0.071562 0.00030129 
10 10 5 0.021 10 0 0 7.8828 7.8824 3.6007e-05 0.0003031 
10 10 6 0.021 1 0.658 0.093098 140.24 9.4882 130.75 0.00044821 
10 10 6 0.021 2 0.424 0.098188 23.22 9.495 13.725 0.00041091 
10 10 6 0.021 3 0.242 0.081261 12.878 9.4802 3.397 0.00035405 
10 10 6 0.021 4 0.126 0.045637 10.889 9.4764 1.4127 0.0003506 
10 10 6 0.021 5 0.06 0.020408 10.051 9.468 0.58309 0.00033873 
10 10 6 0.021 8 0 0 9.474 9.4735 3.0984e-05 0.00033287 
10 10 6 0.021 10 0 0 9.5123 9.5118 3.1176e-05 0.00036846 
10 10 7 0.021 1 0.558 0.089833 79.252 11.039 68.213 0.00042994 
10 10 7 0.021 2 0.278 0.075629 16.834 11.03 5.8031 0.00036365 
10 10 7 0.021 3 0.124 0.035331 12.534 11.077 1.4557 0.00034164 
10 10 7 0.021 4 0.05 0.013571 11.507 11.029 0.47779 0.00038629 
10 10 7 0.021 5 0.022 0.0078735 11.199 11.025 0.17366 0.00033568 
10 10 7 0.021 8 0 0 11.025 11.025 3.1729e-05 0.0003296 
10 10 7 0.021 10 0 0 11.069 11.069 3.0614e-05 0.00037486 
10 25 3 0.021 1 0.998 0.0002 942.5 11.885 930.61 0.0025072 
10 25 3 0.021 2 0.988 0.0014857 808.32 11.866 796.45 0.002516 
10 25 3 0.021 3 0.954 0.011514 590.41 11.858 578.55 0.0021477 
10 25 3 0.021 4 0.898 0.025506 364.3 11.854 352.45 0.0018278 
10 25 3 0.021 5 0.85 0.044184 196.4 11.851 184.55 0.0014335 
10 25 3 0.021 8 0.666 0.11739 31.426 11.833 19.592 0.0011906 
10 25 3 0.021 10 0.528 0.14818 20.073 11.822 8.2499 0.0011043 
10 25 3 0.021 12 0.374 0.13094 17.037 11.856 5.1799 0.0011179 
10 25 3 0.021 15 0.178 0.082159 14.135 11.846 2.2874 0.0011886 
10 25 3 0.021 20 0.012 0.002302 11.915 11.822 0.091885 0.0011015 
10 25 3 0.021 25 0 0 11.82 11.818 3.0109e-05 0.0011055 
10 25 4 0.021 1 0.95 0.014388 767.58 16.276 751.3 0.0012998 
10 25 4 0.021 2 0.89 0.039694 446.79 16.021 430.76 0.0011176 
10 25 4 0.021 3 0.8 0.083265 204.31 15.75 188.55 0.00081697 
10 25 4 0.021 4 0.748 0.1054 87.283 15.705 71.578 0.00070327 
10 25 4 0.021 5 0.682 0.12681 44.136 15.687 28.448 0.00061845 
10 25 4 0.021 8 0.45 0.14541 22.233 15.6 6.6326 0.00056877 
10 25 4 0.021 10 0.348 0.14581 19.843 15.643 4.1992 0.00056363 
10 25 4 0.021 12 0.248 0.11112 18.388 15.668 2.7197 0.00062257 
10 25 4 0.021 15 0.118 0.061914 16.701 15.606 1.0947 0.00056913 
10 25 4 0.021 20 0.006 0.00098367 15.752 15.707 0.043784 0.00060242 
10 25 4 0.021 25 0 0 15.759 15.758 3.0649e-05 0.00059986 
10 25 5 0.021 1 0.91 0.033571 515.35 20.173 495.18 0.001056 
10 25 5 0.021 2 0.798 0.068771 188.22 19.762 168.46 0.00078085 
10 25 5 0.021 3 0.704 0.11223 67.821 19.48 48.341 0.00061212 
10 25 5 0.021 4 0.624 0.14023 36.696 19.529 17.167 0.00060344 
10 25 5 0.021 5 0.53 0.13439 28.325 19.398 8.9264 0.00052264 
10 25 5 0.021 8 0.268 0.10426 22.779 19.505 3.2737 0.00058675 
10 25 5 0.021 10 0.158 0.073914 21.273 19.394 1.8786 0.00052322 
10 25 5 0.021 12 0.092 0.049322 20.428 19.509 0.91778 0.00055686 
10 25 5 0.021 15 0.032 0.015282 19.866 19.628 0.23672 0.00061204 
10 25 5 0.021 20 0 0 19.63 19.63 3.0033e-05 0.00060663 
10 25 5 0.021 25 0 0 19.63 19.629 3.0432e-05 0.00061515 
10 25 6 0.021 1 0.866 0.034943 314.34 23.824 290.52 0.00089211 
10 25 6 0.021 2 0.708 0.10075 80.543 23.51 57.032 0.00065104 
10 25 6 0.021 3 0.586 0.12572 37.582 23.494 14.087 0.00062712 
10 25 6 0.021 4 0.45 0.145 29.851 23.495 6.3545 0.00055701 
10 25 6 0.021 5 0.346 0.12947 27.534 23.504 4.0295 0.00058727 
10 25 6 0.021 8 0.134 0.056984 24.765 23.567 1.1974 0.00057983 
10 25 6 0.021 10 0.056 0.022514 24.094 23.588 0.5054 0.00059898 
10 25 6 0.021 12 0.03 0.007449 23.943 23.717 0.22543 0.00065482 
10 25 6 0.021 15 0.008 0.0019755 23.725 23.666 0.058332 0.00063521 
10 25 6 0.021 20 0 0 23.681 23.68 2.985e-05 0.00063187 
10 25 6 0.021 25 0 0 23.749 23.748 3.0621e-05 0.00067473 
10 25 7 0.021 1 0.766 0.065555 183 27.731 155.27 0.00084719 
10 25 7 0.021 2 0.58 0.11429 48.771 27.304 21.466 0.00058893 
10 25 7 0.021 3 0.422 0.11196 33.952 27.351 6.601 0.00063062 
10 25 7 0.021 4 0.304 0.090596 30.646 27.393 3.2521 0.00062926 
10 25 7 0.021 5 0.214 0.074698 29.392 27.401 1.9906 0.00061122 
10 25 7 0.021 8 0.05 0.011939 27.86 27.465 0.3948 0.00062281 
10 25 7 0.021 10 0.012 0.0035265 27.729 27.643 0.085142 0.00076038 
10 25 7 0.021 12 0.008 0.0019755 27.728 27.669 0.058554 0.00073352 
10 25 7 0.021 15 0.002 0.0002 27.652 27.637 0.014222 0.00068507 
10 25 7 0.021 20 0 0 27.626 27.625 3.4721e-05 0.00074574 
10 25 7 0.021 25 0 0 27.658 27.657 3.1281e-05 0.00073838 
10 50 3 0.021 1 1 0 1008.7 25.749 982.97 0.002746 
10 50 3 0.021 2 0.998 0.0002 1003.9 26.264 977.66 0.002785 
10 50 3 0.021 3 0.996 0.00039184 967.54 26.066 941.47 0.0027049 
10 50 3 0.021 4 0.984 0.0021878 882.32 26.205 856.11 0.0026358 
10 50 3 0.021 5 0.968 0.0054857 752.83 25.97 726.85 0.0024879 
10 50 3 0.021 8 0.898 0.031629 291.8 25.486 266.31 0.0018016 
10 50 3 0.021 10 0.816 0.075657 119.27 25.192 94.079 0.0015167 
10 50 3 0.021 12 0.762 0.10281 58.294 25.152 33.141 0.0013502 
10 50 3 0.021 15 0.64 0.14776 37.97 25.082 12.886 0.0012868 
10 50 3 0.021 20 0.474 0.17502 31.637 25.226 6.4094 0.0013757 
10 50 3 0.021 25 0.278 0.13196 28.485 25.052 3.4312 0.0013266 
10 50 3 0.021 30 0.134 0.074535 26.595 25.105 1.4888 0.0013331 
10 50 3 0.021 40 0.014 0.0053102 25.131 25.03 0.10037 0.0013966 
10 50 3 0.021 50 0 0 25.594 25.593 3.221e-05 0.0014243 
10 50 4 0.021 1 0.994 0.00057551 949.28 34.751 914.52 0.0023096 
10 50 4 0.021 2 0.98 0.0032653 813.02 34.498 778.52 0.0022827 
10 50 4 0.021 3 0.938 0.020771 601.17 34.252 566.91 0.0019586 
10 50 4 0.021 4 0.902 0.034078 385.19 31.973 353.21 0.0015921 
10 50 4 0.021 5 0.86 0.067755 222.59 31.602 190.98 0.0013288 
10 50 4 0.021 8 0.748 0.10908 59.289 31.389 27.899 0.001097 
10 50 4 0.021 10 0.686 0.12368 45.604 31.461 14.142 0.0010684 
10 50 4 0.021 12 0.582 0.15702 41.244 31.446 9.7962 0.0010516 
10 50 4 0.021 15 0.438 0.15547 37.875 31.405 6.4685 0.0010518 
10 50 4 0.021 20 0.274 0.12809 35.271 31.428 3.8412 0.0010923 
10 50 4 0.021 25 0.158 0.093914 33.524 31.47 2.0531 0.0010439 
10 50 4 0.021 30 0.072 0.046547 32.455 31.696 0.75779 0.0011767 
10 50 4 0.021 40 0.002 0.0002 31.748 31.732 0.015228 0.0011557 
10 50 4 0.021 50 0 0 31.744 31.743 3.2976e-05 0.0011479 
10 50 5 0.021 1 0.966 0.0084122 771.77 41.025 730.74 0.0019355 
10 50 5 0.021 2 0.906 0.029147 446.85 40.098 406.75 0.0016558 
10 50 5 0.021 3 0.844 0.060473 212.7 39.394 173.31 0.0011885 
10 50 5 0.021 4 0.786 0.092249 108.91 39.283 69.625 0.0010343 
10 50 5 0.021 5 0.74 0.10653 69.66 39.019 30.641 0.00092473 
10 50 5 0.021 8 0.614 0.1498 48.95 39.049 9.9001 0.00090052 
10 50 5 0.021 10 0.508 0.1632 46.048 39.066 6.9807 0.00091155 
10 50 5 0.021 12 0.412 0.14638 44.321 39.026 5.2937 0.00089139 
10 50 5 0.021 15 0.294 0.14588 42.94 39.221 3.7173 0.001291 
10 50 5 0.021 20 0.164 0.091739 41.347 39.473 1.8731 0.001039 
10 50 5 0.021 25 0.07 0.037653 40.126 39.464 0.66092 0.0010169 
10 50 5 0.021 30 0.026 0.010535 39.889 39.686 0.20164 0.0010653 
10 50 5 0.021 40 0.002 0.0002 39.709 39.694 0.014205 0.0010654 
10 50 5 0.021 50 0 0 39.713 39.712 3.1475e-05 0.0010742 
10 50 6 0.021 1 0.918 0.023547 530.24 48.345 481.89 0.0018189 
10 50 6 0.021 2 0.832 0.055282 207.25 47.264 159.98 0.0012711 
10 50 6 0.021 3 0.752 0.084588 95.671 47.089 48.581 0.0010723 
10 50 6 0.021 4 0.67 0.12418 65.485 46.957 18.527 0.00099795 
10 50 6 0.021 5 0.594 0.12956 57.413 46.929 10.483 0.00097009 
10 50 6 0.021 8 0.424 0.1386 52.315 46.927 5.3871 0.00096812 
10 50 6 0.021 10 0.318 0.12477 51.093 47.352 3.7397 0.0010711 
10 50 6 0.021 12 0.242 0.10085 50.235 47.366 2.868 0.0011075 
10 50 6 0.021 15 0.152 0.071118 49.319 47.58 1.7386 0.0011454 
10 50 6 0.021 20 0.064 0.037045 48.244 47.616 0.62695 0.0011655 
10 50 6 0.021 25 0.034 0.017392 48.002 47.735 0.2653 0.0012076 
10 50 6 0.021 30 0.016 0.0050449 47.823 47.701 0.12041 0.0011714 
10 50 6 0.021 40 0 0 47.806 47.805 3.3027e-05 0.0012449 
10 50 6 0.021 50 0 0 47.814 47.813 3.3746e-05 0.0012215 
10 50 7 0.021 1 0.868 0.038547 331.13 55.966 275.16 0.0017737 
10 50 7 0.021 2 0.734 0.10107 112.18 54.843 57.334 0.0012461 
10 50 7 0.021 3 0.666 0.12678 71.421 54.6 16.82 0.0011047 
10 50 7 0.021 4 0.598 0.12836 63.628 54.664 8.9637 0.0010834 
10 50 7 0.021 5 0.486 0.12694 60.993 54.848 6.1445 0.0012359 
10 50 7 0.021 8 0.284 0.10423 58.194 55.191 3.0023 0.0013293 
10 50 7 0.021 10 0.2 0.08 57.533 55.675 1.8568 0.0014502 
10 50 7 0.021 12 0.122 0.045833 56.847 55.731 1.1146 0.0013938 
10 50 7 0.021 15 0.06 0.020816 56.261 55.777 0.48244 0.001441 
10 50 7 0.021 20 0.02 0.0077551 55.906 55.763 0.14173 0.0014768 
10 50 7 0.021 25 0.004 0.00039184 55.812 55.781 0.029352 0.0014665 
10 50 7 0.021 30 0 0 56.015 56.013 3.2511e-05 0.0015149 
10 50 7 0.021 40 0 0 55.757 55.755 3.3224e-05 0.0014895 
10 50 7 0.021 50 0 0 55.785 55.783 3.1746e-05 0.001465 
10 75 3 0.021 1 1 0 1016.9 37.338 979.56 0.0035042 
10 75 3 0.021 2 1 0 1015.2 37.173 978.07 0.0035141 
10 75 3 0.021 3 1 0 1011.5 37.192 974.31 0.0034499 
10 75 3 0.021 4 1 0 991.88 37.15 954.73 0.0034572 
10 75 3 0.021 5 0.996 0.00039184 962.48 37.053 925.42 0.0034768 
10 75 3 0.021 8 0.964 0.007249 706.64 36.586 670.05 0.0030884 
10 75 3 0.021 10 0.918 0.027629 449.11 35.959 413.15 0.0026562 
10 75 3 0.021 12 0.872 0.051037 239.94 35.596 204.35 0.002238 
10 75 3 0.021 15 0.808 0.080343 93.291 35.382 57.907 0.001938 
10 75 3 0.021 20 0.722 0.12542 52.129 35.255 16.873 0.0017899 
10 75 3 0.021 25 0.624 0.15411 45.532 35.209 10.322 0.0017723 
10 75 3 0.021 30 0.494 0.16792 41.786 35.248 6.536 0.0017379 
10 75 3 0.021 40 0.23 0.11276 38.37 35.319 3.0497 0.0018114 
10 75 3 0.021 50 0.07 0.039694 36.271 35.458 0.81153 0.0019119 
10 75 3 0.021 60 0.016 0.0042286 35.878 35.749 0.12673 0.0020388 
10 75 3 0.021 70 0 0 35.621 35.619 2.9803e-05 0.0019792 
10 75 4 0.021 1 0.998 0.0002 1015.6 50.055 965.5 0.0030698 
10 75 4 0.021 2 0.996 0.00039184 959.13 49.627 909.5 0.0030659 
10 75 4 0.021 3 0.986 0.0020449 833.77 49.276 784.5 0.0029392 
10 75 4 0.021 4 0.958 0.014731 675.2 48.712 626.48 0.0026316 
10 75 4 0.021 5 0.944 0.021698 494.11 48.382 445.72 0.0024011 
10 75 4 0.021 8 0.826 0.07829 145.33 47.036 98.289 0.0016458 
10 75 4 0.021 10 0.788 0.097404 81.959 47.104 34.853 0.0015822 
10 75 4 0.021 12 0.738 0.11832 65.426 46.853 18.571 0.0014999 
10 75 4 0.021 15 0.656 0.15476 58.685 46.865 11.818 0.0014848 
10 75 4 0.021 20 0.538 0.15791 54.321 46.825 7.4949 0.0015018 
10 75 4 0.021 25 0.388 0.14149 51.879 47.106 4.7715 0.0015585 
10 75 4 0.021 30 0.246 0.10947 50.581 47.329 3.251 0.0016593 
10 75 4 0.021 40 0.098 0.061016 48.356 47.391 0.96366 0.0016372 
10 75 4 0.021 50 0.01 0.0017347 47.901 47.827 0.071849 0.0020913 
10 75 4 0.021 60 0.002 0.0002 47.699 47.683 0.014245 0.0017134 
10 75 4 0.021 70 0 0 47.766 47.765 3.1986e-05 0.0017993 
10 75 5 0.021 1 0.984 0.0025959 911.83 62.04 849.78 0.0027386 
10 75 5 0.021 2 0.958 0.010649 671.28 60.92 610.36 0.0024928 
10 75 5 0.021 3 0.896 0.046514 416.5 59.929 356.56 0.0020649 
10 75 5 0.021 4 0.854 0.069473 240.52 59.27 181.25 0.0016592 
10 75 5 0.021 5 0.808 0.090547 145.76 59.086 86.669 0.0015362 
10 75 5 0.021 8 0.712 0.1321 75.95 58.645 17.303 0.0013244 
10 75 5 0.021 10 0.668 0.1414 70.439 58.664 11.774 0.0013 
10 75 5 0.021 12 0.62 0.15306 68.116 58.805 9.3102 0.0014108 
10 75 5 0.021 15 0.52 0.14939 65.458 58.879 6.5769 0.0013774 
10 75 5 0.021 20 0.342 0.1331 63.738 59.49 4.246 0.0015563 
10 75 5 0.021 25 0.218 0.11334 62.122 59.439 2.6811 0.0016026 
10 75 5 0.021 30 0.124 0.071657 61.32 59.774 1.5443 0.0016219 
10 75 5 0.021 40 0.036 0.018678 60.439 60.065 0.37262 0.0016811 
10 75 5 0.021 50 0.006 0.00057551 59.981 59.935 0.043961 0.0019901 
10 75 5 0.021 60 0 0 60.031 60.029 3.376e-05 0.0017278 
10 75 5 0.021 70 0 0 60.085 60.084 3.2785e-05 0.001733 
10 75 6 0.021 1 0.962 0.010159 692.62 73.415 619.2 0.0025441 
10 75 6 0.021 2 0.88 0.046122 345.99 71.68 274.31 0.0019935 
10 75 6 0.021 3 0.826 0.077065 172.8 70.88 101.92 0.0016233 
10 75 6 0.021 4 0.768 0.10222 109.94 70.578 39.362 0.0015158 
10 75 6 0.021 5 0.72 0.12204 90.215 70.305 19.908 0.0013715 
10 75 6 0.021 8 0.596 0.1457 79.889 70.602 9.2857 0.0014487 
10 75 6 0.021 10 0.5 0.14857 77.76 70.966 6.7931 0.0015715 
10 75 6 0.021 12 0.412 0.14638 76.556 71.354 5.2004 0.0016584 
10 75 6 0.021 15 0.31 0.13031 75.288 71.715 3.5711 0.0017033 
10 75 6 0.021 20 0.188 0.10516 74.042 72.045 1.9946 0.0017681 
10 75 6 0.021 25 0.114 0.066943 73.216 72.064 1.1504 0.0017867 
10 75 6 0.021 30 0.066 0.03331 72.734 72.138 0.59416 0.0018185 
10 75 6 0.021 40 0.012 0.0027102 72.501 72.408 0.091232 0.0018925 
10 75 6 0.021 50 0.002 0.0002 72.506 72.489 0.014196 0.0018776 
10 75 6 0.021 60 0 0 72.459 72.457 3.4048e-05 0.0018817 
10 75 6 0.021 70 0 0 72.182 72.18 3.361e-05 0.0018006 
10 75 7 0.021 1 0.928 0.017567 460.32 84.65 375.67 0.0026306 
10 75 7 0.021 2 0.824 0.05778 186.55 82.788 103.76 0.0019129 
10 75 7 0.021 3 0.744 0.0968 112.9 82.512 30.391 0.0017147 
10 75 7 0.021 4 0.682 0.11702 96.44 82.484 13.954 0.0016649 
10 75 7 0.021 5 0.634 0.12433 93.035 82.817 10.216 0.0018031 
10 75 7 0.021 8 0.438 0.12689 88.669 83.36 5.3073 0.0019655 
10 75 7 0.021 10 0.328 0.11226 87.859 84.026 3.8312 0.0021336 
10 75 7 0.021 12 0.236 0.097861 86.917 84.393 2.5218 0.0022238 
10 75 7 0.021 15 0.158 0.071873 86.003 84.514 1.4873 0.0022201 
10 75 7 0.021 20 0.078 0.038078 85.448 84.825 0.62053 0.0023359 
10 75 7 0.021 25 0.034 0.011269 84.865 84.62 0.24249 0.002241 
10 75 7 0.021 30 0.014 0.0024531 84.864 84.756 0.10555 0.0023346 
10 75 7 0.021 40 0.004 0.00039184 84.855 84.822 0.030515 0.0023294 
10 75 7 0.021 50 0 0 84.884 84.882 3.0292e-05 0.0023394 
10 75 7 0.021 60 0 0 84.839 84.837 3.1065e-05 0.0023403 
10 75 7 0.021 70 0 0 84.868 84.866 3.7303e-05 0.0023796 
10 100 3 0.021 1 1 0 1029.6 49.624 979.96 0.0044298 
10 100 3 0.021 2 1 0 1030.6 49.454 981.12 0.0044643 
10 100 3 0.021 3 1 0 1030.3 49.455 980.83 0.0044178 
10 100 3 0.021 4 1 0 1018.3 49.491 968.76 0.0044415 
10 100 3 0.021 5 1 0 1045.4 55.565 989.85 0.0047414 
10 100 3 0.021 8 0.996 0.00039184 984.74 60.555 924.18 0.0048354 
10 100 3 0.021 10 0.978 0.0054245 831.79 60.325 771.46 0.0045969 
10 100 3 0.021 12 0.952 0.022955 614.48 59.656 554.82 0.0041612 
10 100 3 0.021 15 0.91 0.040102 306.01 58.893 247.12 0.0033476 
10 100 3 0.021 20 0.814 0.08082 102.52 58.493 44.024 0.0027822 
10 100 3 0.021 25 0.742 0.12208 75.82 58.324 17.493 0.0026159 
10 100 3 0.021 30 0.684 0.15362 70.715 58.34 12.372 0.002597 
10 100 3 0.021 40 0.486 0.1547 64.986 58.453 6.5305 0.002753 
10 100 3 0.021 50 0.288 0.14312 62.844 59.029 3.8123 0.0030415 
10 100 3 0.021 60 0.146 0.097637 61.129 59.062 2.0639 0.0030173 
10 100 3 0.021 70 0.068 0.036098 59.877 59.361 0.51265 0.003129 
10 100 3 0.021 80 0.01 0.0021429 59.453 59.381 0.068704 0.0032899 
10 100 3 0.021 90 0.002 0.0002 59.625 59.607 0.014245 0.0032588 
10 100 3 0.021 100 0 0 59.331 59.328 3.2869e-05 0.0031293 
10 100 4 0.021 1 1 0 1085.3 64.687 1020.6 0.0039111 
10 100 4 0.021 2 0.996 0.0008 1067.1 64.582 1002.6 0.0039466 
10 100 4 0.021 3 0.996 0.0008 1012.3 64.669 947.66 0.0038505 
10 100 4 0.021 4 0.992 0.0011592 916.73 64.57 852.16 0.0037384 
10 100 4 0.021 5 0.976 0.0043102 775.88 64.623 711.25 0.0034782 
10 100 4 0.021 8 0.898 0.040608 315.76 64.269 251.49 0.0025587 
10 100 4 0.021 10 0.832 0.074057 165.93 64.387 101.54 0.0022435 
10 100 4 0.021 12 0.798 0.093261 105.55 64.34 41.205 0.0020706 
10 100 4 0.021 15 0.744 0.12456 84 64.249 19.749 0.0019857 
10 100 4 0.021 20 0.672 0.15063 77.208 64.335 12.871 0.0019664 
10 100 4 0.021 25 0.572 0.17185 73.083 64.294 8.7867 0.0020868 
10 100 4 0.021 30 0.468 0.17161 70.598 64.414 6.1814 0.0022463 
10 100 4 0.021 40 0.276 0.12268 68.05 64.522 3.5251 0.0023678 
10 100 4 0.021 50 0.12 0.07102 65.979 64.588 1.3887 0.0024547 
10 100 4 0.021 60 0.036 0.018269 65 64.666 0.33222 0.0025602 
10 100 4 0.021 70 0.008 0.0011592 64.787 64.719 0.065051 0.0025921 
10 100 4 0.021 80 0 0 64.661 64.658 3.1753e-05 0.002568 
10 100 4 0.021 90 0 0 64.657 64.654 3.2072e-05 0.0025628 
10 100 4 0.021 100 0 0 64.723 64.72 3.2045e-05 0.0025763 
10 100 5 0.021 1 0.992 0.0011592 987.05 83.083 903.97 0.003581 
10 100 5 0.021 2 0.97 0.0070408 818.33 81.806 736.52 0.0034351 
10 100 5 0.021 3 0.938 0.026078 598.3 80.864 517.43 0.0030317 
10 100 5 0.021 4 0.906 0.038127 398.62 79.554 319.06 0.0024939 
10 100 5 0.021 5 0.876 0.056963 256.2 79.332 176.86 0.002189 
10 100 5 0.021 8 0.802 0.088363 109.34 78.243 31.1 0.0017826 
10 100 5 0.021 10 0.724 0.11819 95.431 78.041 17.388 0.001726 
10 100 5 0.021 12 0.692 0.13218 92.141 78.401 13.738 0.0018192 
10 100 5 0.021 15 0.62 0.14857 88.659 78.41 10.247 0.0018313 
10 100 5 0.021 20 0.486 0.16409 85.823 79.095 6.7263 0.0020516 
10 100 5 0.021 25 0.368 0.15855 84.374 79.618 4.7545 0.0021083 
10 100 5 0.021 30 0.258 0.12698 83.244 79.908 3.3347 0.0021621 
10 100 5 0.021 40 0.138 0.08771 82.019 80.222 1.7947 0.0022115 
10 100 5 0.021 50 0.072 0.05471 80.929 80.071 0.85596 0.0022109 
10 100 5 0.021 60 0.034 0.019024 80.774 80.48 0.29143 0.0022991 
10 100 5 0.021 70 0.008 0.0019755 80.574 80.513 0.058978 0.002296 
10 100 5 0.021 80 0.002 0.0002 80.46 80.443 0.01427 0.0023013 
10 100 5 0.021 90 0 0 80.748 80.746 3.2282e-05 0.0023632 
10 100 5 0.021 100 0 0 80.675 80.673 3.1865e-05 0.0022915 
10 100 6 0.021 1 0.966 0.010453 808.21 98.847 709.36 0.0035524 
10 100 6 0.021 2 0.912 0.041486 478.04 96.484 381.55 0.0029427 
10 100 6 0.021 3 0.876 0.063494 265.68 95.041 170.64 0.0022488 
10 100 6 0.021 4 0.838 0.078731 166.72 94.671 72.044 0.0021096 
10 100 6 0.021 5 0.802 0.091629 128.99 94.343 34.644 0.0019042 
10 100 6 0.021 8 0.716 0.12423 107.51 94.712 12.795 0.0019193 
10 100 6 0.021 10 0.624 0.14186 104.58 94.836 9.7393 0.0020089 
10 100 6 0.021 12 0.564 0.14398 103.74 95.967 7.772 0.0023461 
10 100 6 0.021 15 0.464 0.1497 102.34 96.266 6.0682 0.0023059 
10 100 6 0.021 20 0.304 0.13019 100.19 96.272 3.9149 0.002342 
10 100 6 0.021 25 0.244 0.11598 99.938 97.097 2.8381 0.0025435 
10 100 6 0.021 30 0.164 0.085208 98.497 96.852 1.6426 0.00247 
10 100 6 0.021 40 0.068 0.040588 98.071 97.411 0.65711 0.0027101 
10 100 6 0.021 50 0.024 0.0079837 97.736 97.558 0.17532 0.0026672 
10 100 6 0.021 60 0.004 0.00039184 97.277 97.245 0.028983 0.0026072 
10 100 6 0.021 70 0.002 0.0002 97.602 97.585 0.014293 0.0027331 
10 100 6 0.021 80 0 0 97.555 97.553 3.4127e-05 0.0026828 
10 100 6 0.021 90 0 0 97.507 97.504 3.4107e-05 0.0026601 
10 100 6 0.021 100 0 0 97.324 97.321 3.386e-05 0.0025918 
10 100 7 0.021 1 0.946 0.011106 568.17 110.62 457.55 0.0036595 
10 100 7 0.021 2 0.872 0.044506 261.25 110.53 150.71 0.0027203 
10 100 7 0.021 3 0.81 0.072347 159.83 110.58 49.257 0.0023684 
10 100 7 0.021 4 0.764 0.09582 132.12 110.51 21.609 0.0022962 
10 100 7 0.021 5 0.702 0.11898 124.19 110.66 13.529 0.0024051 
10 100 7 0.021 8 0.554 0.1409 118.33 110.93 7.402 0.0030524 
10 100 7 0.021 10 0.468 0.13855 116.63 111.02 5.6128 0.0033349 
10 100 7 0.021 12 0.382 0.13212 115.58 111.05 4.5271 0.0033394 
10 100 7 0.021 15 0.276 0.11615 114.24 111.19 3.0467 0.0034631 
10 100 7 0.021 20 0.17 0.059286 112.8 111.21 1.587 0.0034779 
10 100 7 0.021 25 0.074 0.021555 111.87 111.24 0.62836 0.0035755 
10 100 7 0.021 30 0.032 0.0075265 111.48 111.22 0.25883 0.0035605 
10 100 7 0.021 40 0.01 0.0021429 111.31 111.23 0.07818 0.0036887 
10 100 7 0.021 50 0.002 0.0002 111.27 111.25 0.014241 0.0035844 
10 100 7 0.021 60 0.002 0.0002 111.17 111.15 0.014274 0.0035808 
10 100 7 0.021 70 0 0 111.27 111.27 3.3117e-05 0.0035831 
10 100 7 0.021 80 0 0 111.21 111.21 3.2525e-05 0.0035644 
10 100 7 0.021 90 0 0 111.19 111.19 3.2023e-05 0.0036488 
10 100 7 0.021 100 0 0 111.21 111.21 3.323e-05 0.0035711 
10 125 3 0.021 1 1 0 1015.4 59.283 956.13 0.0051626 
10 125 3 0.021 2 1 0 1021.8 59.165 962.67 0.0052976 
10 125 3 0.021 3 1 0 1019.6 59.19 960.41 0.0051981 
10 125 3 0.021 4 1 0 1028.1 59.238 968.86 0.0051934 
10 125 3 0.021 5 1 0 1028.6 59.426 969.16 0.0052283 
10 125 3 0.021 8 1 0 1010.8 59.395 951.4 0.0051198 
10 125 3 0.021 10 1 0 959.91 59.352 900.55 0.0051034 
10 125 3 0.021 12 0.992 0.0011592 842.23 59.408 782.82 0.0048796 
10 125 3 0.021 15 0.964 0.011331 580.45 59.317 521.13 0.0043514 
10 125 3 0.021 20 0.886 0.051841 202.2 59.309 142.89 0.0033083 
10 125 3 0.021 25 0.82 0.087347 94.47 59.26 35.208 0.0028808 
10 125 3 0.021 30 0.762 0.11465 78.029 59.319 18.707 0.0028045 
10 125 3 0.021 40 0.654 0.15315 70.452 59.223 11.226 0.0030191 
10 125 3 0.021 50 0.504 0.18243 66.296 59.327 6.9664 0.0029242 
10 125 3 0.021 60 0.324 0.13941 63.556 59.402 4.1508 0.0031585 
10 125 3 0.021 70 0.186 0.10531 61.897 59.484 2.4095 0.0036123 
10 125 3 0.021 80 0.09 0.053571 60.725 59.558 1.1636 0.003473 
10 125 3 0.021 90 0.05 0.038061 60.074 59.609 0.46175 0.003454 
10 125 3 0.021 100 0.018 0.0051796 59.775 59.618 0.15298 0.0035848 
10 125 4 0.021 1 1 0 1047.7 79.134 968.54 0.004613 
10 125 4 0.021 2 1 0 1040.6 79.079 961.51 0.0047053 
10 125 4 0.021 3 1 0 1018.6 79.182 939.45 0.0046419 
10 125 4 0.021 4 0.994 0.00098367 964.24 78.997 885.24 0.0045378 
10 125 4 0.021 5 0.988 0.0027102 887.03 79.038 807.99 0.0044003 
10 125 4 0.021 8 0.934 0.029229 511.73 79.088 432.64 0.0035399 
10 125 4 0.021 10 0.888 0.048833 294.86 78.973 215.88 0.0030394 
10 125 4 0.021 12 0.85 0.064592 172.86 79.745 93.11 0.0026512 
10 125 4 0.021 15 0.794 0.096902 112.38 78.973 33.404 0.0025131 
10 125 4 0.021 20 0.748 0.12255 95.399 79.017 16.38 0.0024914 
10 125 4 0.021 25 0.692 0.13912 91.059 78.959 12.097 0.002483 
10 125 4 0.021 30 0.632 0.15079 88.735 79.068 9.6645 0.0025795 
10 125 4 0.021 40 0.404 0.15794 84.536 79.184 5.3494 0.0028211 
10 125 4 0.021 50 0.246 0.12662 82.863 79.271 3.5892 0.0031331 
10 125 4 0.021 60 0.168 0.1063 81.708 79.33 2.3741 0.0031591 
10 125 4 0.021 70 0.11 0.069898 80.603 79.326 1.2738 0.0031468 
10 125 4 0.021 80 0.044 0.028229 79.821 79.433 0.38386 0.0032386 
10 125 4 0.021 90 0.012 0.0035265 79.528 79.433 0.092364 0.0032378 
10 125 4 0.021 100 0.004 0.00039184 79.457 79.425 0.028959 0.0033494 
10 125 5 0.021 1 0.996 0.00039184 1015.5 98.722 916.77 0.0044062 
10 125 5 0.021 2 0.988 0.002302 910.08 98.742 811.33 0.004242 
10 125 5 0.021 3 0.972 0.0077714 737.72 98.693 639.02 0.0038312 
10 125 5 0.021 4 0.94 0.017959 542.3 98.658 443.64 0.0034204 
10 125 5 0.021 5 0.912 0.025567 379.22 98.663 280.56 0.0029676 
10 125 5 0.021 8 0.818 0.081914 152.01 98.639 53.367 0.0023998 
10 125 5 0.021 10 0.788 0.095363 123.55 98.68 24.866 0.0023109 
10 125 5 0.021 12 0.758 0.10738 115.68 98.592 17.088 0.0022586 
10 125 5 0.021 15 0.696 0.14733 111.31 98.704 12.603 0.00241 
10 125 5 0.021 20 0.628 0.16247 107.97 98.834 9.1337 0.0026505 
10 125 5 0.021 25 0.532 0.16222 105.6 98.874 6.7212 0.0027869 
10 125 5 0.021 30 0.412 0.15985 104.04 98.969 5.0672 0.0029188 
10 125 5 0.021 40 0.25 0.12051 101.93 99.089 2.8426 0.0030714 
10 125 5 0.021 50 0.128 0.07022 100.54 99.122 1.4097 0.0036069 
10 125 5 0.021 60 0.054 0.031922 99.666 99.19 0.47235 0.0032558 
10 125 5 0.021 70 0.016 0.0038204 99.321 99.196 0.1217 0.0033235 
10 125 5 0.021 80 0.01 0.0013265 99.266 99.199 0.063929 0.0032833 
10 125 5 0.021 90 0.002 0.0002 99.197 99.179 0.014274 0.0033046 
10 125 5 0.021 100 0 0 99.231 99.227 3.2448e-05 0.0032821 
10 125 6 0.021 1 0.982 0.0031388 854.15 124.09 730.06 0.0041796 
10 125 6 0.021 2 0.956 0.011086 574.54 121.36 453.18 0.0035255 
10 125 6 0.021 3 0.914 0.028576 351.22 120.04 231.18 0.002966 
10 125 6 0.021 4 0.87 0.04949 226.19 118.26 107.93 0.0024847 
10 125 6 0.021 5 0.832 0.067935 169.16 118.18 50.973 0.0023992 
10 125 6 0.021 8 0.73 0.11724 132.84 118.31 14.527 0.0024219 
10 125 6 0.021 10 0.69 0.14051 130.75 119.34 11.404 0.0026894 
10 125 6 0.021 12 0.634 0.15168 129.19 119.93 9.26 0.0028062 
10 125 6 0.021 15 0.556 0.16333 127.63 120.57 7.0553 0.0029727 
10 125 6 0.021 20 0.412 0.15128 126.39 121.49 4.8974 0.0032242 
10 125 6 0.021 25 0.316 0.13647 125.23 121.62 3.5985 0.0031977 
10 125 6 0.021 30 0.242 0.11922 124.78 122.15 2.6309 0.003334 
10 125 6 0.021 40 0.118 0.07171 123.9 122.78 1.1209 0.0034126 
10 125 6 0.021 50 0.06 0.03102 123.21 122.75 0.46518 0.0034087 
10 125 6 0.021 60 0.02 0.0065306 122.98 122.82 0.14775 0.0034459 
10 125 6 0.021 70 0.008 0.00075102 122.8 122.74 0.051934 0.0034355 
10 125 6 0.021 80 0.002 0.0002 122.82 122.8 0.015516 0.0034944 
10 125 6 0.021 90 0 0 122.81 122.8 4.5613e-05 0.0034226 
10 125 6 0.021 100 0 0 123.12 123.12 4.5139e-05 0.00352 
10 125 7 0.021 1 0.956 0.014759 569.39 136.24 433.14 0.0042702 
10 125 7 0.021 2 0.888 0.041894 303.57 136.24 167.34 0.0033425 
10 125 7 0.021 3 0.828 0.072261 194.1 136.2 57.894 0.0028718 
10 125 7 0.021 4 0.78 0.089388 159.8 136.23 23.563 0.0028378 
10 125 7 0.021 5 0.73 0.11316 149.67 136.25 13.418 0.0029683 
10 125 7 0.021 8 0.616 0.14709 143.42 136.23 7.1876 0.0037988 
10 125 7 0.021 10 0.548 0.14214 142.02 136.27 5.7434 0.0041019 
10 125 7 0.021 12 0.484 0.14341 141.03 136.4 4.6192 0.0041415 
10 125 7 0.021 15 0.382 0.13416 139.5 136.28 3.2149 0.0043322 
10 125 7 0.021 20 0.25 0.10214 138.26 136.34 1.9105 0.0044081 
10 125 7 0.021 25 0.168 0.069567 137.57 136.39 1.1804 0.0044719 
10 125 7 0.021 30 0.084 0.034433 136.93 136.35 0.5796 0.004565 
10 125 7 0.021 40 0.034 0.010861 136.58 136.35 0.22939 0.0046846 
10 125 7 0.021 50 0.016 0.0042286 136.46 136.35 0.10433 0.0046747 
10 125 7 0.021 60 0.006 0.00098367 136.4 136.36 0.041944 0.0046402 
10 125 7 0.021 70 0.002 0.0002 136.34 136.32 0.014457 0.0045688 
10 125 7 0.021 80 0.002 0.0002 136.31 136.29 0.014441 0.0046585 
10 125 7 0.021 90 0 0 136.34 136.33 4.4422e-05 0.0046625 
10 125 7 0.021 100 0 0 136.33 136.32 5.2621e-05 0.0046442 
10 150 3 0.021 1 1 0 895.82 74.785 821.03 0.0054801 
10 150 3 0.021 2 1 0 943.46 79.996 863.46 0.0062379 
10 150 3 0.021 3 1 0 923.69 76.933 846.75 0.0057359 
10 150 3 0.021 4 1 0 875.12 70.412 804.7 0.0053903 
10 150 3 0.021 5 1 0 875.18 70.41 804.76 0.0054607 
10 150 3 0.021 8 0.998 0.0002 876.06 70.428 805.63 0.0054121 
10 150 3 0.021 10 0.998 0.0002 865.8 70.373 795.42 0.0054004 
10 150 3 0.021 12 0.992 0.0019755 828.76 70.614 758.14 0.0053333 
10 150 3 0.021 15 0.98 0.0036735 707.69 70.505 637.18 0.0051556 
10 150 3 0.021 20 0.922 0.030322 361.8 70.464 291.33 0.0041956 
10 150 3 0.021 25 0.844 0.067412 145.19 70.366 74.819 0.0036646 
10 150 3 0.021 30 0.806 0.093229 94.344 70.389 23.952 0.0032836 
10 150 3 0.021 40 0.728 0.13185 82.521 70.35 12.167 0.0034337 
10 150 3 0.021 50 0.61 0.15602 78.472 70.4 8.069 0.0034274 
10 150 3 0.021 60 0.472 0.16859 75.39 70.396 4.9907 0.0035621 
10 150 3 0.021 70 0.328 0.14655 73.737 70.43 3.3029 0.0040273 
10 150 3 0.021 80 0.208 0.11789 72.769 70.445 2.3198 0.0040224 
10 150 3 0.021 90 0.142 0.10004 71.979 70.477 1.4972 0.0040743 
10 150 3 0.021 100 0.094 0.062208 71.101 70.399 0.69797 0.0042242 
10 150 4 0.021 1 1 0 892.96 93.481 799.48 0.004795 
10 150 4 0.021 2 1 0 887.89 93.538 794.35 0.0049204 
10 150 4 0.021 3 0.998 0.0002 884.72 93.415 791.3 0.0051884 
10 150 4 0.021 4 0.996 0.0008 866.22 93.46 772.75 0.004855 
10 150 4 0.021 5 0.996 0.0008 833.13 93.465 739.66 0.0047261 
10 150 4 0.021 8 0.972 0.0073633 603.31 93.463 509.84 0.0042155 
10 150 4 0.021 10 0.938 0.023629 404.94 93.424 311.51 0.0037221 
10 150 4 0.021 12 0.896 0.050188 252.69 93.419 159.26 0.0033457 
10 150 4 0.021 15 0.838 0.077914 144.47 93.389 51.082 0.0029269 
10 150 4 0.021 20 0.782 0.10722 110.66 93.435 17.224 0.0028761 
10 150 4 0.021 25 0.732 0.13447 105.63 93.44 12.186 0.0028922 
10 150 4 0.021 30 0.686 0.14409 103.1 93.452 9.6409 0.0029916 
10 150 4 0.021 40 0.556 0.15639 99.428 93.447 5.9777 0.0033534 
10 150 4 0.021 50 0.382 0.14151 97.143 93.433 3.7056 0.0035369 
10 150 4 0.021 60 0.248 0.11438 95.965 93.435 2.5259 0.0037249 
10 150 4 0.021 70 0.164 0.10684 95.059 93.422 1.6328 0.0038192 
10 150 4 0.021 80 0.096 0.0608 94.263 93.47 0.7889 0.0038331 
10 150 4 0.021 90 0.036 0.015412 93.626 93.424 0.1974 0.0042042 
10 150 4 0.021 100 0.02 0.0069388 93.557 93.445 0.10782 0.0039473 
10 150 5 0.021 1 0.994 0.00098367 901.82 117.92 783.89 0.0048698 
10 150 5 0.021 2 0.988 0.0014857 843.06 117.31 725.74 0.0048209 
