10 100 1 2.1e-05 10 1 0 945.78 0.029566 945.74 0.0081378 
10 100 1 2.1e-05 12 1 0 932.61 0.029799 932.57 0.0081958 
10 100 1 2.1e-05 15 1 0 875.62 0.030752 875.58 0.0086878 
10 100 1 2.1e-05 20 1 0 876.76 0.030666 876.72 0.0085982 
10 100 1 2.1e-05 25 1 0 868.26 0.030401 868.22 0.008579 
10 100 1 2.1e-05 30 1 0 863.68 0.030126 863.64 0.0086091 
10 100 1 2.1e-05 40 1 0 843.04 0.030281 843.01 0.0085398 
10 100 1 2.1e-05 50 0.952 0.014384 442.68 0.030276 442.64 0.0082585 
10 100 1 2.1e-05 60 0.808 0.095445 42.774 0.030612 42.735 0.0080309 
10 100 1 2.1e-05 70 0.638 0.1424 9.0094 0.028401 8.9746 0.0063415 
10 100 1 2.1e-05 80 0.32 0.1449 3.7647 0.027229 3.7316 0.0057562 
10 100 1 2.1e-05 90 0.104 0.061208 0.89623 0.025836 0.86544 0.0049084 
10 100 1 2.1e-05 100 0 0 0.028982 0.024296 4.853e-06 0.004656 
10 125 1 2.1e-05 10 1 0 863.93 0.037358 863.88 0.010731 
10 125 1 2.1e-05 12 1 0 863.64 0.037345 863.59 0.010699 
10 125 1 2.1e-05 15 1 0 866.59 0.037399 866.54 0.01084 
10 125 1 2.1e-05 20 1 0 865.89 0.037524 865.84 0.010737 
10 125 1 2.1e-05 25 1 0 863.94 0.037492 863.89 0.01073 
10 125 1 2.1e-05 30 1 0 863.89 0.03737 863.84 0.010738 
10 125 1 2.1e-05 40 1 0 863.71 0.037678 863.66 0.010761 
10 125 1 2.1e-05 50 0.984 0.0128 851.08 0.037447 851.04 0.010699 
10 125 1 2.1e-05 60 0.942 0.03269 571.8 0.037332 571.75 0.010452 
10 125 1 2.1e-05 70 0.86 0.072653 106.48 0.037333 106.43 0.010474 
10 125 1 2.1e-05 80 0.77 0.11724 16.435 0.036018 16.39 0.0089988 
10 125 1 2.1e-05 90 0.594 0.15323 7.8092 0.035049 7.7663 0.0077323 
10 125 1 2.1e-05 100 0.318 0.13987 3.6355 0.033781 3.595 0.006636 
10 125 1 2.1e-05 125 0 0 0.036771 0.030794 5.707e-06 0.0059406 
10 150 1 2.1e-05 10 1 0 863.71 0.044383 863.65 0.013039 
10 150 1 2.1e-05 12 1 0 863.6 0.044262 863.54 0.012747 
10 150 1 2.1e-05 15 1 0 864.75 0.04464 864.69 0.012716 
10 150 1 2.1e-05 20 1 0 867.97 0.045206 867.91 0.012837 
10 150 1 2.1e-05 25 1 0 863.6 0.044224 863.55 0.012712 
10 150 1 2.1e-05 30 1 0 863.6 0.044192 863.55 0.012712 
10 150 1 2.1e-05 40 1 0 863.69 0.044556 863.64 0.013059 
10 150 1 2.1e-05 50 1 0 864.43 0.044381 864.38 0.012817 
10 150 1 2.1e-05 60 0.992 0.0011592 856.35 0.044938 856.29 0.012792 
10 150 1 2.1e-05 70 0.948 0.032343 668.09 0.044531 668.03 0.012615 
10 150 1 2.1e-05 80 0.906 0.058127 197.62 0.044602 197.56 0.012612 
10 150 1 2.1e-05 90 0.812 0.088016 27.928 0.044106 27.872 0.011764 
10 150 1 2.1e-05 100 0.694 0.13935 11.728 0.042282 11.676 0.010208 
10 150 1 2.1e-05 125 0.224 0.11574 2.5166 0.038578 2.4702 0.0077392 
10 150 1 2.1e-05 150 0 0 0.043146 0.036162 5.846e-06 0.0069494 
10 200 1 2.1e-05 10 1 0 866.47 0.058063 866.39 0.016772 
10 200 1 2.1e-05 12 1 0 863.63 0.058769 863.55 0.017181 
10 200 1 2.1e-05 15 1 0 864.24 0.054213 864.18 0.013231 
10 200 1 2.1e-05 20 1 0 865.15 0.05308 865.08 0.012678 
10 200 1 2.1e-05 25 1 0 863.84 0.053484 863.77 0.012657 
10 200 1 2.1e-05 30 1 0 863.51 0.052697 863.45 0.012692 
10 200 1 2.1e-05 40 1 0 863.65 0.052685 863.59 0.01278 
10 200 1 2.1e-05 50 1 0 863.69 0.052795 863.62 0.013011 
10 200 1 2.1e-05 60 1 0 865.42 0.052933 865.36 0.012646 
10 200 1 2.1e-05 70 1 0 867.33 0.052959 867.26 0.01272 
10 200 1 2.1e-05 80 1 0 860.35 0.053105 860.28 0.012683 
10 200 1 2.1e-05 90 0.988 0.0027102 776.18 0.052922 776.11 0.012962 
10 200 1 2.1e-05 100 0.94 0.02898 414.93 0.052665 414.87 0.012353 
10 200 1 2.1e-05 125 0.778 0.10747 16.437 0.052878 16.372 0.011489 
10 200 1 2.1e-05 150 0.462 0.16934 5.2936 0.052141 5.2308 0.010528 
10 200 1 2.1e-05 200 0 0 0.057229 0.047886 6.969e-06 0.0093059 
10 250 1 2.1e-05 10 1 0 863.47 0.072162 863.38 0.020844 
10 250 1 2.1e-05 12 1 0 865.15 0.070641 865.06 0.020059 
10 250 1 2.1e-05 15 1 0 864.45 0.065983 864.36 0.018033 
10 250 1 2.1e-05 20 1 0 863.56 0.066362 863.47 0.018054 
10 250 1 2.1e-05 25 1 0 863.56 0.06598 863.48 0.018136 
10 250 1 2.1e-05 30 1 0 866.17 0.066213 866.09 0.018146 
10 250 1 2.1e-05 40 1 0 864.25 0.066596 864.17 0.018064 
10 250 1 2.1e-05 50 1 0 865.03 0.066485 864.95 0.018412 
10 250 1 2.1e-05 60 1 0 863.52 0.065974 863.44 0.018028 
10 250 1 2.1e-05 70 1 0 863.34 0.066275 863.25 0.018038 
10 250 1 2.1e-05 80 1 0 863.39 0.066881 863.3 0.018088 
10 250 1 2.1e-05 90 1 0 863.48 0.065923 863.39 0.018103 
10 250 1 2.1e-05 100 0.996 0.0008 863.34 0.066252 863.25 0.018071 
10 250 1 2.1e-05 125 0.944 0.029453 407.43 0.0661 407.35 0.017758 
10 250 1 2.1e-05 150 0.796 0.10202 20.588 0.065701 20.506 0.01636 
10 250 1 2.1e-05 200 0.318 0.13742 3.3834 0.062692 3.3077 0.01299 
10 250 1 2.1e-05 250 0 0 0.070575 0.058802 8.228e-06 0.011734 
10 300 1 2.1e-05 10 1 0 866.16 0.083847 866.06 0.021621 
10 300 1 2.1e-05 12 1 0 863.5 0.082473 863.4 0.020699 
10 300 1 2.1e-05 15 1 0 863.49 0.082871 863.39 0.02061 
10 300 1 2.1e-05 20 1 0 863.8 0.082354 863.7 0.020628 
10 300 1 2.1e-05 25 1 0 865.07 0.083119 864.96 0.020544 
10 300 1 2.1e-05 30 1 0 864.13 0.082674 864.02 0.020617 
10 300 1 2.1e-05 40 1 0 863.47 0.082398 863.36 0.020531 
10 300 1 2.1e-05 50 1 0 866.34 0.083628 866.24 0.020663 
10 300 1 2.1e-05 60 1 0 863.73 0.082461 863.63 0.020609 
10 300 1 2.1e-05 70 1 0 864.09 0.082479 863.99 0.020898 
10 300 1 2.1e-05 80 1 0 865.12 0.08285 865.02 0.021018 
10 300 1 2.1e-05 90 1 0 864.14 0.083512 864.03 0.020877 
10 300 1 2.1e-05 100 1 0 863.48 0.082487 863.38 0.020935 
10 300 1 2.1e-05 125 1 0 858.49 0.082829 858.39 0.020533 
10 300 1 2.1e-05 150 0.94 0.033469 406.62 0.083046 406.51 0.020308 
10 300 1 2.1e-05 200 0.716 0.14219 11.361 0.081855 11.261 0.017719 
10 300 1 2.1e-05 250 0.198 0.10428 2.2036 0.076952 2.1114 0.015225 
10 300 1 2.1e-05 300 0 0 0.085222 0.070895 9.907e-06 0.014287 
10 350 1 2.1e-05 10 1 0 863.68 0.10009 863.55 0.028873 
10 350 1 2.1e-05 12 1 0 865.08 0.099906 864.95 0.028959 
10 350 1 2.1e-05 15 1 0 867.27 0.097095 867.15 0.026921 
10 350 1 2.1e-05 20 1 0 863.75 0.089726 863.64 0.019249 
10 350 1 2.1e-05 25 1 0 863.76 0.089787 863.65 0.018909 
10 350 1 2.1e-05 30 1 0 863.7 0.089448 863.6 0.018985 
10 350 1 2.1e-05 40 1 0 863.74 0.089468 863.63 0.019 
10 350 1 2.1e-05 50 1 0 864.98 0.090109 864.87 0.018997 
10 350 1 2.1e-05 60 1 0 864.22 0.089618 864.11 0.01893 
10 350 1 2.1e-05 70 1 0 866.5 0.089884 866.39 0.019053 
10 350 1 2.1e-05 80 1 0 863.45 0.089851 863.34 0.018937 
10 350 1 2.1e-05 90 1 0 863.58 0.089418 863.47 0.018947 
10 350 1 2.1e-05 100 1 0 913.4 0.089008 913.29 0.018275 
10 350 1 2.1e-05 125 1 0 946.54 0.087344 946.43 0.018547 
10 350 1 2.1e-05 150 0.994 0.0018 935.81 0.087824 935.7 0.017754 
10 350 1 2.1e-05 200 0.852 0.076833 33.57 0.087549 33.464 0.017426 
10 350 1 2.1e-05 250 0.614 0.16531 8.2365 0.086809 8.1326 0.017014 
10 350 1 2.1e-05 300 0.162 0.10159 1.9968 0.083448 1.8971 0.016168 
10 400 1 2.1e-05 10 1 0 906.32 0.11046 906.18 0.0303 
10 400 1 2.1e-05 12 1 0 906.71 0.11103 906.56 0.030381 
10 400 1 2.1e-05 15 1 0 906.81 0.11045 906.67 0.031176 
10 400 1 2.1e-05 20 1 0 899.64 0.10067 899.52 0.023917 
10 400 1 2.1e-05 25 1 0 906.94 0.10012 906.82 0.023503 
10 400 1 2.1e-05 30 1 0 906.67 0.099889 906.54 0.023586 
10 400 1 2.1e-05 40 1 0 906.66 0.10069 906.53 0.023574 
10 400 1 2.1e-05 50 1 0 906.55 0.099994 906.43 0.023965 
10 400 1 2.1e-05 60 1 0 934.05 0.10052 933.92 0.023778 
10 400 1 2.1e-05 70 1 0 943.44 0.10029 943.32 0.023537 
10 400 1 2.1e-05 80 1 0 945.43 0.1009 945.31 0.023437 
10 400 1 2.1e-05 90 1 0 935.73 0.1011 935.6 0.023559 
10 400 1 2.1e-05 100 1 0 944.59 0.10094 944.47 0.023388 
10 400 1 2.1e-05 125 1 0 945.65 0.10076 945.52 0.023441 
10 400 1 2.1e-05 150 1 0 945.59 0.10036 945.47 0.023616 
10 400 1 2.1e-05 200 0.926 0.037473 423.43 0.099975 423.31 0.023593 
10 400 1 2.1e-05 250 0.794 0.098943 17.703 0.10052 17.581 0.02178 
10 400 1 2.1e-05 300 0.486 0.1698 6.3704 0.099282 6.251 0.020041 
10 400 1 2.1e-05 400 0 0 0.10897 0.091048 4.5895e-05 0.017836 
10 500 1 2.1e-05 10 1 0 911.55 0.13498 911.38 0.037277 
10 500 1 2.1e-05 12 1 0 911.38 0.13539 911.21 0.03725 
10 500 1 2.1e-05 15 1 0 921.94 0.13748 921.77 0.038709 
10 500 1 2.1e-05 20 1 0 972.98 0.13144 972.81 0.033455 
10 500 1 2.1e-05 25 1 0 983 0.12855 982.83 0.032928 
10 500 1 2.1e-05 30 1 0 980.44 0.1277 980.28 0.032467 
10 500 1 2.1e-05 40 1 0 984.5 0.12881 984.34 0.032416 
10 500 1 2.1e-05 50 1 0 962.76 0.12461 962.61 0.031332 
10 500 1 2.1e-05 60 1 0 949.95 0.12266 949.8 0.030021 
10 500 1 2.1e-05 70 1 0 950.19 0.12295 950.03 0.029901 
10 500 1 2.1e-05 80 1 0 939.75 0.12225 939.6 0.029876 
10 500 1 2.1e-05 90 1 0 949.79 0.12304 949.64 0.029925 
10 500 1 2.1e-05 100 1 0 949.74 0.12244 949.58 0.029982 
10 500 1 2.1e-05 125 1 0 949.97 0.12218 949.82 0.030107 
10 500 1 2.1e-05 150 1 0 950.34 0.12258 950.19 0.029911 
10 500 1 2.1e-05 200 1 0 949.82 0.12242 949.67 0.029903 
10 500 1 2.1e-05 250 0.93 0.042143 419.47 0.12241 419.32 0.029658 
10 500 1 2.1e-05 300 0.824 0.090841 22.474 0.12273 22.323 0.028058 
10 500 1 2.1e-05 400 0.318 0.14967 4.0576 0.11748 3.916 0.024074 
10 500 1 2.1e-05 500 0 0 0.13513 0.11235 5.4956e-05 0.022668 
10 600 1 2.1e-05 10 1 0 906.9 0.16083 906.69 0.045388 
10 600 1 2.1e-05 12 1 0 906.85 0.16049 906.64 0.046159 
10 600 1 2.1e-05 15 1 0 900.05 0.16161 899.84 0.045509 
10 600 1 2.1e-05 20 1 0 908.42 0.14485 908.24 0.034896 
10 600 1 2.1e-05 25 1 0 908.69 0.1441 908.51 0.035302 
10 600 1 2.1e-05 30 1 0 908.5 0.14446 908.32 0.034844 
10 600 1 2.1e-05 40 1 0 908.6 0.14435 908.42 0.034839 
10 600 1 2.1e-05 50 1 0 908.71 0.14451 908.53 0.034948 
10 600 1 2.1e-05 60 1 0 908.23 0.14455 908.05 0.03484 
10 600 1 2.1e-05 70 1 0 908.51 0.14477 908.33 0.034965 
10 600 1 2.1e-05 80 1 0 901.49 0.14483 901.31 0.034944 
10 600 1 2.1e-05 90 1 0 908.29 0.144 908.11 0.034777 
10 600 1 2.1e-05 100 1 0 908.06 0.14412 907.88 0.034729 
10 600 1 2.1e-05 125 1 0 908.11 0.14465 907.93 0.034878 
10 600 1 2.1e-05 150 1 0 908.61 0.14434 908.43 0.035081 
10 600 1 2.1e-05 200 1 0 908.3 0.14453 908.12 0.034888 
10 600 1 2.1e-05 250 1 0 908.57 0.1447 908.39 0.034836 
10 600 1 2.1e-05 300 0.922 0.051547 393.55 0.14414 393.38 0.0346 
10 600 1 2.1e-05 400 0.716 0.13647 12.403 0.14386 12.228 0.031355 
10 600 1 2.1e-05 500 0.198 0.10877 2.7066 0.14156 2.5364 0.028562 
10 600 1 2.1e-05 600 0 0 0.16355 0.13589 3.0192e-05 0.027572 
10 700 1 2.1e-05 10 1 0 897.29 0.18596 897.05 0.052255 
10 700 1 2.1e-05 12 1 0 904.15 0.1858 903.91 0.052202 
10 700 1 2.1e-05 15 1 0 903.46 0.18618 903.22 0.052819 
10 700 1 2.1e-05 20 1 0 903.5 0.1693 903.3 0.035929 
10 700 1 2.1e-05 25 1 0 903.76 0.16654 903.56 0.034734 
10 700 1 2.1e-05 30 1 0 903.99 0.16704 903.79 0.034742 
10 700 1 2.1e-05 40 1 0 903.93 0.16666 903.73 0.03524 
10 700 1 2.1e-05 50 1 0 897.75 0.16712 897.55 0.034982 
10 700 1 2.1e-05 60 1 0 903.17 0.16718 902.97 0.034634 
10 700 1 2.1e-05 70 1 0 903.93 0.16661 903.73 0.034717 
10 700 1 2.1e-05 80 1 0 903.82 0.16744 903.62 0.035315 
10 700 1 2.1e-05 90 1 0 903.9 0.16723 903.69 0.035146 
10 700 1 2.1e-05 100 1 0 903.9 0.16798 903.7 0.034749 
10 700 1 2.1e-05 125 1 0 903.89 0.16744 903.68 0.0348 
10 700 1 2.1e-05 150 1 0 903.81 0.16696 903.6 0.034858 
10 700 1 2.1e-05 200 1 0 904.01 0.16789 903.81 0.034825 
10 700 1 2.1e-05 250 1 0 897.73 0.16744 897.52 0.035329 
10 700 1 2.1e-05 300 1 0 901.58 0.16678 901.38 0.034733 
10 700 1 2.1e-05 400 0.866 0.072494 29.222 0.16739 29.02 0.034356 
10 700 1 2.1e-05 500 0.622 0.16665 8.3461 0.166 8.1462 0.033766 
10 700 1 2.1e-05 600 0.154 0.10172 2.2127 0.1651 2.0144 0.033197 
10 700 1 2.1e-05 700 0 0 0.19565 0.16263 3.9067e-05 0.032922 
10 800 1 2.1e-05 10 1 0 910.85 0.21136 910.58 0.059893 
10 800 1 2.1e-05 12 1 0 909.97 0.21216 909.7 0.059891 
10 800 1 2.1e-05 15 1 0 910.3 0.21084 910.03 0.059833 
10 800 1 2.1e-05 20 1 0 910.12 0.1929 909.89 0.040373 
10 800 1 2.1e-05 25 1 0 910.11 0.19206 909.87 0.040462 
10 800 1 2.1e-05 30 1 0 910.66 0.19243 910.43 0.040515 
10 800 1 2.1e-05 40 1 0 904.01 0.19403 903.77 0.040514 
10 800 1 2.1e-05 50 1 0 910.91 0.19305 910.67 0.040838 
10 800 1 2.1e-05 60 1 0 910.52 0.1928 910.29 0.040475 
10 800 1 2.1e-05 70 1 0 910.29 0.19359 910.05 0.041282 
10 800 1 2.1e-05 80 1 0 910.49 0.19386 910.25 0.040414 
10 800 1 2.1e-05 90 1 0 910.66 0.19235 910.42 0.040451 
10 800 1 2.1e-05 100 1 0 910.61 0.19296 910.38 0.040339 
10 800 1 2.1e-05 125 1 0 905.89 0.19469 905.65 0.04077 
10 800 1 2.1e-05 150 1 0 912.25 0.19215 912.01 0.042394 
10 800 1 2.1e-05 200 1 0 912.44 0.19302 912.21 0.040453 
10 800 1 2.1e-05 250 1 0 912.15 0.19319 911.92 0.040498 
10 800 1 2.1e-05 300 1 0 912.01 0.193 911.77 0.040404 
10 800 1 2.1e-05 400 0.918 0.05171 377.73 0.19213 377.5 0.04045 
10 800 1 2.1e-05 500 0.776 0.11492 15.546 0.19445 15.312 0.039335 
10 800 1 2.1e-05 600 0.466 0.17086 5.6332 0.19177 5.4019 0.039428 
10 800 1 2.1e-05 700 0.09 0.056429 1.2635 0.19175 1.0333 0.038368 
10 800 1 2.1e-05 800 0 0 0.22937 0.19101 4.3121e-05 0.038263 
10 900 1 2.1e-05 10 1 0 907.46 0.2339 907.16 0.068508 
10 900 1 2.1e-05 12 1 0 908.23 0.23511 907.93 0.068134 
10 900 1 2.1e-05 15 1 0 901.3 0.23432 900.99 0.068712 
10 900 1 2.1e-05 20 1 0 907.48 0.21166 907.22 0.051597 
10 900 1 2.1e-05 25 1 0 907.62 0.21007 907.36 0.051599 
10 900 1 2.1e-05 30 1 0 907.92 0.20969 907.66 0.052299 
10 900 1 2.1e-05 40 1 0 907.67 0.21025 907.41 0.05156 
10 900 1 2.1e-05 50 1 0 907.75 0.21029 907.49 0.051915 
10 900 1 2.1e-05 60 1 0 907.75 0.20981 907.49 0.051642 
10 900 1 2.1e-05 70 1 0 907.99 0.21064 907.73 0.051892 
10 900 1 2.1e-05 80 1 0 907.42 0.21021 907.16 0.051487 
10 900 1 2.1e-05 90 1 0 901.19 0.21042 900.93 0.052122 
10 900 1 2.1e-05 100 1 0 907.51 0.20987 907.25 0.05157 
10 900 1 2.1e-05 125 1 0 907.82 0.21039 907.56 0.052015 
10 900 1 2.1e-05 150 1 0 908.34 0.20968 908.08 0.051476 
10 900 1 2.1e-05 200 1 0 907.97 0.20989 907.71 0.051776 
10 900 1 2.1e-05 250 1 0 908.31 0.20989 908.05 0.052022 
10 900 1 2.1e-05 300 1 0 908.21 0.21156 907.95 0.052416 
10 900 1 2.1e-05 400 0.994 0.00057551 894.94 0.20988 894.68 0.051963 
10 900 1 2.1e-05 500 0.892 0.0632 38.661 0.21108 38.398 0.051128 
10 900 1 2.1e-05 600 0.718 0.13865 12.726 0.21096 12.468 0.047071 
10 900 1 2.1e-05 700 0.392 0.16891 4.6125 0.21133 4.3569 0.044192 
10 900 1 2.1e-05 800 0.07 0.047041 1.0249 0.21082 0.77103 0.042966 
10 900 1 2.1e-05 900 0 0 0.25219 0.20958 5.82e-05 0.042501 
10 1000 1 2.1e-05 10 1 0 903.41 0.25908 903.07 0.07748 
10 1000 1 2.1e-05 12 1 0 903.26 0.26111 902.93 0.07726 
10 1000 1 2.1e-05 15 1 0 903.04 0.26063 902.71 0.076493 
10 1000 1 2.1e-05 20 1 0 903.11 0.26298 902.8 0.054659 
10 1000 1 2.1e-05 25 1 0 902.59 0.26171 902.28 0.054423 
10 1000 1 2.1e-05 30 1 0 903.26 0.26513 902.94 0.054602 
10 1000 1 2.1e-05 40 1 0 907.14 0.26296 906.82 0.054581 
10 1000 1 2.1e-05 50 1 0 906.8 0.26292 906.48 0.054995 
10 1000 1 2.1e-05 60 1 0 899.97 0.26141 899.66 0.054629 
10 1000 1 2.1e-05 70 1 0 910.78 0.26157 910.46 0.054803 
10 1000 1 2.1e-05 80 1 0 910.82 0.26212 910.5 0.054498 
10 1000 1 2.1e-05 90 1 0 910.47 0.26264 910.15 0.0545 
10 1000 1 2.1e-05 100 1 0 911.17 0.2633 910.85 0.054414 
10 1000 1 2.1e-05 125 1 0 911.7 0.26324 911.39 0.054666 
10 1000 1 2.1e-05 150 1 0 911.56 0.26165 911.24 0.054753 
10 1000 1 2.1e-05 200 1 0 904.86 0.26118 904.55 0.054489 
10 1000 1 2.1e-05 250 1 0 907.24 0.26317 906.92 0.055133 
10 1000 1 2.1e-05 300 1 0 906.82 0.26333 906.51 0.054618 
10 1000 1 2.1e-05 400 1 0 907.27 0.26167 906.95 0.054651 
10 1000 1 2.1e-05 500 0.918 0.052527 366.11 0.26283 365.8 0.054133 
10 1000 1 2.1e-05 600 0.824 0.087984 18.22 0.26363 17.904 0.052006 
10 1000 1 2.1e-05 700 0.656 0.16007 9.403 0.26332 9.089 0.050591 
10 1000 1 2.1e-05 800 0.296 0.13753 3.7921 0.26308 3.48 0.048897 
10 1000 1 2.1e-05 900 0.054 0.031922 0.80929 0.26395 0.497 0.048279 
10 1000 1 2.1e-05 1000 0 0 0.31241 0.26437 3.5509e-05 0.047937 
10 1250 1 2.1e-05 10 1 0 911.76 0.30635 911.37 0.08568 
10 1250 1 2.1e-05 12 1 0 923.49 0.3095 923.09 0.086587 
10 1250 1 2.1e-05 15 1 0 942.98 0.31076 942.59 0.082019 
10 1250 1 2.1e-05 20 1 0 947.8 0.33901 947.4 0.065062 
10 1250 1 2.1e-05 25 1 0 949.93 0.33809 949.53 0.064766 
10 1250 1 2.1e-05 30 1 0 950.14 0.34146 949.73 0.064802 
10 1250 1 2.1e-05 40 1 0 950.35 0.34034 949.94 0.065116 
10 1250 1 2.1e-05 50 1 0 950.22 0.34131 949.82 0.064765 
10 1250 1 2.1e-05 60 1 0 950.3 0.34201 949.89 0.064879 
10 1250 1 2.1e-05 70 1 0 946.23 0.34014 945.83 0.064806 
10 1250 1 2.1e-05 80 1 0 946.43 0.34119 946.02 0.065209 
10 1250 1 2.1e-05 90 1 0 936.52 0.33676 936.12 0.065274 
10 1250 1 2.1e-05 100 1 0 950.79 0.34321 950.38 0.065294 
10 1250 1 2.1e-05 125 1 0 945.94 0.34158 945.53 0.064896 
10 1250 1 2.1e-05 150 1 0 946.15 0.34159 945.75 0.065141 
10 1250 1 2.1e-05 200 1 0 946.34 0.34144 945.93 0.065092 
10 1250 1 2.1e-05 250 1 0 946.43 0.34169 946.02 0.064939 
10 1250 1 2.1e-05 300 1 0 946.18 0.34074 945.78 0.065013 
10 1250 1 2.1e-05 400 1 0 946.06 0.34019 945.66 0.065567 
10 1250 1 2.1e-05 500 1 0 936.37 0.33644 935.97 0.065168 
10 1250 1 2.1e-05 600 0.982 0.0035469 736.41 0.34128 736 0.064563 
10 1250 1 2.1e-05 700 0.88 0.072653 34.838 0.34129 34.433 0.063788 
10 1250 1 2.1e-05 800 0.756 0.12415 15.051 0.34054 14.648 0.06216 
10 1250 1 2.1e-05 900 0.588 0.17822 8.0696 0.34203 7.6658 0.061604 
10 1250 1 2.1e-05 1000 0.284 0.13239 3.9331 0.34109 3.5313 0.060604 
10 1500 1 2.1e-05 10 1 0 907.01 0.365 906.53 0.11282 
10 1500 1 2.1e-05 12 1 0 907.38 0.36554 906.9 0.11287 
10 1500 1 2.1e-05 15 1 0 907.12 0.36288 906.65 0.10808 
10 1500 1 2.1e-05 20 1 0 906.82 0.33897 906.39 0.08264 
10 1500 1 2.1e-05 25 1 0 907.05 0.34003 906.62 0.08287 
10 1500 1 2.1e-05 30 1 0 901.69 0.34112 901.27 0.082498 
10 1500 1 2.1e-05 40 1 0 905.46 0.34035 905.04 0.083459 
10 1500 1 2.1e-05 50 1 0 907.02 0.33936 906.6 0.082216 
10 1500 1 2.1e-05 60 1 0 906.76 0.34012 906.33 0.083349 
10 1500 1 2.1e-05 70 1 0 906.99 0.34016 906.57 0.082606 
10 1500 1 2.1e-05 80 1 0 907.04 0.34244 906.61 0.082594 
10 1500 1 2.1e-05 90 1 0 906.83 0.3389 906.41 0.082757 
10 1500 1 2.1e-05 100 1 0 906.73 0.33978 906.3 0.083045 
10 1500 1 2.1e-05 125 1 0 900.44 0.34019 900.02 0.082495 
10 1500 1 2.1e-05 150 1 0 906.66 0.34039 906.24 0.082445 
10 1500 1 2.1e-05 200 1 0 906.81 0.33931 906.39 0.0823 
10 1500 1 2.1e-05 250 1 0 907.09 0.34022 906.67 0.082476 
10 1500 1 2.1e-05 300 1 0 906.62 0.34006 906.19 0.082237 
10 1500 1 2.1e-05 400 1 0 906.59 0.3391 906.17 0.082772 
10 1500 1 2.1e-05 500 1 0 906.62 0.33928 906.19 0.08269 
10 1500 1 2.1e-05 600 1 0 900.38 0.34047 899.95 0.08238 
10 1500 1 2.1e-05 700 0.986 0.007351 852.88 0.33921 852.46 0.082822 
10 1500 1 2.1e-05 800 0.902 0.0602 62.71 0.34051 62.287 0.082035 
10 1500 1 2.1e-05 900 0.816 0.088718 18.684 0.34082 18.265 0.078626 
10 1500 1 2.1e-05 1000 0.7 0.15224 12.245 0.3405 11.827 0.076721 
10 1500 1 2.1e-05 1500 0 0 0.41552 0.34264 0.0001917 0.072576 
10 2000 1 2.1e-05 10 1 0 909.99 0.47088 909.38 0.13093 
10 2000 1 2.1e-05 12 1 0 909.39 0.47155 908.79 0.13144 
10 2000 1 2.1e-05 15 1 0 909.54 0.46647 908.95 0.12383 
10 2000 1 2.1e-05 20 1 0 909.5 0.4453 908.96 0.10237 
10 2000 1 2.1e-05 25 1 0 909.57 0.44602 909.03 0.10265 
10 2000 1 2.1e-05 30 1 0 909.08 0.44561 908.53 0.10286 
10 2000 1 2.1e-05 40 1 0 909.17 0.44729 908.62 0.10285 
10 2000 1 2.1e-05 50 1 0 902.53 0.44579 901.98 0.10308 
10 2000 1 2.1e-05 60 1 0 909.13 0.44535 908.59 0.10268 
10 2000 1 2.1e-05 70 1 0 909.3 0.44603 908.76 0.10285 
10 2000 1 2.1e-05 80 1 0 909.26 0.44536 908.71 0.10241 
10 2000 1 2.1e-05 90 1 0 909.12 0.44457 908.57 0.10248 
10 2000 1 2.1e-05 100 1 0 908.95 0.44541 908.4 0.10245 
10 2000 1 2.1e-05 125 1 0 909.11 0.4444 908.56 0.10266 
10 2000 1 2.1e-05 150 1 0 909.41 0.44763 908.86 0.10301 
10 2000 1 2.1e-05 200 1 0 902.32 0.44545 901.77 0.10253 
10 2000 1 2.1e-05 250 1 0 909.01 0.44518 908.46 0.10277 
10 2000 1 2.1e-05 300 1 0 908.86 0.4457 908.31 0.10319 
10 2000 1 2.1e-05 400 1 0 908.96 0.44571 908.41 0.10332 
10 2000 1 2.1e-05 500 1 0 909.08 0.44532 908.53 0.10242 
10 2000 1 2.1e-05 600 1 0 909.16 0.44442 908.61 0.10205 
10 2000 1 2.1e-05 700 1 0 909.24 0.44509 908.69 0.1033 
10 2000 1 2.1e-05 800 1 0 902.57 0.44838 902.02 0.10279 
10 2000 1 2.1e-05 900 1 0 903.7 0.44593 903.15 0.10228 
10 2000 1 2.1e-05 1000 0.93 0.038061 337.21 0.44467 336.67 0.10239 
10 2000 1 2.1e-05 1500 0.476 0.1839 5.8272 0.44709 5.2844 0.095541 
10 2000 1 2.1e-05 2000 0 0 0.54328 0.44916 0.00018847 0.093825 
10 3000 1 2.1e-05 10 1 0 908.7 0.68064 907.83 0.18581 
10 3000 1 2.1e-05 12 1 0 909.03 0.68302 908.16 0.18606 
10 3000 1 2.1e-05 15 1 0 908.96 0.67631 908.11 0.17146 
10 3000 1 2.1e-05 20 1 0 908.84 0.66613 908.03 0.14495 
10 3000 1 2.1e-05 25 1 0 908.78 0.66676 907.96 0.14477 
10 3000 1 2.1e-05 30 1 0 908.61 0.66723 907.8 0.14488 
10 3000 1 2.1e-05 40 1 0 902.3 0.66583 901.49 0.14629 
10 3000 1 2.1e-05 50 1 0 909.4 0.66625 908.59 0.14516 
10 3000 1 2.1e-05 60 1 0 909.43 0.66562 908.62 0.14525 
10 3000 1 2.1e-05 70 1 0 909.87 0.66575 909.06 0.14446 
10 3000 1 2.1e-05 80 1 0 912.48 0.66947 911.66 0.14452 
10 3000 1 2.1e-05 90 1 0 912.4 0.6659 911.59 0.14499 
10 3000 1 2.1e-05 100 1 0 912.64 0.66563 911.83 0.14427 
10 3000 1 2.1e-05 125 1 0 912.66 0.66699 911.85 0.14477 
10 3000 1 2.1e-05 150 1 0 906.21 0.66882 905.4 0.14477 
10 3000 1 2.1e-05 200 1 0 912.23 0.66932 911.41 0.14573 
10 3000 1 2.1e-05 250 1 0 912.81 0.66677 912 0.14505 
10 3000 1 2.1e-05 300 1 0 912.74 0.66806 911.93 0.14496 
10 3000 1 2.1e-05 400 1 0 912.55 0.6661 911.74 0.14557 
10 3000 1 2.1e-05 500 1 0 912.75 0.66642 911.94 0.14448 
10 3000 1 2.1e-05 600 1 0 911.66 0.66792 910.85 0.14553 
10 3000 1 2.1e-05 700 1 0 906.75 0.66767 905.93 0.14544 
10 3000 1 2.1e-05 800 1 0 912.81 0.66662 912 0.14499 
10 3000 1 2.1e-05 900 1 0 912.41 0.66646 911.6 0.14446 
10 3000 1 2.1e-05 1000 1 0 912.46 0.66642 911.65 0.14462 
10 3000 1 2.1e-05 1500 0.928 0.042057 320.48 0.66791 319.66 0.14478 
10 3000 1 2.1e-05 2000 0.714 0.13715 13.014 0.66709 12.206 0.14126 
10 3000 1 2.1e-05 2500 0.196 0.11631 3.2682 0.66952 2.4577 0.14079 
10 3000 1 2.1e-05 3000 0 0 0.81192 0.6721 0.00018259 0.13954 
10 4000 1 2.1e-05 10 1 0 910.29 0.89221 909.16 0.24128 
10 4000 1 2.1e-05 12 1 0 910.12 0.89209 908.99 0.24037 
10 4000 1 2.1e-05 15 1 0 903.14 0.90489 902.02 0.21273 
10 4000 1 2.1e-05 20 1 0 908.68 0.91658 907.58 0.19195 
10 4000 1 2.1e-05 25 1 0 909.1 0.91855 907.99 0.19355 
10 4000 1 2.1e-05 30 1 0 909.21 0.91697 908.1 0.19264 
10 4000 1 2.1e-05 40 1 0 909.07 0.91771 907.96 0.19221 
10 4000 1 2.1e-05 50 1 0 909.08 0.91555 907.97 0.1924 
10 4000 1 2.1e-05 60 1 0 909.15 0.91613 908.04 0.19221 
10 4000 1 2.1e-05 70 1 0 909 0.91937 907.89 0.19261 
10 4000 1 2.1e-05 80 1 0 909.05 0.91872 907.94 0.19248 
10 4000 1 2.1e-05 90 1 0 902.64 0.91399 901.53 0.19286 
10 4000 1 2.1e-05 100 1 0 908.76 0.9149 907.65 0.19245 
10 4000 1 2.1e-05 125 1 0 908.79 0.91917 907.68 0.19202 
10 4000 1 2.1e-05 150 1 0 908.7 0.91734 907.59 0.19212 
10 4000 1 2.1e-05 200 1 0 909.19 0.91758 908.08 0.19176 
10 4000 1 2.1e-05 250 1 0 909.23 0.91657 908.12 0.19233 
10 4000 1 2.1e-05 300 1 0 909.57 0.91814 908.46 0.1919 
10 4000 1 2.1e-05 400 1 0 902.52 0.91672 901.41 0.19347 
10 4000 1 2.1e-05 500 1 0 908.98 0.91831 907.87 0.19185 
10 4000 1 2.1e-05 600 1 0 912.48 0.91712 911.37 0.19197 
10 4000 1 2.1e-05 700 1 0 912.28 0.9147 911.17 0.19234 
10 4000 1 2.1e-05 800 1 0 912.85 0.91888 911.74 0.19224 
10 4000 1 2.1e-05 900 1 0 912.42 0.91836 911.31 0.19283 
10 4000 1 2.1e-05 1000 1 0 912.57 0.91713 911.46 0.19218 
10 4000 1 2.1e-05 1500 1 0 912.69 0.91753 911.58 0.19274 
10 4000 1 2.1e-05 2000 0.916 0.054841 308.17 0.91668 307.06 0.19373 
10 4000 1 2.1e-05 2500 0.774 0.11176 16.424 0.91913 15.315 0.18984 
10 4000 1 2.1e-05 3000 0.466 0.17862 6.4758 0.91939 5.369 0.18727 
10 4000 1 2.1e-05 4000 0 0 1.1133 0.92463 0.00018835 0.18832 
10 5000 1 2.1e-05 10 1 0 909.05 1.1156 907.64 0.29603 
10 5000 1 2.1e-05 12 1 0 909.09 1.1166 907.68 0.29643 
10 5000 1 2.1e-05 15 1 0 909.07 1.1434 907.66 0.26007 
10 5000 1 2.1e-05 20 1 0 908.86 1.1584 907.47 0.24015 
10 5000 1 2.1e-05 25 1 0 908.88 1.1564 907.49 0.23954 
10 5000 1 2.1e-05 30 1 0 908.89 1.1591 907.49 0.2398 
10 5000 1 2.1e-05 40 1 0 908.47 1.1551 907.08 0.24012 
10 5000 1 2.1e-05 50 1 0 902.49 1.153 901.1 0.24096 
10 5000 1 2.1e-05 60 1 0 908.6 1.1568 907.2 0.23889 
10 5000 1 2.1e-05 70 1 0 908.27 1.1546 906.87 0.23933 
10 5000 1 2.1e-05 80 1 0 908.56 1.158 907.17 0.23973 
10 5000 1 2.1e-05 90 1 0 908.4 1.1564 907 0.23953 
10 5000 1 2.1e-05 100 1 0 908.49 1.1572 907.09 0.23927 
10 5000 1 2.1e-05 125 1 0 908.85 1.156 907.46 0.23976 
10 5000 1 2.1e-05 150 1 0 908.93 1.1575 907.53 0.24121 
10 5000 1 2.1e-05 200 1 0 909.12 1.1576 907.72 0.24013 
10 5000 1 2.1e-05 250 1 0 902.98 1.1589 901.57 0.24295 
10 5000 1 2.1e-05 300 1 0 908.59 1.1585 907.19 0.23954 
10 5000 1 2.1e-05 400 1 0 908.24 1.1551 906.85 0.24013 
10 5000 1 2.1e-05 500 1 0 908.73 1.1597 907.33 0.23953 
10 5000 1 2.1e-05 600 1 0 908.65 1.1585 907.25 0.24014 
10 5000 1 2.1e-05 700 1 0 908.46 1.1565 907.07 0.23928 
10 5000 1 2.1e-05 800 1 0 908.64 1.1581 907.24 0.23928 
10 5000 1 2.1e-05 900 1 0 902.37 1.1523 900.98 0.24051 
10 5000 1 2.1e-05 1000 1 0 908.95 1.1574 907.55 0.23958 
10 5000 1 2.1e-05 1500 1 0 908.95 1.1564 907.56 0.23922 
10 5000 1 2.1e-05 2000 1 0 908.84 1.1575 907.44 0.23952 
10 5000 1 2.1e-05 2500 0.916 0.055657 305.96 1.1579 304.56 0.23948 
10 5000 1 2.1e-05 3000 0.818 0.090078 19.705 1.1558 18.311 0.23776 
10 5000 1 2.1e-05 4000 0.294 0.14833 4.8757 1.1588 3.4835 0.23317 
10 5000 1 2.1e-05 5000 0 0 1.3908 1.1569 0.00012689 0.23373 
10 7500 1 2.1e-05 10 1 0 912.33 1.6368 910.26 0.44011 
10 7500 1 2.1e-05 12 1 0 912.89 1.6373 910.82 0.43235 
10 7500 1 2.1e-05 15 1 0 913.06 1.6132 911.08 0.36792 
10 7500 1 2.1e-05 20 1 0 906.22 1.6193 904.23 0.37043 
10 7500 1 2.1e-05 25 1 0 913.03 1.6164 911.04 0.36953 
10 7500 1 2.1e-05 30 1 0 913.01 1.6123 911.03 0.36724 
10 7500 1 2.1e-05 40 1 0 912.63 1.6109 910.65 0.3675 
10 7500 1 2.1e-05 50 1 0 913.11 1.6186 911.12 0.37091 
10 7500 1 2.1e-05 60 1 0 913.16 1.6118 911.18 0.36719 
10 7500 1 2.1e-05 70 1 0 909.12 1.6128 907.14 0.36745 
10 7500 1 2.1e-05 80 1 0 902.64 1.6153 900.66 0.36815 
10 7500 1 2.1e-05 90 1 0 908.92 1.6136 906.94 0.36741 
10 7500 1 2.1e-05 100 1 0 909.5 1.615 907.51 0.36803 
10 7500 1 2.1e-05 125 1 0 909.3 1.617 907.31 0.36913 
10 7500 1 2.1e-05 150 1 0 909.33 1.6135 907.35 0.36916 
10 7500 1 2.1e-05 200 1 0 909.12 1.6117 907.14 0.36818 
10 7500 1 2.1e-05 250 1 0 909.16 1.6113 907.18 0.36847 
10 7500 1 2.1e-05 300 1 0 909.3 1.6129 907.32 0.36835 
10 7500 1 2.1e-05 400 1 0 908.77 1.611 906.79 0.36816 
10 7500 1 2.1e-05 500 1 0 902.24 1.615 900.26 0.36771 
10 7500 1 2.1e-05 600 1 0 911.72 1.6154 909.73 0.36859 
10 7500 1 2.1e-05 700 1 0 912.31 1.6131 910.33 0.36832 
10 7500 1 2.1e-05 800 1 0 912.47 1.6159 910.49 0.36787 
10 7500 1 2.1e-05 900 1 0 912.15 1.6132 910.17 0.36829 
10 7500 1 2.1e-05 1000 1 0 963.04 1.7495 960.9 0.39417 
10 7500 1 2.1e-05 1500 1 0 1088.9 2.0736 1086.4 0.43376 
10 7500 1 2.1e-05 2000 1 0 1023.1 1.9071 1020.8 0.42589 
10 7500 1 2.1e-05 2500 1 0 976.77 1.7673 974.61 0.39768 
10 7500 1 2.1e-05 3000 1 0 950.97 1.6107 948.99 0.36767 
10 7500 1 2.1e-05 4000 0.9 0.063673 57.481 1.6153 55.497 0.36919 
10 7500 1 2.1e-05 5000 0.712 0.14434 14.91 1.6132 12.937 0.35937 
10 7500 1 2.1e-05 7500 0 0 1.9715 1.619 0.0002604 0.35207 
10 10000 1 2.1e-05 10 1 0 911.15 2.1729 908.4 0.58143 
10 10000 1 2.1e-05 12 1 0 910.7 2.1718 908 0.5302 
10 10000 1 2.1e-05 15 1 0 944.92 2.276 942.14 0.50301 
10 10000 1 2.1e-05 20 1 0 1134.6 3.0049 1131 0.58198 
10 10000 1 2.1e-05 25 1 0 1104 2.8974 1100.5 0.57777 
10 10000 1 2.1e-05 30 1 0 1092.8 2.7794 1089.5 0.55601 
10 10000 1 2.1e-05 40 1 0 1091.6 2.7644 1088.3 0.55471 
10 10000 1 2.1e-05 50 1 0 1091.9 2.7947 1088.5 0.55827 
10 10000 1 2.1e-05 60 1 0 1102.5 2.8878 1099.1 0.57006 
10 10000 1 2.1e-05 70 1 0 1097.4 2.8994 1093.9 0.5749 
10 10000 1 2.1e-05 80 1 0 1019.8 2.605 1016.6 0.53309 
10 10000 1 2.1e-05 90 1 0 1019.2 2.5115 1016.2 0.51788 
10 10000 1 2.1e-05 100 1 0 1061.3 2.7493 1058 0.55292 
10 10000 1 2.1e-05 125 1 0 1107.7 2.9661 1104.2 0.58406 
10 10000 1 2.1e-05 150 1 0 1103.6 2.9398 1100.1 0.57846 
10 10000 1 2.1e-05 200 1 0 1111.7 2.9681 1108.1 0.58156 
10 10000 1 2.1e-05 250 1 0 1111.8 2.8839 1108.3 0.57094 
10 10000 1 2.1e-05 300 1 0 1057.2 2.6929 1053.9 0.54383 
10 10000 1 2.1e-05 400 1 0 1123.3 2.9872 1119.8 0.5748 
10 10000 1 2.1e-05 500 1 0 979.27 2.3247 976.45 0.49577 
10 10000 1 2.1e-05 600 1 0 948.63 2.1686 945.98 0.48082 
10 10000 1 2.1e-05 700 1 0 1014.8 2.4975 1011.8 0.54004 
10 10000 1 2.1e-05 800 1 0 1068 2.7638 1064.7 0.56738 
10 10000 1 2.1e-05 900 1 0 1068.1 2.7806 1064.7 0.56914 
10 10000 1 2.1e-05 1000 1 0 1060.4 2.7619 1057 0.56866 
10 10000 1 2.1e-05 1500 1 0 1062.1 2.7336 1058.8 0.56418 
10 10000 1 2.1e-05 2000 1 0 1066.1 2.761 1062.8 0.56588 
10 10000 1 2.1e-05 2500 1 0 1058.1 2.6515 1054.9 0.54992 
10 10000 1 2.1e-05 3000 1 0 1038 2.5788 1034.9 0.53282 
10 10000 1 2.1e-05 4000 1 0 994.58 2.421 991.65 0.50937 
10 10000 1 2.1e-05 5000 0.914 0.058371 298.89 2.343 296.05 0.49542 
10 10000 1 2.1e-05 7500 0.472 0.17553 8.5861 2.3487 5.7511 0.48609 
10 10000 1 2.1e-05 10000 0 0 2.8215 2.341 0.0001533 0.48017 
10 15000 1 2.1e-05 10 1 0 985.2 3.4991 980.52 1.1729 
10 15000 1 2.1e-05 12 1 0 983.83 3.5085 979.53 0.78907 
10 15000 1 2.1e-05 15 1 0 982.07 3.485 977.82 0.76195 
10 15000 1 2.1e-05 20 1 0 982.38 3.4867 978.13 0.76155 
10 15000 1 2.1e-05 25 1 0 980.7 3.4718 976.47 0.75812 
10 15000 1 2.1e-05 30 1 0 940.13 3.229 936.16 0.74038 
10 15000 1 2.1e-05 40 1 0 950.18 3.2271 946.21 0.73898 
10 15000 1 2.1e-05 50 1 0 949.73 3.2335 945.75 0.74205 
10 15000 1 2.1e-05 60 1 0 949.89 3.221 945.93 0.7402 
10 15000 1 2.1e-05 70 1 0 948.6 3.2229 944.64 0.73919 
10 15000 1 2.1e-05 80 1 0 948.89 3.2278 944.91 0.74107 
10 15000 1 2.1e-05 90 1 0 938.59 3.2263 934.63 0.73969 
10 15000 1 2.1e-05 100 1 0 949.05 3.2288 945.08 0.7413 
10 15000 1 2.1e-05 125 1 0 949.02 3.2257 945.05 0.73925 
10 15000 1 2.1e-05 150 1 0 948.92 3.229 944.95 0.73857 
10 15000 1 2.1e-05 200 1 0 948.76 3.2309 944.79 0.74024 
10 15000 1 2.1e-05 250 1 0 948.52 3.2332 944.54 0.74317 
10 15000 1 2.1e-05 300 1 0 948.64 3.2263 944.67 0.74031 
10 15000 1 2.1e-05 400 1 0 948.56 3.2267 944.59 0.73783 
10 15000 1 2.1e-05 500 1 0 946.68 3.2264 942.71 0.73945 
10 15000 1 2.1e-05 600 1 0 940.96 3.2293 937 0.73806 
10 15000 1 2.1e-05 700 1 0 945.33 3.2721 941.31 0.74949 
10 15000 1 2.1e-05 800 1 0 954.63 3.558 950.26 0.8098 
10 15000 1 2.1e-05 900 1 0 948.52 3.2245 944.56 0.74014 
10 15000 1 2.1e-05 1000 1 0 948.74 3.2284 944.76 0.74229 
10 15000 1 2.1e-05 1500 1 0 938.96 3.5888 934.56 0.81342 
10 15000 1 2.1e-05 2000 1 0 946.85 3.2628 942.84 0.74701 
10 15000 1 2.1e-05 2500 1 0 938.44 3.2304 934.47 0.7384 
10 15000 1 2.1e-05 3000 1 0 948.6 3.2254 944.64 0.73752 
10 15000 1 2.1e-05 4000 1 0 948.9 3.2268 944.93 0.74022 
10 15000 1 2.1e-05 5000 1 0 948.75 3.2312 944.78 0.73934 
10 15000 1 2.1e-05 7500 0.914 0.058371 285.08 3.2254 281.11 0.73847 
10 15000 1 2.1e-05 10000 0.716 0.13933 16.915 3.2298 12.951 0.73338 
10 20000 1 2.1e-05 10 1 0 959.55 4.364 954.1 1.0875 
10 20000 1 2.1e-05 12 1 0 958.58 4.4086 953.15 1.0216 
10 20000 1 2.1e-05 15 1 0 967.13 4.4061 961.7 1.0261 
10 20000 1 2.1e-05 20 1 0 953.19 4.3076 947.88 0.99992 
10 20000 1 2.1e-05 25 1 0 951.81 4.2974 946.52 0.99719 
10 20000 1 2.1e-05 30 1 0 955.51 4.2938 950.22 0.99702 
10 20000 1 2.1e-05 40 1 0 955.43 4.2893 950.15 0.99388 
10 20000 1 2.1e-05 50 1 0 945.75 4.2935 940.46 0.99577 
10 20000 1 2.1e-05 60 1 0 955.52 4.295 950.23 0.99401 
10 20000 1 2.1e-05 70 1 0 955.4 4.2899 950.11 0.99478 
10 20000 1 2.1e-05 80 1 0 945.22 4.2872 939.94 0.99517 
10 20000 1 2.1e-05 90 1 0 945.48 4.2922 940.19 0.99595 
10 20000 1 2.1e-05 100 1 0 954.72 4.2961 949.43 0.99797 
10 20000 1 2.1e-05 125 1 0 959.53 4.3637 954.16 1.0094 
