10 1 7 2.1e-05 1 0.118 0.025996 7.0504 0.0033357 7.0469 0.00017192 
10 5 7 2.1e-05 1 0.396 0.078351 33.435 0.011406 33.423 0.00036601 
10 5 7 2.1e-05 2 0.138 0.037098 1.9354 0.010647 1.9245 0.0001925 
10 5 7 2.1e-05 3 0.04 0.012653 0.33003 0.0099494 0.31994 0.00011318 
10 5 7 2.1e-05 4 0.012 0.0027102 0.094655 0.0084262 0.086136 7.7642e-05 
10 5 7 2.1e-05 5 0.002 0.0002 0.01987 0.0083213 0.011455 7.9776e-05 
10 10 7 2.1e-05 1 0.582 0.089669 63.849 0.021233 63.827 0.00070298 
10 10 7 2.1e-05 2 0.348 0.080914 5.6261 0.019955 5.6056 0.00039634 
10 10 7 2.1e-05 3 0.168 0.043853 1.565 0.019212 1.5455 0.00025522 
10 10 7 2.1e-05 4 0.062 0.017506 0.52355 0.018176 0.50513 0.00019402 
10 10 7 2.1e-05 5 0.03 0.0086735 0.24593 0.016715 0.22902 0.00016898 
10 10 7 2.1e-05 8 0.006 0.00098367 0.050137 0.016145 0.033846 0.00012927 
10 10 7 2.1e-05 10 0 0 0.016399 0.016261 4.443e-06 0.00011887 
10 25 7 2.1e-05 1 0.788 0.063935 143.45 0.050443 143.4 0.0015727 
10 25 7 2.1e-05 2 0.592 0.09422 19.914 0.050045 19.862 0.0014649 
10 25 7 2.1e-05 3 0.444 0.099249 6.3128 0.047025 6.2649 0.00078676 
10 25 7 2.1e-05 4 0.336 0.08929 3.533 0.045899 3.4864 0.00057069 
10 25 7 2.1e-05 5 0.238 0.079139 2.3347 0.04501 2.2891 0.00048747 
10 25 7 2.1e-05 8 0.078 0.0242 0.59561 0.04343 0.55175 0.00035577 
10 25 7 2.1e-05 10 0.04 0.011837 0.2884 0.040723 0.24726 0.0003627 
10 25 7 2.1e-05 12 0.016 0.0054531 0.13786 0.040841 0.096671 0.00030415 
10 25 7 2.1e-05 15 0.006 0.00098367 0.075703 0.039911 0.035466 0.00029194 
10 25 7 2.1e-05 20 0 0 0.040238 0.039908 8.6022e-06 0.00029038 
10 25 7 2.1e-05 25 0 0 0.040412 0.040091 7.764e-06 0.00028243 
10 50 7 2.1e-05 1 0.874 0.045229 253.38 0.096381 253.28 0.0031297 
10 50 7 2.1e-05 2 0.774 0.088902 53.863 0.097078 53.763 0.0030855 
10 50 7 2.1e-05 3 0.674 0.11094 15.598 0.093524 15.502 0.0024657 
10 50 7 2.1e-05 4 0.584 0.12178 8.713 0.091236 8.6197 0.0018566 
10 50 7 2.1e-05 5 0.5 0.13143 6.1698 0.088936 6.0792 0.001549 
10 50 7 2.1e-05 8 0.298 0.096118 2.9248 0.085813 2.8378 0.0010144 
10 50 7 2.1e-05 10 0.198 0.072037 1.7499 0.084513 1.6643 0.00091787 
10 50 7 2.1e-05 12 0.138 0.054241 1.1066 0.082989 1.0227 0.00087795 
10 50 7 2.1e-05 15 0.082 0.032527 0.606 0.080968 0.5242 0.00075443 
10 50 7 2.1e-05 20 0.032 0.0112 0.27905 0.079508 0.19877 0.00069933 
10 50 7 2.1e-05 25 0.016 0.0042286 0.17512 0.078488 0.095893 0.00069091 
10 50 7 2.1e-05 30 0.008 0.0019755 0.1238 0.078224 0.044873 0.00065564 
10 50 7 2.1e-05 40 0 0 0.078503 0.077793 1.9972e-05 0.00064216 
10 50 7 2.1e-05 50 0 0 0.078476 0.077756 2.0662e-05 0.00065672 
10 75 7 2.1e-05 1 0.904 0.035902 345.64 0.14167 345.49 0.0044969 
10 75 7 2.1e-05 2 0.846 0.056004 94.046 0.1418 93.9 0.0044631 
10 75 7 2.1e-05 3 0.778 0.07971 28.161 0.14245 28.014 0.0044305 
10 75 7 2.1e-05 4 0.724 0.09778 13.544 0.13712 13.403 0.0034301 
10 75 7 2.1e-05 5 0.646 0.10825 9.2583 0.13279 9.1226 0.0027995 
10 75 7 2.1e-05 8 0.458 0.12698 5.101 0.12984 4.9689 0.002146 
10 75 7 2.1e-05 10 0.386 0.12449 3.9153 0.12807 3.7853 0.0017898 
10 75 7 2.1e-05 12 0.31 0.10255 2.8479 0.12722 2.7189 0.0016237 
10 75 7 2.1e-05 15 0.192 0.070139 1.7353 0.12393 1.6096 0.0017098 
10 75 7 2.1e-05 20 0.122 0.045016 0.96839 0.1218 0.84527 0.001229 
10 75 7 2.1e-05 25 0.05 0.011531 0.43512 0.11956 0.31423 0.0012542 
10 75 7 2.1e-05 30 0.022 0.0050163 0.25534 0.11682 0.13735 0.0011071 
10 75 7 2.1e-05 40 0.01 0.0021429 0.18168 0.11609 0.064462 0.001075 
10 75 7 2.1e-05 50 0.002 0.0002 0.12793 0.11534 0.011467 0.0010618 
10 75 7 2.1e-05 60 0.002 0.0002 0.12787 0.11532 0.011444 0.0010495 
10 75 7 2.1e-05 70 0 0 0.11592 0.11481 2.6652e-05 0.0010338 
10 100 7 2.1e-05 1 0.942 0.015547 425.25 0.18377 425.06 0.0058995 
10 100 7 2.1e-05 2 0.87 0.052755 141.97 0.184 141.78 0.0058883 
10 100 7 2.1e-05 3 0.812 0.083527 45.41 0.18416 45.22 0.0057263 
10 100 7 2.1e-05 4 0.758 0.10575 19.708 0.17971 19.523 0.0049234 
10 100 7 2.1e-05 5 0.722 0.12338 12.708 0.17552 12.528 0.0042068 
10 100 7 2.1e-05 8 0.594 0.14343 7.2362 0.17071 7.0621 0.0032465 
10 100 7 2.1e-05 10 0.5 0.14367 5.6018 0.16918 5.4295 0.0029378 
10 100 7 2.1e-05 12 0.408 0.13504 4.3068 0.16679 4.1374 0.0024904 
10 100 7 2.1e-05 15 0.292 0.10361 3.0267 0.16417 2.8603 0.0020889 
10 100 7 2.1e-05 20 0.18 0.07102 1.7521 0.16378 1.5862 0.001947 
10 100 7 2.1e-05 25 0.11 0.039694 0.93478 0.16056 0.77222 0.0018748 
10 100 7 2.1e-05 30 0.068 0.023037 0.60848 0.15866 0.44799 0.0017244 
10 100 7 2.1e-05 40 0.022 0.006649 0.2956 0.15669 0.1372 0.0016444 
10 100 7 2.1e-05 50 0.01 0.0017347 0.21205 0.15471 0.055619 0.0016513 
10 100 7 2.1e-05 60 0.004 0.00039184 0.18054 0.15509 0.023759 0.0016241 
10 100 7 2.1e-05 70 0 0 0.1564 0.1547 2.7748e-05 0.0016082 
10 100 7 2.1e-05 80 0 0 0.15599 0.1543 2.6814e-05 0.0015964 
10 100 7 2.1e-05 90 0 0 0.15645 0.15462 2.6883e-05 0.0017294 
10 100 7 2.1e-05 100 0 0 0.15634 0.15463 2.7888e-05 0.0016123 
10 125 7 2.1e-05 1 0.94 0.016735 486.22 0.22905 485.99 0.0079035 
10 125 7 2.1e-05 2 0.882 0.052935 180.59 0.23247 180.35 0.007885 
10 125 7 2.1e-05 3 0.836 0.074596 66.717 0.22942 66.479 0.0077498 
10 125 7 2.1e-05 4 0.812 0.086792 28.612 0.22871 28.376 0.0075302 
10 125 7 2.1e-05 5 0.762 0.10444 16.517 0.22097 16.289 0.0061835 
10 125 7 2.1e-05 8 0.666 0.12678 9.266 0.21353 9.0474 0.00484 
10 125 7 2.1e-05 10 0.586 0.13266 7.5138 0.21077 7.2986 0.0042958 
10 125 7 2.1e-05 12 0.522 0.1393 6.0314 0.21099 5.8163 0.0039421 
10 125 7 2.1e-05 15 0.424 0.14472 4.5136 0.20729 4.3027 0.0033611 
10 125 7 2.1e-05 20 0.3 0.11184 2.7947 0.20455 2.5873 0.0026822 
10 125 7 2.1e-05 25 0.194 0.081392 1.7454 0.20326 1.5395 0.0024697 
10 125 7 2.1e-05 30 0.15 0.075204 1.2801 0.20436 1.0731 0.0024635 
10 125 7 2.1e-05 40 0.074 0.033392 0.67427 0.20055 0.47134 0.002272 
10 125 7 2.1e-05 50 0.018 0.0051796 0.30991 0.19894 0.10864 0.0022452 
10 125 7 2.1e-05 60 0.016 0.0042286 0.29746 0.1985 0.096665 0.0021979 
10 125 7 2.1e-05 70 0.008 0.0019755 0.24635 0.19902 0.045032 0.002203 
10 125 7 2.1e-05 80 0.006 0.00098367 0.23421 0.19851 0.033408 0.0022059 
10 125 7 2.1e-05 90 0 0 0.20111 0.19862 2.9092e-05 0.0023748 
10 125 7 2.1e-05 100 0 0 0.20057 0.19825 3.1068e-05 0.0022056 
10 125 7 2.1e-05 125 0 0 0.20111 0.1988 3.0185e-05 0.0021833 
10 150 7 2.1e-05 1 0.946 0.017229 541.6 0.2723 541.32 0.0097176 
10 150 7 2.1e-05 2 0.898 0.045914 235.74 0.27218 235.46 0.0095357 
10 150 7 2.1e-05 3 0.858 0.062894 90.903 0.27203 90.621 0.0094227 
10 150 7 2.1e-05 4 0.814 0.087759 38.863 0.27185 38.582 0.0091907 
10 150 7 2.1e-05 5 0.774 0.099922 21.227 0.26667 20.951 0.0083164 
10 150 7 2.1e-05 8 0.686 0.1249 10.759 0.25549 10.497 0.0062186 
10 150 7 2.1e-05 10 0.636 0.13909 8.3732 0.25267 8.1144 0.0058792 
10 150 7 2.1e-05 12 0.58 0.14816 6.8631 0.24955 6.6085 0.0048787 
10 150 7 2.1e-05 15 0.482 0.13947 5.3264 0.2475 5.0743 0.0043732 
10 150 7 2.1e-05 20 0.34 0.12327 3.4124 0.24384 3.1649 0.0034407 
10 150 7 2.1e-05 25 0.238 0.099547 2.2988 0.24416 2.0514 0.0030661 
10 150 7 2.1e-05 30 0.19 0.085816 1.7657 0.24186 1.5207 0.0029657 
10 150 7 2.1e-05 40 0.098 0.037343 0.92423 0.24238 0.67873 0.0029752 
10 150 7 2.1e-05 50 0.036 0.0092898 0.48534 0.24026 0.24221 0.0027463 
10 150 7 2.1e-05 60 0.02 0.0044898 0.36001 0.24061 0.11657 0.0027088 
10 150 7 2.1e-05 70 0.016 0.0042286 0.33821 0.23949 0.095898 0.0027094 
10 150 7 2.1e-05 80 0.012 0.0018939 0.31476 0.24006 0.071868 0.0027295 
10 150 7 2.1e-05 90 0.004 0.00039184 0.26663 0.24018 0.023345 0.0029944 
10 150 7 2.1e-05 100 0.002 0.0002 0.25411 0.23984 0.011431 0.0027355 
10 150 7 2.1e-05 125 0 0 0.24247 0.23957 3.6598e-05 0.0027532 
10 150 7 2.1e-05 150 0 0 0.24278 0.23993 3.8675e-05 0.0027091 
10 200 7 2.1e-05 1 0.98 0.0032653 633.98 0.34115 633.62 0.012368 
10 200 7 2.1e-05 2 0.94 0.016735 332.3 0.34351 331.94 0.012107 
10 200 7 2.1e-05 3 0.898 0.03571 148.85 0.34347 148.5 0.011922 
10 200 7 2.1e-05 4 0.862 0.055465 66.054 0.34217 65.7 0.011758 
10 200 7 2.1e-05 5 0.832 0.074057 33.977 0.34172 33.623 0.011632 
10 200 7 2.1e-05 8 0.764 0.11174 14.143 0.32995 13.805 0.0085758 
10 200 7 2.1e-05 10 0.72 0.13061 11.025 0.32845 10.688 0.0080255 
10 200 7 2.1e-05 12 0.688 0.13985 9.3441 0.32665 9.0097 0.0074291 
10 200 7 2.1e-05 15 0.598 0.1451 7.456 0.32323 7.126 0.0064945 
10 200 7 2.1e-05 20 0.466 0.14841 5.2565 0.32081 4.9298 0.0056369 
10 200 7 2.1e-05 25 0.378 0.13236 4.0214 0.31929 3.697 0.0049226 
10 200 7 2.1e-05 30 0.3 0.11755 3.0331 0.31963 2.7089 0.004457 
10 200 7 2.1e-05 40 0.174 0.072167 1.6699 0.31701 1.3486 0.0041559 
10 200 7 2.1e-05 50 0.114 0.061229 1.0898 0.31726 0.76856 0.0038617 
10 200 7 2.1e-05 60 0.06 0.02449 0.70269 0.31527 0.38373 0.0035625 
10 200 7 2.1e-05 70 0.032 0.0095673 0.523 0.3153 0.204 0.003585 
10 200 7 2.1e-05 80 0.018 0.0043633 0.42976 0.31541 0.11066 0.0035731 
10 200 7 2.1e-05 90 0.014 0.0036776 0.40334 0.31507 0.084302 0.0038517 
10 200 7 2.1e-05 100 0.012 0.0035265 0.39289 0.3146 0.074624 0.0035565 
10 200 7 2.1e-05 125 0.006 0.00098367 0.35218 0.31537 0.033121 0.0035733 
10 200 7 2.1e-05 150 0.002 0.0002 0.33043 0.31528 0.011486 0.0035581 
10 200 7 2.1e-05 200 0 0 0.31843 0.31473 4.9569e-05 0.0035563 
10 250 7 2.1e-05 1 0.982 0.0068122 699.91 0.42453 699.47 0.015227 
10 250 7 2.1e-05 2 0.956 0.015984 417.99 0.42537 417.55 0.015029 
10 250 7 2.1e-05 3 0.928 0.033486 215.08 0.42464 214.64 0.014918 
10 250 7 2.1e-05 4 0.896 0.046514 103.15 0.42615 102.7 0.014802 
10 250 7 2.1e-05 5 0.874 0.060331 52.097 0.42467 51.658 0.014631 
10 250 7 2.1e-05 8 0.798 0.086322 17.48 0.41448 17.053 0.012412 
10 250 7 2.1e-05 10 0.746 0.11192 13.647 0.40758 13.229 0.010299 
10 250 7 2.1e-05 12 0.722 0.12461 11.373 0.40643 10.956 0.010261 
10 250 7 2.1e-05 15 0.688 0.13414 9.3658 0.40346 8.9529 0.0091736 
10 250 7 2.1e-05 20 0.62 0.14449 7.2771 0.4 6.8688 0.0080893 
10 250 7 2.1e-05 25 0.504 0.14896 5.4885 0.39727 5.0841 0.0069429 
10 250 7 2.1e-05 30 0.414 0.13796 4.4462 0.39567 4.0437 0.0065644 
10 250 7 2.1e-05 40 0.266 0.10311 2.6564 0.39674 2.2543 0.0051117 
10 250 7 2.1e-05 50 0.156 0.069045 1.606 0.39072 1.2104 0.0047442 
10 250 7 2.1e-05 60 0.12 0.057143 1.187 0.38951 0.79262 0.004761 
10 250 7 2.1e-05 70 0.076 0.023902 0.90051 0.38936 0.50622 0.0047768 
10 250 7 2.1e-05 80 0.042 0.01269 0.66559 0.38852 0.27255 0.004385 
10 250 7 2.1e-05 90 0.024 0.0051265 0.54523 0.38898 0.15136 0.0047468 
10 250 7 2.1e-05 100 0.018 0.0043633 0.50406 0.38855 0.11098 0.0043961 
10 250 7 2.1e-05 125 0.012 0.0035265 0.46785 0.38883 0.074496 0.0043951 
10 250 7 2.1e-05 150 0.004 0.00039184 0.41621 0.38792 0.023773 0.0043935 
10 250 7 2.1e-05 200 0 0 0.39348 0.38862 5.2381e-05 0.0046704 
10 250 7 2.1e-05 250 0 0 0.39245 0.3878 5.2184e-05 0.004468 
10 300 7 2.1e-05 1 0.98 0.0057143 744 0.49488 743.48 0.019383 
10 300 7 2.1e-05 2 0.946 0.020086 494.19 0.49513 493.68 0.018296 
10 300 7 2.1e-05 3 0.924 0.030433 281.13 0.49422 280.61 0.018458 
10 300 7 2.1e-05 4 0.896 0.047739 147.56 0.49555 147.05 0.018377 
10 300 7 2.1e-05 5 0.862 0.058731 78.211 0.49521 77.698 0.017893 
10 300 7 2.1e-05 8 0.812 0.085567 22.431 0.48947 21.925 0.015654 
10 300 7 2.1e-05 10 0.79 0.097245 16.331 0.48319 15.833 0.014266 
10 300 7 2.1e-05 12 0.76 0.11551 13.675 0.48025 13.182 0.012497 
10 300 7 2.1e-05 15 0.72 0.12857 10.993 0.47889 10.502 0.012161 
10 300 7 2.1e-05 20 0.658 0.13555 8.441 0.47392 7.9563 0.010487 
10 300 7 2.1e-05 25 0.576 0.14635 6.9617 0.47241 6.4795 0.0095955 
10 300 7 2.1e-05 30 0.512 0.15455 5.7384 0.47105 5.2584 0.0087048 
10 300 7 2.1e-05 40 0.346 0.13029 3.5975 0.46829 3.1222 0.0068399 
10 300 7 2.1e-05 50 0.242 0.10004 2.4747 0.46587 2.0026 0.0061044 
10 300 7 2.1e-05 60 0.172 0.07471 1.8511 0.46646 1.3789 0.0055743 
10 300 7 2.1e-05 70 0.132 0.063445 1.4104 0.46591 0.93878 0.0055975 
10 300 7 2.1e-05 80 0.092 0.036669 1.0275 0.46433 0.55794 0.0051323 
10 300 7 2.1e-05 90 0.054 0.015188 0.83278 0.46418 0.36287 0.0056197 
10 300 7 2.1e-05 100 0.04 0.015102 0.72181 0.46367 0.25285 0.0051939 
10 300 7 2.1e-05 125 0.018 0.0059959 0.57564 0.46334 0.10704 0.0051643 
10 300 7 2.1e-05 150 0.012 0.0035265 0.54412 0.46362 0.074828 0.0055795 
10 300 7 2.1e-05 200 0.004 0.00039184 0.49207 0.463 0.023449 0.0055387 
10 300 7 2.1e-05 250 0 0 0.46885 0.46354 5.4621e-05 0.0051676 
10 300 7 2.1e-05 300 0 0 0.46839 0.46307 5.8388e-05 0.0051778 
10 350 7 2.1e-05 1 0.994 0.00057551 779.16 0.56101 778.59 0.015289 
10 350 7 2.1e-05 2 0.954 0.01478 552.49 0.56189 551.91 0.014945 
10 350 7 2.1e-05 3 0.926 0.037473 346.25 0.56186 345.68 0.01463 
10 350 7 2.1e-05 4 0.912 0.040261 195.45 0.56108 194.87 0.01454 
10 350 7 2.1e-05 5 0.894 0.049147 107.64 0.56195 107.07 0.014437 
10 350 7 2.1e-05 8 0.842 0.070649 27.615 0.56062 27.041 0.013707 
10 350 7 2.1e-05 10 0.816 0.080555 19.126 0.55427 18.559 0.012387 
10 350 7 2.1e-05 12 0.79 0.097245 15.399 0.55115 14.836 0.011531 
10 350 7 2.1e-05 15 0.742 0.11065 12.749 0.54983 12.188 0.0105 
10 350 7 2.1e-05 20 0.692 0.12932 9.838 0.54732 9.2806 0.0097326 
10 350 7 2.1e-05 25 0.638 0.14689 7.9861 0.5479 7.4289 0.0091374 
10 350 7 2.1e-05 30 0.58 0.1502 6.7703 0.54408 6.2176 0.008444 
10 350 7 2.1e-05 40 0.418 0.14191 4.5715 0.54098 4.0229 0.0073444 
10 350 7 2.1e-05 50 0.32 0.12122 3.3975 0.54069 2.8502 0.0064059 
10 350 7 2.1e-05 60 0.224 0.092473 2.3573 0.53919 1.8121 0.0059161 
10 350 7 2.1e-05 70 0.168 0.076506 1.82 0.53834 1.2757 0.0058507 
10 350 7 2.1e-05 80 0.128 0.05471 1.4389 0.54069 0.89223 0.0058648 
10 350 7 2.1e-05 90 0.096 0.039984 1.1803 0.53875 0.63564 0.0057938 
10 350 7 2.1e-05 100 0.068 0.020996 0.97566 0.53711 0.43277 0.0056342 
10 350 7 2.1e-05 125 0.022 0.0062408 0.67872 0.53791 0.13512 0.0055682 
10 350 7 2.1e-05 150 0.016 0.0042286 0.63974 0.53718 0.096597 0.0058435 
10 350 7 2.1e-05 200 0.006 0.00098367 0.576 0.5371 0.033202 0.0055719 
10 350 7 2.1e-05 250 0.002 0.0002 0.55393 0.53687 0.01141 0.0055349 
10 350 7 2.1e-05 300 0 0 0.54295 0.53721 5.5697e-05 0.005577 
10 400 7 2.1e-05 1 0.992 0.0011592 810.56 0.64748 809.9 0.016582 
10 400 7 2.1e-05 2 0.982 0.0035469 617.75 0.64839 617.08 0.016449 
10 400 7 2.1e-05 3 0.958 0.013098 411.06 0.64908 410.39 0.016232 
10 400 7 2.1e-05 4 0.918 0.035384 247.68 0.64627 247.02 0.016439 
10 400 7 2.1e-05 5 0.9 0.051837 142.23 0.64922 141.56 0.016071 
10 400 7 2.1e-05 8 0.86 0.063673 35.186 0.6475 34.522 0.015484 
10 400 7 2.1e-05 10 0.822 0.081751 23.073 0.64056 22.417 0.01434 
10 400 7 2.1e-05 12 0.794 0.094861 18.185 0.63544 17.536 0.01367 
10 400 7 2.1e-05 15 0.76 0.11796 14.261 0.63166 13.617 0.012065 
10 400 7 2.1e-05 20 0.708 0.133 10.752 0.62998 10.111 0.011269 
10 400 7 2.1e-05 25 0.654 0.14294 8.7268 0.6245 8.0915 0.010554 
10 400 7 2.1e-05 30 0.602 0.15408 7.4851 0.62201 6.8533 0.0095677 
10 400 7 2.1e-05 40 0.486 0.15429 5.5362 0.61998 4.9073 0.0087262 
10 400 7 2.1e-05 50 0.388 0.15128 4.2271 0.61708 3.6021 0.0077113 
10 400 7 2.1e-05 60 0.296 0.11386 3.1415 0.61647 2.5176 0.0071839 
10 400 7 2.1e-05 70 0.222 0.092363 2.3844 0.61626 1.7612 0.0067961 
10 400 7 2.1e-05 80 0.178 0.082976 1.9757 0.61315 1.3558 0.0065854 
10 400 7 2.1e-05 90 0.138 0.069343 1.6028 0.61346 0.9827 0.0065234 
10 400 7 2.1e-05 100 0.104 0.049371 1.3137 0.61463 0.69251 0.0064546 
10 400 7 2.1e-05 125 0.048 0.018057 0.94334 0.61245 0.32456 0.0062013 
10 400 7 2.1e-05 150 0.024 0.0071673 0.76622 0.61231 0.14761 0.0061848 
10 400 7 2.1e-05 200 0.012 0.0035265 0.69327 0.61226 0.074387 0.0065086 
10 400 7 2.1e-05 250 0.004 0.00039184 0.64176 0.61216 0.023264 0.0062111 
10 400 7 2.1e-05 300 0 0 0.61805 0.61172 5.7596e-05 0.0061561 
10 400 7 2.1e-05 400 0 0 0.61964 0.61296 5.2972e-05 0.0065085 
10 500 7 2.1e-05 1 1 0 848.52 0.78136 847.72 0.017522 
10 500 7 2.1e-05 2 0.996 0.00039184 700.05 0.78282 699.25 0.017457 
10 500 7 2.1e-05 3 0.984 0.0042286 514.55 0.78246 513.75 0.017338 
10 500 7 2.1e-05 4 0.97 0.0082653 352.02 0.78077 351.23 0.015911 
10 500 7 2.1e-05 5 0.944 0.014759 223.74 0.76203 222.97 0.0080515 
10 500 7 2.1e-05 8 0.886 0.058371 55.446 0.76158 54.676 0.0079347 
10 500 7 2.1e-05 10 0.86 0.066531 31.039 0.7631 30.268 0.0079632 
10 500 7 2.1e-05 12 0.836 0.077453 22.648 0.76044 21.88 0.0078725 
10 500 7 2.1e-05 15 0.802 0.091629 17.36 0.76152 16.591 0.00785 
10 500 7 2.1e-05 20 0.76 0.10939 13.397 0.76139 12.628 0.0077547 
10 500 7 2.1e-05 25 0.734 0.12147 10.881 0.76089 10.112 0.0077194 
10 500 7 2.1e-05 30 0.696 0.14529 9.3714 0.76195 8.6015 0.0077429 
10 500 7 2.1e-05 40 0.608 0.14932 7.4296 0.75962 6.6621 0.00771 
10 500 7 2.1e-05 50 0.488 0.15577 5.8077 0.76186 5.038 0.0075941 
10 500 7 2.1e-05 60 0.412 0.15332 4.6195 0.76204 3.8497 0.0076301 
10 500 7 2.1e-05 70 0.332 0.13324 3.7236 0.76107 2.9547 0.0076004 
10 500 7 2.1e-05 80 0.274 0.11298 3.1034 0.76114 2.3345 0.0075766 
10 500 7 2.1e-05 90 0.222 0.093588 2.5014 0.76177 1.7318 0.0076067 
10 500 7 2.1e-05 100 0.174 0.080331 2.0474 0.76089 1.2788 0.0076061 
10 500 7 2.1e-05 125 0.12 0.059592 1.5425 0.76102 0.7737 0.0075763 
10 500 7 2.1e-05 150 0.054 0.015188 1.1249 0.76217 0.35505 0.0075261 
10 500 7 2.1e-05 200 0.02 0.0061224 0.88757 0.75838 0.12119 0.007891 
10 500 7 2.1e-05 250 0.016 0.0042286 0.86338 0.75949 0.096258 0.007522 
10 500 7 2.1e-05 300 0.006 0.00098367 0.79991 0.75869 0.03322 0.0078888 
10 500 7 2.1e-05 400 0 0 0.76705 0.75899 5.3496e-05 0.0078913 
10 500 7 2.1e-05 500 0 0 0.76964 0.76193 5.2158e-05 0.0075563 
10 600 7 2.1e-05 1 0.998 0.0002 874.38 0.93866 873.42 0.021322 
10 600 7 2.1e-05 2 0.988 0.0027102 765.45 0.93789 764.49 0.021237 
10 600 7 2.1e-05 3 0.984 0.0042286 612.8 0.93693 611.84 0.021104 
10 600 7 2.1e-05 4 0.966 0.010453 452.02 0.92516 451.08 0.01084 
10 600 7 2.1e-05 5 0.944 0.018433 311.52 0.92134 310.59 0.0093866 
10 600 7 2.1e-05 8 0.894 0.060984 89.006 0.9224 88.074 0.0092111 
10 600 7 2.1e-05 10 0.878 0.0642 45.869 0.9236 44.936 0.0092347 
10 600 7 2.1e-05 12 0.86 0.067755 29.392 0.92267 28.46 0.0091507 
10 600 7 2.1e-05 15 0.828 0.081241 21.355 0.91858 20.427 0.0091084 
10 600 7 2.1e-05 20 0.79 0.1001 16.106 0.92092 15.176 0.0091631 
10 600 7 2.1e-05 25 0.768 0.11324 13.255 0.91462 12.331 0.0090424 
10 600 7 2.1e-05 30 0.728 0.12981 11.227 0.91607 10.302 0.0090453 
10 600 7 2.1e-05 40 0.662 0.13547 8.6568 0.91376 7.7339 0.0089931 
10 600 7 2.1e-05 50 0.562 0.14444 7.0604 0.91257 6.1386 0.0089824 
10 600 7 2.1e-05 60 0.468 0.15365 5.6481 0.91132 4.7276 0.0089651 
10 600 7 2.1e-05 70 0.4 0.14163 4.7445 0.91172 3.8237 0.0089339 
10 600 7 2.1e-05 80 0.354 0.13396 4.1359 0.91172 3.2151 0.0088969 
10 600 7 2.1e-05 90 0.316 0.12831 3.6438 0.91065 2.724 0.0089202 
10 600 7 2.1e-05 100 0.254 0.10253 3.0591 0.912 2.138 0.0089854 
10 600 7 2.1e-05 125 0.166 0.079841 2.1473 0.91009 1.2281 0.0089092 
10 600 7 2.1e-05 150 0.114 0.050208 1.6775 0.91024 0.75817 0.0089241 
10 600 7 2.1e-05 200 0.022 0.0062408 1.0539 0.90956 0.13528 0.00892 
10 600 7 2.1e-05 250 0.018 0.0043633 1.0287 0.90956 0.11016 0.0088913 
10 600 7 2.1e-05 300 0.016 0.0042286 1.0138 0.90821 0.096464 0.0089672 
10 600 7 2.1e-05 400 0.004 0.00039184 0.94204 0.90939 0.023595 0.0089099 
10 600 7 2.1e-05 500 0 0 0.91746 0.90836 5.3039e-05 0.0089251 
10 700 7 2.1e-05 1 1 0 887.43 1.0892 886.32 0.017956 
10 700 7 2.1e-05 2 0.996 0.0008 808.57 1.0932 807.46 0.01793 
10 700 7 2.1e-05 3 0.986 0.0028612 676.66 1.0848 675.56 0.017887 
10 700 7 2.1e-05 4 0.98 0.004898 537.04 1.0684 535.95 0.017697 
10 700 7 2.1e-05 5 0.952 0.016833 397.77 1.0681 396.69 0.017983 
10 700 7 2.1e-05 8 0.906 0.05078 132.03 1.0699 130.94 0.017461 
10 700 7 2.1e-05 10 0.882 0.059873 64.117 1.0707 63.029 0.017272 
10 700 7 2.1e-05 12 0.856 0.069453 38.38 1.0694 37.293 0.017359 
10 700 7 2.1e-05 15 0.842 0.077588 25.278 1.0673 24.195 0.016165 
10 700 7 2.1e-05 20 0.798 0.095302 17.999 1.0642 16.92 0.015167 
10 700 7 2.1e-05 25 0.762 0.10975 14.61 1.0653 13.529 0.014559 
10 700 7 2.1e-05 30 0.732 0.121 12.869 1.0639 11.791 0.014085 
10 700 7 2.1e-05 40 0.686 0.13429 9.927 1.0592 8.8544 0.01311 
10 700 7 2.1e-05 50 0.628 0.14859 8.2632 1.0619 7.188 0.013087 
10 700 7 2.1e-05 60 0.542 0.1531 7.0484 1.0584 5.9775 0.012213 
10 700 7 2.1e-05 70 0.484 0.15974 5.9649 1.059 4.8937 0.011915 
10 700 7 2.1e-05 80 0.418 0.146 5.0909 1.0588 4.0205 0.011368 
10 700 7 2.1e-05 90 0.37 0.14133 4.4846 1.0577 3.4154 0.011291 
10 700 7 2.1e-05 100 0.332 0.13528 3.9802 1.0569 2.9122 0.010825 
10 700 7 2.1e-05 125 0.214 0.088984 2.8004 1.0575 1.7323 0.01047 
10 700 7 2.1e-05 150 0.146 0.067433 2.08 1.0565 1.0128 0.010607 
10 700 7 2.1e-05 200 0.074 0.028086 1.5593 1.0558 0.4932 0.010204 
10 700 7 2.1e-05 250 0.024 0.0067592 1.2163 1.0553 0.15064 0.010196 
10 700 7 2.1e-05 300 0.018 0.0043633 1.1746 1.054 0.11043 0.010034 
10 700 7 2.1e-05 400 0.008 0.0019755 1.1134 1.0554 0.047679 0.010204 
10 700 7 2.1e-05 500 0.002 0.0002 1.0765 1.055 0.011359 0.010023 
10 800 7 2.1e-05 1 0.998 0.0002 889.27 1.2267 888.02 0.021971 
10 800 7 2.1e-05 2 0.998 0.0002 831.78 1.2261 830.53 0.022374 
10 800 7 2.1e-05 3 0.988 0.0018939 733.3 1.2172 732.06 0.021933 
10 800 7 2.1e-05 4 0.982 0.0035469 606.33 1.2061 605.1 0.022678 
10 800 7 2.1e-05 5 0.968 0.0095673 475.83 1.2051 474.6 0.021787 
10 800 7 2.1e-05 8 0.912 0.045976 180.69 1.2128 179.46 0.021544 
10 800 7 2.1e-05 10 0.892 0.057894 84.036 1.2136 82.801 0.021449 
10 800 7 2.1e-05 12 0.884 0.060963 50.295 1.2064 49.067 0.02138 
10 800 7 2.1e-05 15 0.858 0.070241 29.549 1.2072 28.32 0.021016 
10 800 7 2.1e-05 20 0.828 0.080833 20.307 1.2045 19.083 0.019038 
10 800 7 2.1e-05 25 0.792 0.097486 16.558 1.2074 15.332 0.018223 
10 800 7 2.1e-05 30 0.762 0.1224 14.407 1.2052 13.184 0.016926 
10 800 7 2.1e-05 40 0.718 0.13334 11.373 1.2058 10.15 0.016541 
10 800 7 2.1e-05 50 0.684 0.13851 9.4115 1.2053 8.1904 0.01559 
10 800 7 2.1e-05 60 0.614 0.14409 7.9394 1.2052 6.7191 0.014807 
10 800 7 2.1e-05 70 0.536 0.15541 6.9442 1.208 5.7219 0.014095 
10 800 7 2.1e-05 80 0.486 0.15837 6.163 1.2067 4.9424 0.013676 
10 800 7 2.1e-05 90 0.408 0.15096 5.2025 1.214 3.9746 0.01362 
10 800 7 2.1e-05 100 0.368 0.14304 4.6969 1.2054 3.4785 0.012821 
10 800 7 2.1e-05 125 0.282 0.11579 3.5307 1.2056 2.3122 0.012789 
10 800 7 2.1e-05 150 0.184 0.086678 2.6527 1.2046 1.4361 0.011761 
10 800 7 2.1e-05 200 0.108 0.05218 1.913 1.2046 0.69679 0.011461 
10 800 7 2.1e-05 250 0.052 0.0152 1.5508 1.2046 0.33432 0.011748 
10 800 7 2.1e-05 300 0.022 0.0062408 1.3514 1.2048 0.13503 0.011441 
10 800 7 2.1e-05 400 0.014 0.0036776 1.2989 1.2038 0.083857 0.011174 
10 800 7 2.1e-05 500 0.004 0.00039184 1.239 1.2036 0.023661 0.011708 
10 900 7 2.1e-05 1 1 0 898.35 1.3848 896.94 0.020071 
10 900 7 2.1e-05 2 1 0 855.35 1.3892 853.94 0.019871 
10 900 7 2.1e-05 3 0.988 0.002302 777.45 1.3709 776.06 0.019815 
10 900 7 2.1e-05 4 0.984 0.0030041 670.37 1.3623 668.99 0.020048 
10 900 7 2.1e-05 5 0.972 0.0073633 546.86 1.3641 545.47 0.020015 
10 900 7 2.1e-05 8 0.938 0.034649 235.59 1.3615 234.21 0.019383 
10 900 7 2.1e-05 10 0.914 0.045718 123.48 1.3626 122.1 0.019224 
10 900 7 2.1e-05 12 0.896 0.057943 69.479 1.3636 68.096 0.019263 
10 900 7 2.1e-05 15 0.868 0.067527 37.785 1.3618 36.404 0.019295 
10 900 7 2.1e-05 20 0.838 0.075465 23.803 1.3604 22.423 0.018591 
10 900 7 2.1e-05 25 0.806 0.090371 18.761 1.361 17.382 0.017578 
10 900 7 2.1e-05 30 0.782 0.099873 15.911 1.3627 14.531 0.016754 
10 900 7 2.1e-05 40 0.728 0.12124 12.547 1.3593 11.172 0.016104 
10 900 7 2.1e-05 50 0.692 0.13871 10.43 1.3604 9.0535 0.015719 
10 900 7 2.1e-05 60 0.658 0.14371 8.9562 1.3591 7.5817 0.01514 
10 900 7 2.1e-05 70 0.604 0.14937 7.8869 1.3628 6.509 0.014891 
10 900 7 2.1e-05 80 0.546 0.17111 6.9682 1.3586 5.5947 0.014673 
10 900 7 2.1e-05 90 0.486 0.15307 6.2973 1.3606 4.9224 0.014179 
10 900 7 2.1e-05 100 0.42 0.14408 5.4675 1.3578 4.0953 0.014178 
10 900 7 2.1e-05 125 0.344 0.14374 4.4211 1.3598 3.0472 0.013932 
10 900 7 2.1e-05 150 0.25 0.10418 3.4125 1.359 2.0396 0.013664 
10 900 7 2.1e-05 200 0.138 0.066078 2.3036 1.3574 0.93269 0.013346 
10 900 7 2.1e-05 250 0.082 0.03171 1.9121 1.3579 0.5407 0.013349 
10 900 7 2.1e-05 300 0.026 0.0084939 1.5308 1.3568 0.1602 0.013687 
10 900 7 2.1e-05 400 0.016 0.0042286 1.4668 1.3566 0.096651 0.013336 
10 900 7 2.1e-05 500 0.008 0.0011592 1.419 1.3579 0.047753 0.013247 
10 1000 7 2.1e-05 1 1 0 894.18 1.5336 892.62 0.02571 
10 1000 7 2.1e-05 2 1 0 867.86 1.5299 866.3 0.025299 
10 1000 7 2.1e-05 3 0.996 0.00039184 805.01 1.5104 803.47 0.025647 
10 1000 7 2.1e-05 4 0.99 0.0013265 714.18 1.5065 712.65 0.025237 
10 1000 7 2.1e-05 5 0.984 0.0025959 606.35 1.5041 604.82 0.025087 
10 1000 7 2.1e-05 8 0.948 0.02622 295.38 1.5089 293.84 0.024864 
10 1000 7 2.1e-05 10 0.922 0.046241 162.81 1.5062 161.28 0.024772 
10 1000 7 2.1e-05 12 0.91 0.053163 92.157 1.5079 90.624 0.024521 
10 1000 7 2.1e-05 15 0.882 0.066404 46.984 1.5085 45.451 0.024401 
10 1000 7 2.1e-05 20 0.85 0.071531 26.856 1.5053 25.326 0.023978 
10 1000 7 2.1e-05 25 0.822 0.07971 20.662 1.5053 19.134 0.022088 
10 1000 7 2.1e-05 30 0.794 0.091188 17.039 1.5035 15.515 0.020977 
10 1000 7 2.1e-05 40 0.742 0.11881 13.627 1.5047 12.102 0.020502 
10 1000 7 2.1e-05 50 0.71 0.13276 11.566 1.5038 10.042 0.019604 
10 1000 7 2.1e-05 60 0.682 0.146 9.9161 1.5024 8.3945 0.018893 
10 1000 7 2.1e-05 70 0.64 0.14816 8.7789 1.5048 7.2554 0.018471 
10 1000 7 2.1e-05 80 0.58 0.15224 7.9549 1.504 6.4325 0.018064 
10 1000 7 2.1e-05 90 0.538 0.16036 7.3334 1.5022 5.8134 0.017628 
10 1000 7 2.1e-05 100 0.488 0.15904 6.5794 1.5021 5.0593 0.0177 
10 1000 7 2.1e-05 125 0.396 0.14733 5.1402 1.5012 3.6222 0.016573 
10 1000 7 2.1e-05 150 0.306 0.1316 4.124 1.503 2.6046 0.016187 
10 1000 7 2.1e-05 200 0.168 0.083445 2.8044 1.5005 1.2884 0.015318 
10 1000 7 2.1e-05 250 0.11 0.048265 2.2345 1.5007 0.71858 0.015043 
10 1000 7 2.1e-05 300 0.064 0.021943 1.946 1.5009 0.4299 0.015039 
10 1000 7 2.1e-05 400 0.02 0.0061224 1.6371 1.5001 0.12139 0.015425 
10 1000 7 2.1e-05 500 0.012 0.0035265 1.5902 1.5006 0.074346 0.015104 
10 1250 7 2.1e-05 1 1 0 913.55 1.9119 911.61 0.021061 
10 1250 7 2.1e-05 2 1 0 897.24 1.905 895.31 0.021103 
10 1250 7 2.1e-05 3 1 0 857.79 1.8892 855.88 0.021083 
10 1250 7 2.1e-05 4 1 0 808.8 1.8844 806.89 0.021097 
10 1250 7 2.1e-05 5 0.994 0.00098367 732.16 1.8857 730.26 0.020899 
10 1250 7 2.1e-05 8 0.966 0.012494 446.41 1.8865 444.5 0.020742 
10 1250 7 2.1e-05 10 0.946 0.022943 281.98 1.8828 280.08 0.020642 
10 1250 7 2.1e-05 12 0.924 0.037371 168.56 1.8873 166.65 0.020456 
10 1250 7 2.1e-05 15 0.9 0.056735 80.709 1.8823 78.806 0.020822 
10 1250 7 2.1e-05 20 0.868 0.074057 37.307 1.8886 35.398 0.020246 
10 1250 7 2.1e-05 25 0.846 0.078861 26.521 1.885 24.615 0.020122 
10 1250 7 2.1e-05 30 0.82 0.08449 21.547 1.8862 19.641 0.020027 
10 1250 7 2.1e-05 40 0.792 0.097486 16.861 1.8851 14.956 0.01953 
10 1250 7 2.1e-05 50 0.756 0.11435 14.233 1.88 12.334 0.019247 
10 1250 7 2.1e-05 60 0.728 0.12614 12.284 1.8797 10.385 0.019167 
10 1250 7 2.1e-05 70 0.696 0.13917 10.733 1.8792 8.835 0.01891 
10 1250 7 2.1e-05 80 0.658 0.14493 9.826 1.8807 7.9263 0.018824 
10 1250 7 2.1e-05 90 0.61 0.14867 8.8839 1.8798 6.9849 0.019026 
10 1250 7 2.1e-05 100 0.574 0.14931 8.1817 1.8782 6.2848 0.018536 
10 1250 7 2.1e-05 125 0.47 0.1601 6.7503 1.8755 4.8561 0.01844 
10 1250 7 2.1e-05 150 0.392 0.14728 5.6394 1.8761 3.7448 0.0183 
10 1250 7 2.1e-05 200 0.266 0.1027 4.1108 1.8749 2.2176 0.018181 
10 1250 7 2.1e-05 250 0.178 0.082567 3.2043 1.8762 1.31 0.017996 
10 1250 7 2.1e-05 300 0.122 0.060527 2.6932 1.8737 0.80132 0.017963 
10 1250 7 2.1e-05 400 0.042 0.01269 2.148 1.877 0.25276 0.018197 
10 1250 7 2.1e-05 500 0.016 0.0042286 1.9887 1.8743 0.096415 0.017885 
10 1500 7 2.1e-05 1 1 0 912.19 2.2717 909.88 0.035673 
10 1500 7 2.1e-05 2 1 0 903.2 2.2625 900.91 0.027995 
10 1500 7 2.1e-05 3 1 0 875.5 2.2544 873.22 0.022292 
10 1500 7 2.1e-05 4 1 0 847.25 2.2501 844.98 0.021936 
10 1500 7 2.1e-05 5 0.998 0.0002 800.75 2.2476 798.48 0.021908 
10 1500 7 2.1e-05 8 0.976 0.0059429 575.65 2.2511 573.38 0.021656 
10 1500 7 2.1e-05 10 0.958 0.013098 408.09 2.2477 405.82 0.021502 
10 1500 7 2.1e-05 12 0.936 0.033371 271.1 2.2486 268.83 0.021457 
10 1500 7 2.1e-05 15 0.916 0.051576 140.57 2.254 138.3 0.021361 
10 1500 7 2.1e-05 20 0.89 0.065 56.892 2.2482 54.623 0.021265 
10 1500 7 2.1e-05 25 0.864 0.072555 33.944 2.2486 31.674 0.021321 
10 1500 7 2.1e-05 30 0.836 0.08031 26.129 2.2461 23.862 0.02126 
10 1500 7 2.1e-05 40 0.804 0.092229 19.81 2.2465 17.542 0.021176 
10 1500 7 2.1e-05 50 0.778 0.10542 16.524 2.2475 14.255 0.021189 
10 1500 7 2.1e-05 60 0.752 0.12051 14.619 2.2477 12.35 0.021137 
10 1500 7 2.1e-05 70 0.73 0.12786 13.051 2.2464 10.783 0.021116 
10 1500 7 2.1e-05 80 0.712 0.13618 11.621 2.2455 9.3536 0.02143 
10 1500 7 2.1e-05 90 0.678 0.14216 10.639 2.2408 8.3764 0.021081 
10 1500 7 2.1e-05 100 0.654 0.14376 9.8546 2.2458 7.5876 0.02102 
10 1500 7 2.1e-05 125 0.558 0.16412 8.3803 2.2444 6.1148 0.020909 
10 1500 7 2.1e-05 150 0.488 0.15414 7.1451 2.2444 4.8795 0.021019 
10 1500 7 2.1e-05 200 0.344 0.13925 5.4147 2.2443 3.1493 0.020986 
10 1500 7 2.1e-05 250 0.242 0.10085 4.2099 2.241 1.9477 0.020972 
10 1500 7 2.1e-05 300 0.168 0.076914 3.5485 2.2604 1.2666 0.021356 
10 1500 7 2.1e-05 400 0.086 0.03429 2.8271 2.2418 0.56438 0.020876 
10 1500 7 2.1e-05 500 0.028 0.0094041 2.4392 2.2488 0.16935 0.020973 
10 2000 7 2.1e-05 1 1 0 912.29 3.0093 909.17 0.11236 
10 2000 7 2.1e-05 2 1 0 909.21 3.0116 906.16 0.038229 
10 2000 7 2.1e-05 3 1 0 894.72 3.0139 891.67 0.038411 
10 2000 7 2.1e-05 4 1 0 889.59 3.0105 886.55 0.03806 
10 2000 7 2.1e-05 5 1 0 867.1 3.0119 864.05 0.038165 
10 2000 7 2.1e-05 8 0.994 0.00057551 740.8 3.0092 737.76 0.038052 
10 2000 7 2.1e-05 10 0.978 0.0050163 614 3.011 610.95 0.038494 
10 2000 7 2.1e-05 12 0.972 0.0069551 478.16 3.0123 475.11 0.037754 
10 2000 7 2.1e-05 15 0.942 0.026976 300.53 3.0088 297.48 0.037702 
10 2000 7 2.1e-05 20 0.916 0.051167 125.29 3.0073 122.25 0.037523 
10 2000 7 2.1e-05 25 0.9 0.055102 62.573 3.0093 59.526 0.037613 
10 2000 7 2.1e-05 30 0.872 0.066547 40.736 3.0083 37.689 0.038274 
10 2000 7 2.1e-05 40 0.844 0.078024 26.834 3.0073 23.79 0.036599 
10 2000 7 2.1e-05 50 0.83 0.083367 21.693 3.004 18.654 0.035151 
10 2000 7 2.1e-05 60 0.808 0.092996 18.803 3.0036 15.764 0.034997 
10 2000 7 2.1e-05 70 0.782 0.10477 16.987 3.0048 13.947 0.034418 
10 2000 7 2.1e-05 80 0.752 0.11642 15.561 3.0079 12.52 0.033636 
10 2000 7 2.1e-05 90 0.732 0.12712 14.078 3.0045 11.039 0.034064 
10 2000 7 2.1e-05 100 0.718 0.1313 12.96 3.0024 9.9236 0.033755 
10 2000 7 2.1e-05 125 0.678 0.14257 11.087 3.0018 8.052 0.032699 
10 2000 7 2.1e-05 150 0.616 0.13892 9.9689 2.9973 6.9392 0.032228 
10 2000 7 2.1e-05 200 0.486 0.17021 7.9556 2.9947 4.9297 0.030982 
10 2000 7 2.1e-05 250 0.378 0.14583 6.5288 2.993 3.5052 0.030489 
10 2000 7 2.1e-05 300 0.306 0.12507 5.6097 2.9914 2.5882 0.029937 
10 2000 7 2.1e-05 400 0.166 0.074127 4.2554 2.9956 1.2304 0.029264 
10 2000 7 2.1e-05 500 0.112 0.052098 3.7697 2.9915 0.74897 0.029015 
