10 1 4 0.00021 1 0.336 0.085208 56.784 1.5231 55.261 0.00010479 
10 5 4 0.00021 1 0.79 0.065408 238.22 0.05139 238.17 0.00021476 
10 5 4 0.00021 2 0.508 0.11422 35.249 0.051737 35.197 0.0001937 
10 5 4 0.00021 3 0.256 0.089861 5.0307 0.050082 4.9804 0.00015356 
10 5 4 0.00021 4 0.1 0.030612 1.3894 0.04671 1.3425 0.00011837 
10 5 4 0.00021 5 0.028 0.0061388 0.37309 0.045405 0.32752 0.0001072 
10 10 4 0.00021 1 0.876 0.041045 409.64 0.16301 409.47 0.00041565 
10 10 4 0.00021 2 0.72 0.10082 111.85 0.1151 111.73 0.00034662 
10 10 4 0.00021 3 0.532 0.13732 24.322 0.11472 24.207 0.00025926 
10 10 4 0.00021 4 0.346 0.10947 7.0061 0.11525 6.8905 0.00024516 
10 10 4 0.00021 5 0.23 0.085 3.0039 0.093521 2.9101 0.00021996 
10 10 4 0.00021 8 0.028 0.004098 0.35051 0.089862 0.26041 0.00020394 
10 10 4 0.00021 10 0.002 0.0002 0.10207 0.087759 0.014087 0.00019579 
10 25 4 0.00021 1 0.964 0.010106 701.96 0.23476 701.73 0.0011739 
10 25 4 0.00021 2 0.91 0.039694 400.28 0.23222 400.04 0.0010223 
10 25 4 0.00021 3 0.844 0.070269 174.67 0.23143 174.44 0.00074765 
10 25 4 0.00021 4 0.762 0.10689 63.989 0.22957 63.759 0.00062335 
10 25 4 0.00021 5 0.692 0.12606 24.728 0.22914 24.498 0.00057382 
10 25 4 0.00021 8 0.406 0.12996 5.3868 0.22866 5.1575 0.00053695 
10 25 4 0.00021 10 0.256 0.11027 3.2054 0.22667 2.9781 0.00055427 
10 25 4 0.00021 12 0.162 0.084445 1.9771 0.22669 1.7498 0.00053469 
10 25 4 0.00021 15 0.07 0.044184 0.89351 0.22481 0.6681 0.00053572 
10 25 4 0.00021 20 0.01 0.0021429 0.29003 0.22435 0.065089 0.00053467 
10 25 4 0.00021 25 0 0 0.22501 0.22439 2.2723e-05 0.00053524 
10 50 4 0.00021 1 0.998 0.0002 852.82 0.44623 852.37 0.0020824 
10 50 4 0.00021 2 0.988 0.0014857 713.16 0.44428 712.71 0.0020322 
10 50 4 0.00021 3 0.968 0.0058939 507.74 0.44191 507.29 0.0017608 
10 50 4 0.00021 4 0.926 0.021963 313.95 0.44002 313.51 0.0014571 
10 50 4 0.00021 5 0.876 0.053698 170.6 0.43876 170.16 0.0012485 
10 50 4 0.00021 8 0.74 0.10653 24.002 0.43714 23.563 0.0010589 
10 50 4 0.00021 10 0.668 0.13365 12.014 0.43637 11.576 0.0009882 
10 50 4 0.00021 12 0.584 0.13851 8.7771 0.43518 8.3408 0.00099012 
10 50 4 0.00021 15 0.438 0.14444 5.9812 0.43569 5.5445 0.00097233 
10 50 4 0.00021 20 0.268 0.141 3.7135 0.43619 3.2763 0.00099595 
10 50 4 0.00021 25 0.17 0.10663 2.4337 0.4352 1.9974 0.00097847 
10 50 4 0.00021 30 0.08 0.04 1.0814 0.43545 0.64489 0.00097185 
10 50 4 0.00021 40 0.002 0.0002 0.45063 0.43563 0.013959 0.00097589 
10 50 4 0.00021 50 0 0 0.43676 0.43568 3.0907e-05 0.00097786 
10 75 4 0.00021 1 1 0 897.29 0.73508 896.55 0.002784 
10 75 4 0.00021 2 0.988 0.0018939 847.98 0.68857 847.29 0.0028499 
10 75 4 0.00021 3 0.978 0.0046082 740.03 0.68543 739.34 0.002656 
10 75 4 0.00021 4 0.954 0.015596 583.29 0.68357 582.61 0.0024065 
10 75 4 0.00021 5 0.916 0.030759 414.25 0.67829 413.57 0.0021324 
10 75 4 0.00021 8 0.824 0.077371 89.421 0.6697 88.75 0.0015309 
10 75 4 0.00021 10 0.764 0.12439 32.346 0.66869 31.676 0.0014978 
10 75 4 0.00021 12 0.724 0.14431 17.303 0.65122 16.65 0.0014155 
10 75 4 0.00021 15 0.68 0.15184 11.924 0.65033 11.273 0.0014842 
10 75 4 0.00021 20 0.546 0.15804 7.508 0.66725 6.8392 0.0014114 
10 75 4 0.00021 25 0.404 0.15182 5.0951 0.65073 4.4429 0.0014129 
10 75 4 0.00021 30 0.262 0.11873 3.6068 0.64843 2.9569 0.0014017 
10 75 4 0.00021 40 0.106 0.059351 1.734 0.64807 1.0845 0.0014099 
10 75 4 0.00021 50 0.018 0.0047714 0.7802 0.64831 0.13041 0.0014106 
10 75 4 0.00021 60 0.004 0.00039184 0.67489 0.64946 0.023931 0.0014234 
10 75 4 0.00021 70 0 0 0.65026 0.64876 2.9236e-05 0.0014081 
10 100 4 0.00021 1 1 0 911.98 0.99248 910.98 0.0060788 
10 100 4 0.00021 2 1 0 899.59 0.94105 898.64 0.0061115 
10 100 4 0.00021 3 0.994 0.00057551 851.46 0.93718 850.52 0.0057742 
10 100 4 0.00021 4 0.984 0.0034122 759.86 0.935 758.92 0.0054742 
10 100 4 0.00021 5 0.958 0.015139 632.72 0.93428 631.78 0.0049229 
10 100 4 0.00021 8 0.898 0.047139 232.18 0.9186 231.26 0.0037971 
10 100 4 0.00021 10 0.862 0.066078 91.267 0.91559 90.348 0.0033065 
10 100 4 0.00021 12 0.818 0.087629 38.332 0.91184 37.417 0.0033013 
10 100 4 0.00021 15 0.776 0.10635 19.043 0.8976 18.142 0.0030851 
10 100 4 0.00021 20 0.678 0.15236 12.326 0.91201 11.411 0.0029148 
10 100 4 0.00021 25 0.586 0.1649 8.8151 0.89236 7.9197 0.0029176 
10 100 4 0.00021 30 0.472 0.16532 6.5383 0.88923 5.6461 0.0028834 
10 100 4 0.00021 40 0.266 0.11902 4.0624 0.88923 3.1702 0.0028911 
10 100 4 0.00021 50 0.142 0.094322 2.4551 0.88998 1.5621 0.0029232 
10 100 4 0.00021 60 0.068 0.037731 1.4146 0.88934 0.5223 0.0028989 
10 100 4 0.00021 70 0.01 0.00091837 0.95576 0.88958 0.06321 0.0029175 
10 100 4 0.00021 80 0.002 0.0002 0.90776 0.89079 0.014015 0.0029014 
10 100 4 0.00021 90 0 0 0.8924 0.88941 3.0026e-05 0.0028891 
10 100 4 0.00021 100 0 0 0.89323 0.89024 3.0128e-05 0.0029113 
10 125 4 0.00021 1 1 0 914.4 1.7311 912.67 0.0042671 
10 125 4 0.00021 2 1 0 902.5 1.1227 901.37 0.0043102 
10 125 4 0.00021 3 1 0 892.54 1.123 891.41 0.004369 
10 125 4 0.00021 4 0.998 0.0002 849.39 1.1162 848.27 0.0041763 
10 125 4 0.00021 5 0.992 0.0019755 774.81 1.1157 773.69 0.0040635 
10 125 4 0.00021 8 0.956 0.019249 413.85 1.1 412.75 0.0032901 
10 125 4 0.00021 10 0.912 0.032098 204.82 1.0929 203.72 0.0027544 
10 125 4 0.00021 12 0.848 0.065404 88.687 1.0801 87.604 0.0024624 
10 125 4 0.00021 15 0.804 0.092229 29.534 1.0823 28.449 0.0023562 
10 125 4 0.00021 20 0.746 0.12539 15.218 1.077 14.138 0.0022579 
10 125 4 0.00021 25 0.67 0.15153 11.431 1.0668 10.361 0.0022492 
10 125 4 0.00021 30 0.594 0.16915 9.0089 1.0682 7.9383 0.0022585 
10 125 4 0.00021 40 0.434 0.16556 5.9124 1.0676 4.8424 0.0022436 
10 125 4 0.00021 50 0.246 0.12172 4.134 1.0664 3.0652 0.0022583 
10 125 4 0.00021 60 0.17 0.11031 3.1928 1.072 2.1184 0.0022586 
10 125 4 0.00021 70 0.1 0.066122 1.9976 1.0679 0.92741 0.0022494 
10 125 4 0.00021 80 0.044 0.023331 1.3966 1.066 0.32828 0.0022423 
10 125 4 0.00021 90 0.018 0.0043633 1.1893 1.0653 0.12164 0.0022497 
10 125 4 0.00021 100 0.002 0.0002 1.0835 1.0671 0.014093 0.002238 
10 125 4 0.00021 125 0 0 1.0766 1.0741 3.0137e-05 0.0023837 
10 150 4 0.00021 1 1 0 945.29 2.5194 942.76 0.0099218 
10 150 4 0.00021 2 1 0 943.73 1.3519 942.37 0.0095932 
10 150 4 0.00021 3 1 0 927.62 1.3514 926.26 0.009192 
10 150 4 0.00021 4 0.998 0.0002 915.85 1.3453 914.5 0.0087844 
10 150 4 0.00021 5 0.996 0.00039184 874.74 1.3449 873.38 0.0085138 
10 150 4 0.00021 8 0.976 0.0055347 602.31 1.324 600.98 0.0073054 
10 150 4 0.00021 10 0.948 0.023363 367.76 1.3226 366.43 0.0064744 
10 150 4 0.00021 12 0.912 0.035771 190.19 1.3092 188.88 0.0054596 
10 150 4 0.00021 15 0.868 0.054057 63.073 1.3018 61.766 0.0048867 
10 150 4 0.00021 20 0.794 0.098535 21.744 1.3085 20.431 0.0049791 
10 150 4 0.00021 25 0.736 0.12398 15.504 1.2997 14.2 0.0046578 
10 150 4 0.00021 30 0.674 0.14849 12.233 1.2851 10.943 0.0045895 
10 150 4 0.00021 40 0.55 0.17357 8.0963 1.2816 6.81 0.0045876 
10 150 4 0.00021 50 0.402 0.15408 6.125 1.2888 4.8314 0.0046501 
10 150 4 0.00021 60 0.262 0.1273 4.3782 1.2839 3.0895 0.0046609 
10 150 4 0.00021 70 0.172 0.10532 3.2531 1.2935 1.9548 0.0046965 
10 150 4 0.00021 80 0.11 0.071531 2.4403 1.2991 1.137 0.0041151 
10 150 4 0.00021 90 0.076 0.048392 1.928 1.2832 0.64058 0.0040735 
10 150 4 0.00021 100 0.044 0.023331 1.5883 1.2827 0.30146 0.004078 
10 150 4 0.00021 125 0.002 0.0002 1.3008 1.2824 0.014246 0.0040673 
10 150 4 0.00021 150 0 0 1.2863 1.2821 3.0195e-05 0.0041076 
10 200 4 0.00021 1 1 0 866.15 1.6998 864.45 0.0056751 
10 200 4 0.00021 2 1 0 862.62 1.6991 860.92 0.0057635 
10 200 4 0.00021 3 1 0 861.6 1.705 859.89 0.0056928 
10 200 4 0.00021 4 1 0 855.6 1.7024 853.89 0.0057374 
10 200 4 0.00021 5 1 0 850.92 1.7039 849.21 0.0057027 
10 200 4 0.00021 8 0.996 0.00039184 758.42 1.705 756.71 0.0058087 
10 200 4 0.00021 10 0.982 0.0043633 612.31 1.6998 610.61 0.0051769 
10 200 4 0.00021 12 0.962 0.0122 431.73 1.6965 430.03 0.0046298 
10 200 4 0.00021 15 0.922 0.03522 199.5 1.6945 197.8 0.0039556 
10 200 4 0.00021 20 0.858 0.064935 45.508 1.6944 43.81 0.0035766 
10 200 4 0.00021 25 0.796 0.095902 21.993 1.6933 20.296 0.0035797 
10 200 4 0.00021 30 0.74 0.12286 16.031 1.6901 14.338 0.0034589 
10 200 4 0.00021 40 0.674 0.15053 11.457 1.6909 9.7628 0.0034486 
10 200 4 0.00021 50 0.592 0.17014 8.5259 1.6914 6.831 0.0034595 
10 200 4 0.00021 60 0.458 0.16208 6.5388 1.6896 4.8457 0.0034559 
10 200 4 0.00021 70 0.336 0.14929 5.1659 1.6883 3.474 0.0034912 
10 200 4 0.00021 80 0.252 0.12867 4.3808 1.6926 2.6846 0.0034627 
10 200 4 0.00021 90 0.184 0.10137 3.6856 1.7091 1.973 0.0034918 
10 200 4 0.00021 100 0.124 0.07778 2.9681 1.6937 1.2707 0.0035858 
10 200 4 0.00021 125 0.058 0.036771 2.1304 1.6912 0.43564 0.003457 
10 200 4 0.00021 150 0.01 0.0013265 1.7506 1.6897 0.057415 0.0034473 
10 200 4 0.00021 200 0 0 1.6933 1.6897 2.8424e-05 0.0034585 
10 250 4 0.00021 1 1 0 886.5 2.3094 884.19 0.0057489 
10 250 4 0.00021 2 1 0 888.3 2.1664 886.13 0.0059007 
10 250 4 0.00021 3 1 0 883.6 2.1658 881.43 0.005906 
10 250 4 0.00021 4 1 0 887.83 2.1654 885.66 0.0058478 
10 250 4 0.00021 5 1 0 886.15 2.1689 883.97 0.0058152 
10 250 4 0.00021 8 1 0 857.02 2.1675 854.84 0.0057654 
10 250 4 0.00021 10 0.996 0.0008 794.84 2.1666 792.67 0.0056511 
10 250 4 0.00021 12 0.99 0.0033673 675.54 2.1618 673.37 0.0054739 
10 250 4 0.00021 15 0.972 0.010629 435.96 2.1597 433.79 0.0050174 
10 250 4 0.00021 20 0.91 0.042551 129.16 2.1561 127 0.0044057 
10 250 4 0.00021 25 0.866 0.065555 40.036 2.1566 37.875 0.004255 
10 250 4 0.00021 30 0.808 0.093404 22.524 2.1392 20.38 0.004181 
10 250 4 0.00021 40 0.736 0.12684 15.592 2.1465 13.441 0.0042925 
10 250 4 0.00021 50 0.68 0.14653 11.683 2.1339 9.5446 0.0041752 
10 250 4 0.00021 60 0.588 0.16434 9.2957 2.1264 7.1651 0.0041879 
10 250 4 0.00021 70 0.5 0.16408 7.5043 2.1241 5.376 0.004168 
10 250 4 0.00021 80 0.404 0.16447 6.4901 2.1295 4.3564 0.0041818 
10 250 4 0.00021 90 0.328 0.15104 5.6677 2.1369 3.5262 0.0045208 
10 250 4 0.00021 100 0.27 0.13602 5.215 2.1379 3.0727 0.0042654 
10 250 4 0.00021 125 0.148 0.11561 3.7177 2.1514 1.5617 0.0044891 
10 250 4 0.00021 150 0.08 0.050612 2.7791 2.1268 0.64801 0.0041995 
10 250 4 0.00021 200 0.002 0.0002 2.1441 2.1254 0.014442 0.0041675 
10 250 4 0.00021 250 0 0 2.1334 2.1291 2.8956e-05 0.0041896 
10 300 4 0.00021 1 1 0 888.17 2.5632 885.6 0.0092569 
10 300 4 0.00021 2 1 0 888.43 2.556 885.86 0.0091122 
10 300 4 0.00021 3 1 0 888.13 2.5572 885.57 0.0092328 
10 300 4 0.00021 4 1 0 888.32 2.5554 885.75 0.0092245 
10 300 4 0.00021 5 1 0 887.73 2.5573 885.16 0.0091493 
10 300 4 0.00021 8 1 0 881.1 2.5549 878.53 0.0091613 
10 300 4 0.00021 10 1 0 861.12 2.5599 858.55 0.009245 
10 300 4 0.00021 12 0.996 0.0008 808.24 2.557 805.67 0.0091881 
10 300 4 0.00021 15 0.986 0.0028612 644.83 2.5556 642.27 0.0081886 
10 300 4 0.00021 20 0.944 0.02129 291.23 2.547 288.68 0.0066906 
10 300 4 0.00021 25 0.894 0.054861 87 2.5538 84.44 0.0057976 
10 300 4 0.00021 30 0.842 0.074731 34.604 2.5617 32.037 0.0052503 
10 300 4 0.00021 40 0.792 0.10116 20.29 2.5424 17.742 0.0054774 
10 300 4 0.00021 50 0.734 0.12719 15.293 2.5448 12.743 0.0052537 
10 300 4 0.00021 60 0.686 0.15184 12.53 2.5347 9.9898 0.0052446 
10 300 4 0.00021 70 0.64 0.15633 10.102 2.5343 7.5626 0.0052257 
10 300 4 0.00021 80 0.544 0.16986 8.5919 2.5491 6.0374 0.0052409 
10 300 4 0.00021 90 0.444 0.15966 7.365 2.536 4.8234 0.005506 
10 300 4 0.00021 100 0.368 0.16018 6.5014 2.5432 3.9529 0.0052349 
10 300 4 0.00021 125 0.234 0.12596 5.1302 2.5362 2.5886 0.0052589 
10 300 4 0.00021 150 0.148 0.10989 4.049 2.5341 1.5096 0.0052837 
10 300 4 0.00021 200 0.026 0.0138 2.6948 2.5345 0.1546 0.0055595 
10 300 4 0.00021 250 0.002 0.0002 2.5509 2.5334 0.01216 0.0052437 
10 300 4 0.00021 300 0 0 2.5392 2.5338 2.9987e-05 0.0052403 
10 350 4 0.00021 1 1 0 887.15 3.0339 884.1 0.010742 
10 350 4 0.00021 2 1 0 886.31 2.9929 883.3 0.010776 
10 350 4 0.00021 3 1 0 886.27 2.9946 883.27 0.010744 
10 350 4 0.00021 4 1 0 885.72 2.9915 882.72 0.010645 
10 350 4 0.00021 5 1 0 880.27 3.0026 877.26 0.010673 
10 350 4 0.00021 8 1 0 884.56 2.9916 881.56 0.010615 
10 350 4 0.00021 10 1 0 877.72 2.9903 874.72 0.010474 
10 350 4 0.00021 12 0.996 0.00039184 857.6 2.9929 854.59 0.01059 
10 350 4 0.00021 15 0.984 0.0042286 778.64 2.9904 775.64 0.010109 
10 350 4 0.00021 20 0.95 0.025816 491.3 2.9911 488.3 0.0086992 
10 350 4 0.00021 25 0.922 0.042567 198.45 2.995 195.45 0.0072995 
10 350 4 0.00021 30 0.888 0.053322 69.727 2.9866 66.734 0.0064096 
10 350 4 0.00021 40 0.814 0.090616 24.492 2.9868 21.499 0.0064096 
10 350 4 0.00021 50 0.772 0.109 17.833 2.9695 14.858 0.0064065 
10 350 4 0.00021 60 0.718 0.1362 15.016 2.9836 12.026 0.0060705 
10 350 4 0.00021 70 0.676 0.14594 12.697 2.9721 9.7186 0.0061313 
10 350 4 0.00021 80 0.618 0.16559 10.667 2.9681 7.6929 0.0061059 
10 350 4 0.00021 90 0.548 0.17112 9.2821 2.9799 6.2958 0.0063049 
10 350 4 0.00021 100 0.488 0.17251 8.2429 2.9914 5.2452 0.006174 
10 350 4 0.00021 125 0.334 0.14474 6.5898 2.9674 3.6159 0.006442 
10 350 4 0.00021 150 0.198 0.11408 5.3556 2.9679 2.3814 0.0061239 
10 350 4 0.00021 200 0.09 0.058061 3.6066 2.9687 0.63171 0.006111 
10 350 4 0.00021 250 0.006 0.00057551 3.0132 2.9684 0.038607 0.0060848 
10 350 4 0.00021 300 0.002 0.0002 2.9925 2.9723 0.013996 0.006086 
10 400 4 0.00021 1 1 0 894.34 3.3843 890.94 0.012817 
10 400 4 0.00021 2 1 0 888.71 3.3879 885.31 0.012671 
10 400 4 0.00021 3 1 0 894.54 3.3795 891.14 0.012537 
10 400 4 0.00021 4 1 0 894.97 3.3845 891.58 0.012451 
10 400 4 0.00021 5 1 0 895.09 3.3832 891.7 0.012418 
10 400 4 0.00021 8 1 0 894.12 3.3845 890.72 0.012286 
10 400 4 0.00021 10 1 0 891.37 3.3851 887.97 0.012259 
10 400 4 0.00021 12 0.998 0.0002 885.64 3.3837 882.25 0.012279 
10 400 4 0.00021 15 0.994 0.0018 852.05 3.3878 848.65 0.012274 
10 400 4 0.00021 20 0.992 0.0032 668.05 3.3851 664.65 0.011495 
10 400 4 0.00021 25 0.968 0.0091592 356.58 3.3827 353.19 0.0093328 
10 400 4 0.00021 30 0.918 0.033751 140.68 3.3767 137.3 0.0084499 
10 400 4 0.00021 40 0.83 0.082143 31.813 3.3788 28.428 0.0070086 
10 400 4 0.00021 50 0.808 0.095037 21.682 3.3773 18.297 0.0073018 
10 400 4 0.00021 60 0.752 0.11847 17.671 3.3784 14.286 0.0069752 
10 400 4 0.00021 70 0.718 0.13212 15.381 3.3759 11.999 0.0069708 
10 400 4 0.00021 80 0.678 0.15236 13.716 3.3811 10.328 0.0070207 
10 400 4 0.00021 90 0.614 0.17796 11.932 3.3833 8.541 0.0073489 
10 400 4 0.00021 100 0.576 0.18104 10.427 3.3749 7.045 0.0070161 
10 400 4 0.00021 125 0.416 0.15892 7.9768 3.3748 4.5949 0.0070049 
10 400 4 0.00021 150 0.302 0.14673 6.806 3.3745 3.4244 0.0069717 
10 400 4 0.00021 200 0.14 0.10612 4.8069 3.3756 1.4242 0.0069843 
10 400 4 0.00021 250 0.052 0.027445 3.725 3.376 0.34198 0.0070086 
10 400 4 0.00021 300 0.002 0.0002 3.3952 3.3739 0.01424 0.0070212 
10 400 4 0.00021 400 0 0 3.3817 3.3746 5.1843e-05 0.006999 
10 500 4 0.00021 1 1 0 892.96 4.2546 888.69 0.014904 
10 500 4 0.00021 2 1 0 892.94 4.2379 888.69 0.014906 
10 500 4 0.00021 3 1 0 891.49 4.2431 887.23 0.014859 
10 500 4 0.00021 4 1 0 892.09 4.2384 887.83 0.014741 
10 500 4 0.00021 5 1 0 891.81 4.2398 887.56 0.014695 
10 500 4 0.00021 8 1 0 891.87 4.2418 887.61 0.014707 
10 500 4 0.00021 10 1 0 885.63 4.2444 881.38 0.014734 
10 500 4 0.00021 12 1 0 890.74 4.2403 886.48 0.014685 
10 500 4 0.00021 15 1 0 886.13 4.2394 881.88 0.014713 
10 500 4 0.00021 20 0.998 0.0002 836.7 4.2377 832.45 0.014312 
10 500 4 0.00021 25 0.992 0.0011592 669.66 4.2428 665.41 0.013483 
10 500 4 0.00021 30 0.976 0.0059429 410.2 4.2387 405.95 0.011624 
10 500 4 0.00021 40 0.898 0.053261 84.674 4.2334 80.431 0.0097578 
10 500 4 0.00021 50 0.84 0.079184 32.247 4.235 28.003 0.0089796 
10 500 4 0.00021 60 0.804 0.093861 23.461 4.2354 19.217 0.0086382 
10 500 4 0.00021 70 0.778 0.11073 19.664 4.2268 15.428 0.0090621 
10 500 4 0.00021 80 0.742 0.12085 17.615 4.2328 13.374 0.0085873 
10 500 4 0.00021 90 0.706 0.13731 16.139 4.2236 11.907 0.0085767 
10 500 4 0.00021 100 0.682 0.14926 14.717 4.2233 10.484 0.00892 
10 500 4 0.00021 125 0.588 0.17414 11.371 4.2256 7.1359 0.0090106 
10 500 4 0.00021 150 0.454 0.17315 9.4108 4.2347 5.1675 0.0085822 
10 500 4 0.00021 200 0.256 0.13272 7.1825 4.2222 2.9515 0.008605 
10 500 4 0.00021 250 0.142 0.10004 5.7297 4.2247 1.4962 0.0085891 
10 500 4 0.00021 300 0.062 0.038731 4.6709 4.2221 0.43977 0.0089671 
10 500 4 0.00021 400 0.004 0.00039184 4.2562 4.2233 0.024169 0.0086183 
10 500 4 0.00021 500 0 0 4.2317 4.2229 5.2115e-05 0.0085977 
10 600 4 0.00021 1 1 0 900.52 5.0485 895.46 0.017656 
10 600 4 0.00021 2 1 0 900.67 5.0482 895.6 0.017793 
10 600 4 0.00021 3 1 0 894.39 5.0706 889.3 0.017715 
10 600 4 0.00021 4 1 0 899.9 5.0511 894.83 0.017664 
10 600 4 0.00021 5 1 0 898.87 5.0471 893.8 0.017663 
10 600 4 0.00021 8 1 0 898.75 5.0462 893.69 0.018037 
10 600 4 0.00021 10 1 0 899.24 5.0479 894.18 0.017394 
10 600 4 0.00021 12 1 0 899.1 5.0499 894.04 0.017727 
10 600 4 0.00021 15 1 0 898.56 5.0501 893.49 0.017746 
10 600 4 0.00021 20 1 0 889.91 5.0512 884.85 0.017639 
10 600 4 0.00021 25 0.998 0.0002 833.24 5.0562 828.17 0.01776 
10 600 4 0.00021 30 0.994 0.00057551 689.12 5.0546 684.05 0.016387 
10 600 4 0.00021 40 0.926 0.0338 241.62 5.0551 236.55 0.012386 
10 600 4 0.00021 50 0.886 0.061637 59.834 5.0453 54.778 0.010704 
10 600 4 0.00021 60 0.834 0.079433 32.295 5.0441 27.241 0.010582 
10 600 4 0.00021 70 0.812 0.092506 25.267 5.0433 20.213 0.010709 
10 600 4 0.00021 80 0.794 0.10507 21.59 5.037 16.543 0.010191 
10 600 4 0.00021 90 0.762 0.11261 19.567 5.0368 14.52 0.010243 
10 600 4 0.00021 100 0.724 0.13084 18.247 5.0441 13.193 0.010745 
10 600 4 0.00021 125 0.674 0.15013 14.964 5.0422 9.9118 0.010232 
10 600 4 0.00021 150 0.596 0.17917 12.25 5.0425 7.1968 0.010235 
10 600 4 0.00021 200 0.378 0.16053 9.3688 5.0415 4.3169 0.010212 
10 600 4 0.00021 250 0.228 0.11675 7.8267 5.0472 2.7686 0.010749 
10 600 4 0.00021 300 0.142 0.10289 6.4763 5.0421 1.4239 0.010202 
10 600 4 0.00021 400 0.018 0.0043633 5.154 5.041 0.10244 0.010565 
10 600 4 0.00021 500 0.002 0.0002 5.0709 5.0493 0.011225 0.01029 
10 700 4 0.00021 1 1 0 902.36 6.0305 896.31 0.020602 
10 700 4 0.00021 2 1 0 903.12 5.9755 897.13 0.020591 
10 700 4 0.00021 3 1 0 902.54 5.9752 896.55 0.020317 
10 700 4 0.00021 4 1 0 896.65 5.9795 890.65 0.021073 
10 700 4 0.00021 5 1 0 902.51 5.976 896.52 0.020471 
10 700 4 0.00021 8 1 0 902.57 5.9779 896.57 0.020522 
10 700 4 0.00021 10 1 0 903.17 5.9759 897.17 0.020563 
10 700 4 0.00021 12 1 0 902.93 5.9791 896.93 0.020725 
10 700 4 0.00021 15 1 0 902.15 5.977 896.15 0.020435 
10 700 4 0.00021 20 1 0 900.42 5.9766 894.42 0.020495 
10 700 4 0.00021 25 1 0 887.75 5.9773 881.76 0.020439 
10 700 4 0.00021 30 0.998 0.0002 835.25 5.98 829.25 0.020271 
10 700 4 0.00021 40 0.98 0.0053061 490.9 5.9665 484.91 0.016772 
10 700 4 0.00021 50 0.91 0.048265 148.22 5.9732 142.23 0.013551 
10 700 4 0.00021 60 0.872 0.072669 51.384 5.9647 45.407 0.012574 
10 700 4 0.00021 70 0.84 0.080408 32.919 5.9668 26.94 0.011989 
10 700 4 0.00021 80 0.816 0.085453 26.998 5.9574 21.028 0.012607 
10 700 4 0.00021 90 0.8 0.093469 22.254 5.9859 16.256 0.011994 
10 700 4 0.00021 100 0.776 0.10186 20.236 5.9625 14.261 0.012607 
10 700 4 0.00021 125 0.716 0.14056 17.394 5.9795 11.402 0.012319 
10 700 4 0.00021 150 0.676 0.14717 14.738 5.9842 8.7411 0.012122 
10 700 4 0.00021 200 0.486 0.17715 11.134 6.004 5.1175 0.012153 
10 700 4 0.00021 250 0.31 0.14337 9.415 5.9742 3.428 0.012692 
10 700 4 0.00021 300 0.206 0.1169 8.4332 5.9734 2.4476 0.012109 
10 700 4 0.00021 400 0.082 0.054567 6.6144 5.9496 0.65265 0.01205 
10 700 4 0.00021 500 0.01 0.0013265 6.0173 5.9462 0.058873 0.012098 
10 800 4 0.00021 1 1 0 906.26 7.0495 899.19 0.023564 
10 800 4 0.00021 2 1 0 906.47 6.8992 899.55 0.02299 
10 800 4 0.00021 3 1 0 906.93 6.892 900.02 0.022947 
10 800 4 0.00021 4 1 0 906.35 6.8913 899.43 0.023444 
10 800 4 0.00021 5 1 0 906.12 6.891 899.2 0.022927 
10 800 4 0.00021 8 1 0 906.82 6.8982 899.89 0.023011 
10 800 4 0.00021 10 1 0 904.14 6.894 897.22 0.023372 
10 800 4 0.00021 12 1 0 909.95 6.8938 903.03 0.02308 
10 800 4 0.00021 15 1 0 910.88 6.8918 903.97 0.022924 
10 800 4 0.00021 20 1 0 910.11 6.9035 903.18 0.023333 
10 800 4 0.00021 25 1 0 908.13 6.8959 901.21 0.022909 
10 800 4 0.00021 30 1 0 892.83 6.8884 885.92 0.022948 
10 800 4 0.00021 40 0.994 0.00098367 709.19 6.8858 702.28 0.021129 
10 800 4 0.00021 50 0.958 0.013506 326.92 6.8939 320.01 0.017443 
10 800 4 0.00021 60 0.9 0.049796 97.588 6.8972 90.676 0.014405 
10 800 4 0.00021 70 0.86 0.07102 46.133 6.8817 39.237 0.014271 
10 800 4 0.00021 80 0.836 0.084392 34.102 6.873 27.215 0.014214 
10 800 4 0.00021 90 0.824 0.085535 28.663 6.8743 21.775 0.01367 
10 800 4 0.00021 100 0.794 0.10221 25.236 6.8444 18.377 0.014288 
10 800 4 0.00021 125 0.736 0.13174 20.717 6.8705 13.833 0.013685 
10 800 4 0.00021 150 0.694 0.14629 18.252 6.8396 11.398 0.013609 
10 800 4 0.00021 200 0.58 0.17878 13.823 6.8552 6.9537 0.014267 
10 800 4 0.00021 250 0.412 0.16598 11.695 6.8744 4.8069 0.01364 
10 800 4 0.00021 300 0.306 0.15078 10.409 6.841 3.5546 0.013626 
10 800 4 0.00021 400 0.148 0.11234 8.4823 6.8393 1.6293 0.013661 
10 800 4 0.00021 500 0.044 0.022514 7.145 6.8431 0.28809 0.013684 
10 900 4 0.00021 1 1 0 874.83 7.5759 867.22 0.026437 
10 900 4 0.00021 2 1 0 875.65 7.5796 868.04 0.027081 
10 900 4 0.00021 3 1 0 875.34 7.5772 867.73 0.025764 
10 900 4 0.00021 4 1 0 874.79 7.5773 867.19 0.026973 
10 900 4 0.00021 5 1 0 875.47 7.5856 867.86 0.026303 
10 900 4 0.00021 8 1 0 870.18 7.5768 862.58 0.025739 
10 900 4 0.00021 10 1 0 873.81 7.5749 866.21 0.026235 
10 900 4 0.00021 12 1 0 874.04 7.569 866.44 0.026334 
10 900 4 0.00021 15 1 0 874.49 7.5715 866.89 0.02638 
10 900 4 0.00021 20 1 0 874.29 7.5759 866.69 0.025805 
10 900 4 0.00021 25 1 0 873.08 7.5754 865.48 0.026151 
10 900 4 0.00021 30 1 0 868.46 7.5703 860.87 0.026195 
10 900 4 0.00021 40 0.996 0.00039184 795.72 7.5641 788.13 0.024999 
10 900 4 0.00021 50 0.966 0.011678 521.16 7.5695 513.57 0.022108 
10 900 4 0.00021 60 0.92 0.051429 210.58 7.5606 203 0.018402 
10 900 4 0.00021 70 0.904 0.055494 77.039 7.5652 69.458 0.016211 
10 900 4 0.00021 80 0.878 0.063384 42.902 7.5603 35.325 0.016442 
10 900 4 0.00021 90 0.838 0.081588 33.377 7.5823 25.779 0.015395 
10 900 4 0.00021 100 0.826 0.08931 29.333 7.5674 21.748 0.017094 
10 900 4 0.00021 125 0.776 0.11043 22.629 7.5647 15.048 0.015439 
10 900 4 0.00021 150 0.732 0.13651 20.101 7.5554 12.53 0.015444 
10 900 4 0.00021 200 0.658 0.15636 16.252 7.5772 8.6588 0.016152 
10 900 4 0.00021 250 0.522 0.17236 13.146 7.5613 5.5691 0.015393 
10 900 4 0.00021 300 0.36 0.16367 11.583 7.5607 4.0066 0.015359 
10 900 4 0.00021 400 0.196 0.1159 9.8843 7.5531 2.3157 0.015432 
10 900 4 0.00021 500 0.106 0.072412 8.4638 7.5769 0.8714 0.015399 
10 1000 4 0.00021 1 1 0 905.34 9.0894 896.22 0.029347 
10 1000 4 0.00021 2 1 0 904.71 8.4946 896.18 0.028525 
10 1000 4 0.00021 3 1 0 903.75 8.5005 895.22 0.029045 
10 1000 4 0.00021 4 1 0 903.87 8.5074 895.34 0.028522 
10 1000 4 0.00021 5 1 0 903.75 8.493 895.23 0.028639 
10 1000 4 0.00021 8 1 0 905.19 8.5035 896.66 0.0287 
10 1000 4 0.00021 10 1 0 897.71 8.4953 889.19 0.028317 
10 1000 4 0.00021 12 1 0 902.47 8.5002 893.94 0.02913 
10 1000 4 0.00021 15 1 0 902.44 8.4877 893.93 0.028459 
10 1000 4 0.00021 20 1 0 903.02 8.4995 894.49 0.028494 
10 1000 4 0.00021 25 1 0 903.25 8.4967 894.73 0.028433 
10 1000 4 0.00021 30 1 0 902.44 8.4989 893.91 0.029108 
10 1000 4 0.00021 40 0.996 0.0008 875.49 8.4933 866.96 0.028694 
10 1000 4 0.00021 50 0.978 0.0095061 711.36 8.5117 702.82 0.026587 
10 1000 4 0.00021 60 0.96 0.015102 392.67 8.5068 384.14 0.023232 
10 1000 4 0.00021 70 0.922 0.040118 149.97 8.4936 141.46 0.019247 
10 1000 4 0.00021 80 0.886 0.062045 63.985 8.4855 55.481 0.0178 
10 1000 4 0.00021 90 0.862 0.075057 41.423 8.4814 32.925 0.016934 
10 1000 4 0.00021 100 0.828 0.083282 34.553 8.4746 26.06 0.018091 
10 1000 4 0.00021 125 0.804 0.092229 26.087 8.4938 17.577 0.016929 
10 1000 4 0.00021 150 0.748 0.12214 23.095 8.483 14.594 0.017664 
10 1000 4 0.00021 200 0.68 0.15469 18.899 8.4765 10.405 0.016914 
10 1000 4 0.00021 250 0.582 0.17865 15.073 8.4608 6.5955 0.016935 
10 1000 4 0.00021 300 0.472 0.17675 13.628 8.5033 5.1064 0.018037 
10 1000 4 0.00021 400 0.248 0.12867 11.308 8.4781 2.8133 0.016943 
10 1000 4 0.00021 500 0.136 0.097453 9.6909 8.4584 1.2155 0.016965 
10 1250 4 0.00021 1 1 0 897.81 11.512 886.26 0.03588 
10 1250 4 0.00021 2 1 0 896.89 10.545 886.31 0.035583 
10 1250 4 0.00021 3 1 0 896.61 10.563 886.01 0.035562 
10 1250 4 0.00021 4 1 0 896.6 10.544 886.02 0.035652 
10 1250 4 0.00021 5 1 0 890.99 10.557 880.4 0.035533 
10 1250 4 0.00021 8 1 0 896.72 10.541 886.14 0.035753 
10 1250 4 0.00021 10 1 0 896.57 10.546 885.99 0.035564 
10 1250 4 0.00021 12 1 0 896.88 10.545 886.3 0.035553 
10 1250 4 0.00021 15 1 0 896.97 10.548 886.38 0.035496 
10 1250 4 0.00021 20 1 0 897.49 10.552 886.91 0.035006 
10 1250 4 0.00021 25 1 0 897.25 10.55 886.66 0.035443 
10 1250 4 0.00021 30 1 0 892.92 10.585 882.3 0.035046 
10 1250 4 0.00021 40 1 0 893.56 10.555 882.97 0.034978 
10 1250 4 0.00021 50 1 0 874.9 10.561 864.31 0.035133 
10 1250 4 0.00021 60 0.992 0.0011592 771.87 10.54 761.3 0.033246 
10 1250 4 0.00021 70 0.962 0.013016 526.67 10.555 516.08 0.029938 
10 1250 4 0.00021 80 0.938 0.029751 263.22 10.544 252.65 0.025996 
10 1250 4 0.00021 90 0.914 0.054698 117.22 10.539 106.65 0.023249 
10 1250 4 0.00021 100 0.896 0.063249 64.292 10.551 53.719 0.022156 
10 1250 4 0.00021 125 0.832 0.082629 35.693 10.528 25.144 0.021202 
10 1250 4 0.00021 150 0.806 0.098127 29.358 10.537 18.799 0.022191 
10 1250 4 0.00021 200 0.746 0.12825 23.683 10.523 13.139 0.021288 
10 1250 4 0.00021 250 0.682 0.15008 20.91 10.538 10.35 0.022165 
10 1250 4 0.00021 300 0.608 0.17259 17.795 10.538 7.2353 0.021613 
10 1250 4 0.00021 400 0.392 0.15749 14.763 10.521 4.2198 0.021221 
10 1250 4 0.00021 500 0.25 0.12622 13.372 10.544 2.806 0.022116 
10 1500 4 0.00021 1 1 0 905.97 13.353 892.57 0.042877 
10 1500 4 0.00021 2 1 0 900.43 12.654 887.74 0.042654 
10 1500 4 0.00021 3 1 0 902.88 12.646 890.19 0.042384 
10 1500 4 0.00021 4 1 0 902.52 12.65 889.83 0.042544 
10 1500 4 0.00021 5 1 0 903.13 12.656 890.43 0.042771 
10 1500 4 0.00021 8 1 0 903.37 12.645 890.68 0.042313 
10 1500 4 0.00021 10 1 0 903.33 12.648 890.64 0.042261 
10 1500 4 0.00021 12 1 0 902.89 12.65 890.2 0.043585 
10 1500 4 0.00021 15 1 0 899.51 12.644 886.82 0.042125 
10 1500 4 0.00021 20 1 0 901.49 12.661 888.79 0.042219 
10 1500 4 0.00021 25 1 0 902.54 12.649 889.85 0.042689 
10 1500 4 0.00021 30 1 0 903.08 12.646 890.39 0.042117 
10 1500 4 0.00021 40 1 0 903.55 12.651 890.86 0.042613 
10 1500 4 0.00021 50 1 0 901.12 12.649 888.43 0.042169 
10 1500 4 0.00021 60 1 0 885.15 12.641 872.47 0.043036 
10 1500 4 0.00021 70 0.996 0.0008 852.28 13.445 838.79 0.042726 
10 1500 4 0.00021 80 0.978 0.0058327 727.13 15.569 711.51 0.044578 
10 1500 4 0.00021 90 0.956 0.020473 452.47 16.306 436.12 0.039485 
10 1500 4 0.00021 100 0.936 0.035004 229.25 16.324 212.89 0.034856 
10 1500 4 0.00021 125 0.88 0.065714 65.895 16.243 49.62 0.03077 
10 1500 4 0.00021 150 0.828 0.084506 46.886 16.257 30.598 0.030831 
10 1500 4 0.00021 200 0.788 0.10557 34.758 16.242 18.486 0.029519 
10 1500 4 0.00021 250 0.734 0.13045 31.578 16.209 15.338 0.031248 
10 1500 4 0.00021 300 0.684 0.14586 28.241 16.2 12.012 0.029334 
10 1500 4 0.00021 400 0.534 0.17739 23.543 16.342 7.1702 0.030804 
10 1500 4 0.00021 500 0.364 0.15745 21.114 16.268 4.8155 0.030138 
10 2000 4 0.00021 1 1 0 1042.1 21.164 1020.8 0.068869 
10 2000 4 0.00021 2 1 0 1005.2 20.75 984.34 0.064636 
10 2000 4 0.00021 3 1 0 1002.2 20.693 981.43 0.062705 
10 2000 4 0.00021 4 1 0 1002.8 20.691 982 0.063646 
10 2000 4 0.00021 5 1 0 1001.3 20.669 980.54 0.063387 
10 2000 4 0.00021 8 1 0 1002.3 20.685 981.52 0.06278 
10 2000 4 0.00021 10 1 0 1003.1 20.71 982.37 0.062557 
10 2000 4 0.00021 12 1 0 1001.1 20.68 980.33 0.063343 
10 2000 4 0.00021 15 1 0 1000.4 20.654 979.73 0.062866 
10 2000 4 0.00021 20 1 0 1002.1 20.662 981.39 0.063208 
10 2000 4 0.00021 25 1 0 1001.3 20.685 980.57 0.062536 
10 2000 4 0.00021 30 1 0 1014.5 20.419 994.01 0.064439 
10 2000 4 0.00021 40 1 0 1020.8 20.326 1000.4 0.064742 
10 2000 4 0.00021 50 1 0 930.35 18.112 912.17 0.062532 
10 2000 4 0.00021 60 1 0 896.73 17.699 878.97 0.055005 
10 2000 4 0.00021 70 1 0 897.43 17.974 879.41 0.051914 
10 2000 4 0.00021 80 1 0 889.06 17.956 871.05 0.051996 
10 2000 4 0.00021 90 0.996 0.0008 841.54 17.853 823.63 0.051169 
10 2000 4 0.00021 100 0.986 0.0053102 752.11 17.922 734.13 0.051548 
10 2000 4 0.00021 125 0.93 0.042551 286.32 17.773 268.5 0.047959 
10 2000 4 0.00021 150 0.908 0.059118 86.285 17.754 68.483 0.047164 
10 2000 4 0.00021 200 0.83 0.082959 43.207 17.774 25.387 0.046435 
10 2000 4 0.00021 250 0.808 0.09871 35.097 17.722 17.328 0.046682 
10 2000 4 0.00021 300 0.756 0.12251 31.747 17.773 13.927 0.046846 
10 2000 4 0.00021 400 0.68 0.15143 27.858 17.72 10.092 0.04645 
10 2000 4 0.00021 500 0.584 0.17851 24.161 17.786 6.3279 0.046684 
