18.554
377 17 657 480 884 420 1133 1203 1087 798 
18.4761
746 446 961 393 564 561 107 46 1414 248 
21.3147
1002 890 418 1404 672 522 1017 1359 660 1222 
20.5366
693 798 1170 1383 17 1056 497 164 9 1133 
18.5358
1058 918 1060 1337 419 1024 47 581 949 588 
18.8648
751 446 561 46 107 471 746 801 248 1203 
22.8477
304 261 768 1203 897 952 82 127 1408 2 
18.4482
1412 742 971 360 612 1423 1429 1153 789 837 
18.6738
261 801 732 858 952 897 1203 82 464 768 
23.1759
1133 900 969 208 345 840 674 470 327 246 
18.4795
1203 575 283 1076 200 1212 1411 340 464 801 
18.501
330 671 858 753 639 1203 801 732 101 529 
23.2162
1167 1402 754 90 1259 394 616 407 0 35 
18.4621
603 1227 899 713 256 1096 1191 933 490 403 
18.5465
653 673 1306 743 1045 1203 137 56 201 1089 
23.2604
813 192 1055 234 1247 492 232 866 489 988 
18.5254
114 1205 74 887 93 1287 323 1010 84 1203 
18.5449
1240 1025 1263 1256 812 990 917 1147 1022 1239 
23.2059
952 801 732 858 1203 897 82 261 464 768 
18.4804
1126 1415 949 398 276 1445 806 707 918 1009 
18.614
964 488 935 10 1114 1447 63 146 1334 300 
23.2715
200 340 1076 1411 283 732 952 1203 575 801 
18.4568
897 768 2 82 261 304 1331 952 1408 127 
18.5697
1049 824 348 1220 1322 547 934 1008 662 179 
22.4757
12 646 477 970 732 1203 801 956 952 82 
19.3616
464 732 801 858 169 952 1203 897 82 261 
18.49
423 1404 1017 890 672 522 1002 1359 418 660 
21.1985
156 413 661 236 1083 560 1125 998 598 299 
20.5659
878 1019 852 1245 229 688 339 1387 491 1421 
18.5175
1449 758 141 1044 51 410 198 1433 592 621 
20.5278
284 1419 1203 801 464 76 858 732 82 952 
21.2014
216 263 48 709 368 470 497 1056 111 798 
18.5397
768 897 858 1203 82 261 801 464 732 952 
19.5593
115 1031 376 1127 185 148 493 1123 453 95 
22.1895
1387 1019 852 339 878 688 491 548 776 1421 
18.5152
517 1274 131 552 4 1099 1384 1344 1368 1256 
18.6067
940 1410 343 1138 1302 1300 1315 463 324 963 
23.1847
464 732 801 1203 858 75 260 284 952 124 
18.4888
547 934 1132 662 550 717 104 1220 1049 1008 
18.5701
219 817 451 1261 474 1321 1320 1070 944 807 
23.2131
952 858 1203 1327 732 801 1050 897 82 464 
18.4785
858 1203 649 82 801 732 952 464 261 897 
18.556
732 1203 801 464 86 858 99 82 922 952 
23.2244
369 752 922 923 86 801 679 1203 464 732 
18.5452
1061 201 882 82 858 732 952 1203 801 897 
18.5444
1449 141 1044 51 758 592 410 1433 621 198 
23.2211
484 1417 937 234 492 1247 1224 489 1055 192 
18.4367
866 813 234 1055 232 1247 192 492 800 988 
18.5714
104 1106 624 717 550 1132 547 934 662 1049 
23.2744
935 33 964 1114 146 1447 63 805 488 300 
