10 1 3 2.1e-05 1 0.386 0.10368 137.87 0.0027802 137.87 0.00011964 
10 1 4 2.1e-05 1 0.438 0.12159 69.93 0.0030001 69.927 0.00010273 
10 1 5 2.1e-05 1 0.274 0.079922 35.07 0.0035473 35.067 0.00014511 
10 1 6 2.1e-05 1 0.186 0.059596 18.279 0.003891 18.274 0.00015704 
10 1 7 2.1e-05 1 0.12 0.030204 8.7163 0.0039169 8.7122 0.00016104 
10 5 3 2.1e-05 1 0.816 0.063412 593.32 0.0063525 593.31 0.00060898 
10 5 3 2.1e-05 2 0.626 0.1138 155.81 0.0063028 155.8 0.00048693 
10 5 3 2.1e-05 3 0.36 0.10735 28.316 0.0062271 28.309 0.00039275 
10 5 3 2.1e-05 4 0.16 0.052245 3.8874 0.0043289 3.8826 0.00037507 
10 5 3 2.1e-05 5 0.056 0.020065 0.65854 0.0038625 0.6544 0.00023868 
10 5 4 2.1e-05 1 0.758 0.07718 309.86 0.0081925 309.85 0.0003721 
10 5 4 2.1e-05 2 0.482 0.13987 44.465 0.0080785 44.457 0.00031446 
10 5 4 2.1e-05 3 0.252 0.093976 7.1963 0.0076472 7.1883 0.0002526 
10 5 4 2.1e-05 4 0.108 0.049731 1.4715 0.005571 1.4657 0.00018637 
10 5 4 2.1e-05 5 0.024 0.0092082 0.30394 0.0051796 0.29859 0.00012631 
10 5 5 2.1e-05 1 0.604 0.093453 173.42 0.0092639 173.41 0.00032368 
10 5 5 2.1e-05 2 0.322 0.080527 14.13 0.0087766 14.121 0.00030025 
10 5 5 2.1e-05 3 0.132 0.033649 1.9669 0.0068324 1.9598 0.00023924 
10 5 5 2.1e-05 4 0.036 0.0056163 0.474 0.006496 0.46731 0.0001702 
10 5 5 2.1e-05 5 0.006 0.00098367 0.09317 0.0062664 0.086768 0.00011974 
10 5 6 2.1e-05 1 0.52 0.099184 82.272 0.010239 82.262 0.00034784 
10 5 6 2.1e-05 2 0.254 0.059269 5.8293 0.0099717 5.819 0.00032318 
10 5 6 2.1e-05 3 0.078 0.019302 1.2013 0.0077739 1.1933 0.00025663 
10 5 6 2.1e-05 4 0.016 0.0034122 0.25231 0.0074064 0.24473 0.00015954 
10 5 6 2.1e-05 5 0.004 0.0008 0.042624 0.0073125 0.035176 0.00012106 
10 5 7 2.1e-05 1 0.42 0.091429 42.171 0.011375 42.159 0.00018284 
10 5 7 2.1e-05 2 0.152 0.0552 2.5665 0.009356 2.5569 0.00017954 
10 5 7 2.1e-05 3 0.054 0.011922 0.57974 0.008823 0.57077 0.00012328 
10 5 7 2.1e-05 4 0.018 0.0019143 0.162 0.0086956 0.15318 0.00010474 
10 5 7 2.1e-05 5 0 0 0.0085844 0.0084796 3.6219e-06 8.5172e-05 
10 10 3 2.1e-05 1 0.936 0.028473 848.2 0.010619 848.18 0.001147 
10 10 3 2.1e-05 2 0.862 0.047302 404.27 0.010302 404.26 0.00090165 
10 10 3 2.1e-05 3 0.722 0.10379 136 0.010132 135.99 0.00047043 
10 10 3 2.1e-05 4 0.584 0.13321 40.914 0.010016 40.903 0.00038599 
10 10 3 2.1e-05 5 0.444 0.14047 13.152 0.0094183 13.142 0.00035664 
10 10 3 2.1e-05 8 0.114 0.055922 1.4934 0.0075934 1.4855 0.00026191 
10 10 3 2.1e-05 10 0.012 0.0035265 0.12661 0.007345 0.11903 0.00019517 
10 10 4 2.1e-05 1 0.884 0.050759 497.23 0.012973 497.21 0.00069758 
10 10 4 2.1e-05 2 0.742 0.097588 136.84 0.012981 136.83 0.00054722 
10 10 4 2.1e-05 3 0.592 0.13463 32.771 0.012402 32.758 0.000455 
10 10 4 2.1e-05 4 0.41 0.13112 9.5836 0.012741 9.5704 0.00041598 
10 10 4 2.1e-05 5 0.284 0.11484 4.5216 0.010542 4.5106 0.00038254 
10 10 4 2.1e-05 8 0.056 0.02129 0.64405 0.0099504 0.6338 0.00025663 
10 10 4 2.1e-05 10 0.004 0.00039184 0.062651 0.0097703 0.05265 0.00019915 
10 10 5 2.1e-05 1 0.8 0.084082 286.63 0.015831 286.61 0.000533 
10 10 5 2.1e-05 2 0.562 0.1273 45.607 0.015629 45.591 0.00042086 
10 10 5 2.1e-05 3 0.38 0.12776 9.1856 0.015229 9.1699 0.00037054 
10 10 5 2.1e-05 4 0.236 0.081127 3.5294 0.013346 3.5157 0.00033148 
10 10 5 2.1e-05 5 0.102 0.029588 1.4321 0.012951 1.4188 0.00028485 
10 10 5 2.1e-05 8 0.008 0.0019755 0.095135 0.012427 0.082486 0.00018893 
10 10 5 2.1e-05 10 0 0 0.012524 0.012322 4.3986e-06 0.00016822 
10 10 6 2.1e-05 1 0.694 0.083433 149.37 0.01869 149.35 0.00034228 
10 10 6 2.1e-05 2 0.45 0.10296 17.185 0.018142 17.166 0.00030207 
10 10 6 2.1e-05 3 0.274 0.092576 4.2677 0.016028 4.2513 0.00027783 
10 10 6 2.1e-05 4 0.142 0.042894 1.8579 0.015588 1.842 0.00023379 
10 10 6 2.1e-05 5 0.068 0.02018 0.77491 0.015321 0.75936 0.00020488 
10 10 6 2.1e-05 8 0 0 0.014842 0.014675 4.5085e-06 0.00014439 
10 10 6 2.1e-05 10 0 0 0.014823 0.014662 4.1761e-06 0.00013999 
10 10 7 2.1e-05 1 0.582 0.095384 76.614 0.02359 76.59 0.00044105 
10 10 7 2.1e-05 2 0.338 0.088935 7.275 0.023128 7.2514 0.00043102 
10 10 7 2.1e-05 3 0.194 0.069147 2.3476 0.020333 2.3268 0.00036003 
10 10 7 2.1e-05 4 0.096 0.028963 0.93974 0.019374 0.92001 0.00032308 
10 10 7 2.1e-05 5 0.042 0.01269 0.37282 0.018039 0.35448 0.0002706 
10 10 7 2.1e-05 8 0.002 0.0002 0.034655 0.017134 0.017288 0.00021465 
10 10 7 2.1e-05 10 0 0 0.017247 0.017011 4.7013e-06 0.00021221 
10 25 3 2.1e-05 1 0.99 0.0021429 1074.2 0.023119 1074.1 0.0023572 
10 25 3 2.1e-05 2 0.966 0.01331 902.81 0.023112 902.78 0.0024495 
10 25 3 2.1e-05 3 0.93 0.033163 637.07 0.022451 637.05 0.0014423 
10 25 3 2.1e-05 4 0.89 0.045816 394.06 0.022293 394.03 0.0011979 
10 25 3 2.1e-05 5 0.84 0.067755 209.86 0.022203 209.84 0.0010031 
10 25 3 2.1e-05 8 0.682 0.1211 21.744 0.021795 21.721 0.00077578 
10 25 3 2.1e-05 10 0.538 0.162 9.2107 0.020237 9.1896 0.00076936 
10 25 3 2.1e-05 12 0.422 0.1691 6.1425 0.019709 6.122 0.0007327 
10 25 3 2.1e-05 15 0.232 0.11202 3.5137 0.019238 3.4937 0.0006766 
10 25 3 2.1e-05 20 0.034 0.0088204 0.35757 0.020285 0.33667 0.00056782 
10 25 3 2.1e-05 25 0 0 0.018735 0.018219 4.8429e-06 0.00047953 
10 25 4 2.1e-05 1 0.976 0.003902 847.51 0.029361 847.47 0.0016701 
10 25 4 2.1e-05 2 0.91 0.030306 483.64 0.029921 483.61 0.0014385 
10 25 4 2.1e-05 3 0.828 0.076343 215.46 0.028816 215.43 0.0010587 
10 25 4 2.1e-05 4 0.774 0.104 82.406 0.028696 82.376 0.00084925 
10 25 4 2.1e-05 5 0.71 0.12214 32.952 0.028055 32.923 0.00085272 
10 25 4 2.1e-05 8 0.462 0.13587 7.8599 0.027975 7.8311 0.00075489 
10 25 4 2.1e-05 10 0.304 0.10856 4.3571 0.025856 4.3304 0.00072864 
10 25 4 2.1e-05 12 0.194 0.073637 2.4803 0.025537 2.454 0.00071059 
10 25 4 2.1e-05 15 0.084 0.045861 0.91772 0.024849 0.89219 0.0006322 
10 25 4 2.1e-05 20 0.02 0.0057143 0.17986 0.024287 0.15498 0.00055361 
10 25 4 2.1e-05 25 0 0 0.024578 0.024035 6.1439e-06 0.00050215 
10 25 5 2.1e-05 1 0.92 0.025306 567.91 0.03607 567.88 0.00093673 
10 25 5 2.1e-05 2 0.83 0.066633 187.78 0.035463 187.75 0.00073036 
10 25 5 2.1e-05 3 0.734 0.11413 53.209 0.035218 53.173 0.00054876 
10 25 5 2.1e-05 4 0.66 0.13469 18.825 0.034353 18.79 0.00051955 
10 25 5 2.1e-05 5 0.596 0.14366 11.067 0.0342 11.033 0.0005332 
10 25 5 2.1e-05 8 0.344 0.12456 4.6721 0.033682 4.6379 0.00045741 
10 25 5 2.1e-05 10 0.196 0.077943 2.5316 0.031851 2.4992 0.0004437 
10 25 5 2.1e-05 12 0.114 0.060004 1.5612 0.031553 1.5292 0.00041763 
10 25 5 2.1e-05 15 0.052 0.024996 0.56561 0.030686 0.53451 0.00037601 
10 25 5 2.1e-05 20 0.012 0.0035265 0.13087 0.030338 0.10013 0.00037112 
10 25 5 2.1e-05 25 0.002 0.0002 0.048395 0.030198 0.017813 0.00035152 
10 25 6 2.1e-05 1 0.882 0.037016 323.71 0.042728 323.66 0.0010291 
10 25 6 2.1e-05 2 0.748 0.094384 66.286 0.042369 66.243 0.0006317 
10 25 6 2.1e-05 3 0.624 0.11166 17.139 0.041846 17.097 0.00049838 
10 25 6 2.1e-05 4 0.516 0.12423 8.3954 0.040132 8.3547 0.00049341 
10 25 6 2.1e-05 5 0.386 0.11225 5.1704 0.039599 5.1302 0.00046881 
10 25 6 2.1e-05 8 0.152 0.062955 1.7785 0.038555 1.7394 0.00041977 
10 25 6 2.1e-05 10 0.086 0.04082 1.0046 0.037575 0.96655 0.00038083 
10 25 6 2.1e-05 12 0.062 0.038322 0.6413 0.037202 0.60369 0.00035942 
10 25 6 2.1e-05 15 0.022 0.0086898 0.22416 0.036564 0.18722 0.00033686 
10 25 6 2.1e-05 20 0.004 0.00039184 0.069732 0.036422 0.032939 0.00033363 
10 25 6 2.1e-05 25 0 0 0.036582 0.036217 6.2082e-06 0.00032178 
10 25 7 2.1e-05 1 0.786 0.073882 178.54 0.048774 178.49 0.0007359 
10 25 7 2.1e-05 2 0.598 0.11408 23.975 0.048062 23.926 0.00057004 
10 25 7 2.1e-05 3 0.442 0.11228 7.1243 0.046898 7.0767 0.00058745 
10 25 7 2.1e-05 4 0.306 0.085065 3.7996 0.046689 3.7523 0.00049854 
10 25 7 2.1e-05 5 0.216 0.064229 2.3347 0.045162 2.289 0.00049468 
10 25 7 2.1e-05 8 0.07 0.020918 0.67025 0.043416 0.62637 0.00041297 
10 25 7 2.1e-05 10 0.034 0.0071878 0.31652 0.042709 0.27337 0.00039327 
10 25 7 2.1e-05 12 0.016 0.0042286 0.17609 0.042245 0.13344 0.0003742 
10 25 7 2.1e-05 15 0.004 0.0008 0.07756 0.041973 0.035192 0.00035937 
10 25 7 2.1e-05 20 0.002 0.0002 0.060245 0.041968 0.017882 0.0003593 
10 25 7 2.1e-05 25 0 0 0.042221 0.041822 7.1675e-06 0.00035716 
10 50 3 2.1e-05 1 1 0 1120.5 0.043742 1120.4 0.0026982 
10 50 3 2.1e-05 2 1 0 1106.3 0.044032 1106.2 0.0030511 
10 50 3 2.1e-05 3 0.998 0.0002 1060.1 0.043574 1060 0.0029228 
10 50 3 2.1e-05 4 0.992 0.00075102 965.4 0.043364 965.35 0.002795 
10 50 3 2.1e-05 5 0.974 0.0076776 818.03 0.04317 817.98 0.0026654 
10 50 3 2.1e-05 8 0.898 0.042241 300.23 0.042211 300.19 0.0018589 
10 50 3 2.1e-05 10 0.844 0.071086 108.49 0.041804 108.45 0.001592 
10 50 3 2.1e-05 12 0.79 0.086633 38.474 0.041879 38.431 0.0014771 
10 50 3 2.1e-05 15 0.698 0.12673 15.63 0.040768 15.588 0.0014116 
10 50 3 2.1e-05 20 0.488 0.15618 7.5662 0.038983 7.5258 0.0013405 
10 50 3 2.1e-05 25 0.308 0.13789 4.2874 0.038258 4.2478 0.0012681 
10 50 3 2.1e-05 30 0.178 0.094404 2.3973 0.038099 2.3579 0.0012319 
10 50 3 2.1e-05 40 0.04 0.022449 0.47917 0.037613 0.44043 0.0010852 
10 50 3 2.1e-05 50 0 0 0.036944 0.035858 8.6492e-06 0.001039 
10 50 4 2.1e-05 1 0.994 0.00098367 1060.3 0.057412 1060.2 0.0023715 
10 50 4 2.1e-05 2 0.972 0.010629 866.11 0.05708 866.05 0.0024375 
10 50 4 2.1e-05 3 0.958 0.018404 607.39 0.056363 607.33 0.0020583 
10 50 4 2.1e-05 4 0.916 0.034024 368.79 0.055652 368.74 0.0016609 
10 50 4 2.1e-05 5 0.882 0.043139 199.97 0.055287 199.92 0.0013576 
10 50 4 2.1e-05 8 0.782 0.098649 30.126 0.054708 30.07 0.0010658 
10 50 4 2.1e-05 10 0.716 0.12545 16.452 0.053944 16.397 0.0011147 
10 50 4 2.1e-05 12 0.656 0.13394 12.451 0.053713 12.396 0.0010523 
10 50 4 2.1e-05 15 0.526 0.14849 8.5673 0.052344 8.5138 0.0010347 
10 50 4 2.1e-05 20 0.35 0.14418 4.4986 0.051183 4.4464 0.0010122 
10 50 4 2.1e-05 25 0.172 0.077159 1.9246 0.050463 1.8731 0.00097802 
10 50 4 2.1e-05 30 0.068 0.027935 0.70262 0.049671 0.65197 0.00093138 
10 50 4 2.1e-05 40 0.004 0.00039184 0.084764 0.048232 0.035601 0.0008869 
10 50 4 2.1e-05 50 0 0 0.048856 0.047939 7.1255e-06 0.00087178 
10 50 5 2.1e-05 1 0.984 0.0025959 820.23 0.070151 820.16 0.0023922 
10 50 5 2.1e-05 2 0.922 0.019302 457.4 0.06892 457.33 0.0020043 
10 50 5 2.1e-05 3 0.846 0.060086 204.68 0.068276 204.61 0.0014986 
10 50 5 2.1e-05 4 0.786 0.090208 83.793 0.068107 83.723 0.0012959 
10 50 5 2.1e-05 5 0.738 0.10771 35.246 0.067325 35.178 0.0011997 
10 50 5 2.1e-05 8 0.616 0.15076 10.737 0.06726 10.669 0.0011022 
10 50 5 2.1e-05 10 0.536 0.16847 7.7554 0.064697 7.6896 0.0010602 
10 50 5 2.1e-05 12 0.462 0.16853 6.031 0.064287 5.9655 0.0010689 
10 50 5 2.1e-05 15 0.328 0.12818 3.936 0.063745 3.8712 0.0010312 
10 50 5 2.1e-05 20 0.178 0.082159 2.0831 0.062537 2.0195 0.00098086 
10 50 5 2.1e-05 25 0.09 0.051939 0.93841 0.060955 0.87647 0.00092843 
10 50 5 2.1e-05 30 0.038 0.022404 0.38636 0.060253 0.32517 0.0008936 
10 50 5 2.1e-05 40 0.012 0.0039347 0.14668 0.059692 0.086086 0.00085949 
10 50 5 2.1e-05 50 0 0 0.060261 0.059375 7.6741e-06 0.00083894 
10 50 6 2.1e-05 1 0.938 0.015465 540.37 0.082368 540.29 0.0027775 
10 50 6 2.1e-05 2 0.868 0.045486 179.89 0.081295 179.81 0.0020341 
10 50 6 2.1e-05 3 0.784 0.083004 54.782 0.080811 54.7 0.0016194 
10 50 6 2.1e-05 4 0.716 0.11607 22.082 0.080695 22 0.0015427 
10 50 6 2.1e-05 5 0.664 0.12439 13.09 0.078382 13.01 0.0014868 
10 50 6 2.1e-05 8 0.476 0.14472 6.7661 0.077631 6.687 0.0014282 
10 50 6 2.1e-05 10 0.354 0.14172 4.9638 0.075968 4.8864 0.0013431 
10 50 6 2.1e-05 12 0.262 0.11383 3.6049 0.075465 3.5281 0.001342 
10 50 6 2.1e-05 15 0.164 0.082759 2.147 0.074928 2.0706 0.001414 
10 50 6 2.1e-05 20 0.082 0.05171 0.96485 0.073274 0.89033 0.0011849 
10 50 6 2.1e-05 25 0.05 0.028265 0.52311 0.073377 0.44853 0.0011564 
10 50 6 2.1e-05 30 0.012 0.0039347 0.17372 0.071537 0.10103 0.0011069 
10 50 6 2.1e-05 40 0.002 0.0002 0.090279 0.071242 0.017892 0.0011018 
10 50 6 2.1e-05 50 0 0 0.072041 0.070976 7.4515e-06 0.0010171 
10 50 7 2.1e-05 1 0.896 0.024065 308.18 0.094632 308.08 0.0020985 
10 50 7 2.1e-05 2 0.77 0.077245 64.834 0.09396 64.738 0.0012682 
10 50 7 2.1e-05 3 0.672 0.109 18.737 0.092848 18.643 0.0010425 
10 50 7 2.1e-05 4 0.592 0.12524 10.146 0.091526 10.053 0.0010155 
10 50 7 2.1e-05 5 0.512 0.13536 7.2317 0.091564 7.1389 0.001115 
10 50 7 2.1e-05 8 0.316 0.11688 3.6044 0.091075 3.5122 0.00096374 
10 50 7 2.1e-05 10 0.224 0.081453 2.3229 0.088716 2.2332 0.00092712 
10 50 7 2.1e-05 12 0.132 0.049567 1.3222 0.087634 1.2336 0.00089647 
10 50 7 2.1e-05 15 0.082 0.034159 0.77511 0.08568 0.68851 0.00084613 
10 50 7 2.1e-05 20 0.026 0.0068612 0.31049 0.084633 0.22498 0.00082 
10 50 7 2.1e-05 25 0.018 0.0043633 0.22903 0.084312 0.14385 0.0008098 
10 50 7 2.1e-05 30 0.008 0.00075102 0.15045 0.084069 0.06552 0.00079542 
10 50 7 2.1e-05 40 0 0 0.083989 0.083151 8.5188e-06 0.00078139 
10 50 7 2.1e-05 50 0 0 0.083247 0.082469 7.8548e-06 0.0007243 
10 75 3 2.1e-05 1 1 0 1101.1 0.066853 1101.1 0.0051875 
10 75 3 2.1e-05 2 1 0 1066.2 0.064074 1066.1 0.0041032 
10 75 3 2.1e-05 3 0.998 0.0002 1060.9 0.063908 1060.8 0.0040518 
10 75 3 2.1e-05 4 0.994 0.00098367 1046.5 0.063796 1046.4 0.0039605 
10 75 3 2.1e-05 5 0.99 0.0021429 1011.5 0.063653 1011.5 0.0039632 
10 75 3 2.1e-05 8 0.95 0.01602 727.88 0.063092 727.82 0.0034796 
10 75 3 2.1e-05 10 0.922 0.026649 446.25 0.062509 446.18 0.0029318 
10 75 3 2.1e-05 12 0.886 0.0498 220.45 0.061818 220.39 0.0024119 
10 75 3 2.1e-05 15 0.844 0.076392 63.942 0.061425 63.878 0.0020558 
10 75 3 2.1e-05 20 0.754 0.12213 18.149 0.061405 18.086 0.002021 
10 75 3 2.1e-05 25 0.664 0.13909 11.857 0.058858 11.796 0.0019127 
10 75 3 2.1e-05 30 0.52 0.15224 7.9299 0.058486 7.8694 0.0018794 
10 75 3 2.1e-05 40 0.274 0.13053 4.0112 0.057066 3.9523 0.0017863 
10 75 3 2.1e-05 50 0.124 0.078596 1.3288 0.055407 1.2716 0.0017188 
10 75 3 2.1e-05 60 0.034 0.016167 0.3299 0.054142 0.27409 0.0016184 
10 75 3 2.1e-05 70 0.002 0.0002 0.073318 0.053853 0.017837 0.0015828 
10 75 4 2.1e-05 1 0.998 0.0002 1080.3 0.083951 1080.2 0.0050674 
10 75 4 2.1e-05 2 0.996 0.00039184 1017.9 0.084179 1017.8 0.005277 
10 75 4 2.1e-05 3 0.982 0.0064041 882.87 0.084628 882.78 0.0049317 
10 75 4 2.1e-05 4 0.962 0.013016 695.16 0.082836 695.08 0.0047504 
10 75 4 2.1e-05 5 0.948 0.019282 492.68 0.082017 492.59 0.0040864 
10 75 4 2.1e-05 8 0.86 0.057551 110.63 0.080681 110.54 0.0027902 
10 75 4 2.1e-05 10 0.816 0.079739 39.807 0.080518 39.723 0.0026802 
10 75 4 2.1e-05 12 0.754 0.11396 21.173 0.07957 21.091 0.0024573 
10 75 4 2.1e-05 15 0.672 0.15593 14.401 0.078238 14.32 0.0024802 
10 75 4 2.1e-05 20 0.582 0.17049 9.4011 0.077699 9.3207 0.0026162 
10 75 4 2.1e-05 25 0.442 0.16779 6.2205 0.078092 6.14 0.0023959 
10 75 4 2.1e-05 30 0.322 0.15073 4.4857 0.075914 4.4073 0.0023657 
10 75 4 2.1e-05 40 0.14 0.083673 1.7141 0.073952 1.6378 0.002311 
10 75 4 2.1e-05 50 0.042 0.022078 0.40527 0.072399 0.33061 0.0022178 
10 75 4 2.1e-05 60 0.01 0.0033673 0.15519 0.071679 0.081261 0.0022014 
10 75 4 2.1e-05 70 0 0 0.073363 0.071138 1.0347e-05 0.0021698 
10 75 5 2.1e-05 1 0.994 0.00057551 966.56 0.10395 966.45 0.0048012 
10 75 5 2.1e-05 2 0.98 0.0020408 684.86 0.10283 684.75 0.0045279 
10 75 5 2.1e-05 3 0.92 0.026939 402.77 0.10152 402.66 0.0035482 
10 75 5 2.1e-05 4 0.884 0.046678 206.95 0.10075 206.84 0.0029516 
10 75 5 2.1e-05 5 0.85 0.068673 98.853 0.10034 98.75 0.002456 
10 75 5 2.1e-05 8 0.738 0.12567 20.891 0.099837 20.789 0.0023821 
10 75 5 2.1e-05 10 0.708 0.13544 14.149 0.09847 14.048 0.0021464 
10 75 5 2.1e-05 12 0.636 0.14929 10.803 0.097026 10.704 0.0021491 
10 75 5 2.1e-05 15 0.532 0.16508 7.9704 0.096114 7.8721 0.0021078 
10 75 5 2.1e-05 20 0.384 0.1377 5.2067 0.095121 5.1094 0.0020847 
10 75 5 2.1e-05 25 0.24 0.11714 3.0246 0.09429 2.9282 0.0020384 
10 75 5 2.1e-05 30 0.15 0.076429 2.1049 0.094321 2.0083 0.002195 
10 75 5 2.1e-05 40 0.066 0.043922 0.78846 0.093598 0.69285 0.0019542 
10 75 5 2.1e-05 50 0.018 0.0047714 0.26118 0.090275 0.16893 0.0019262 
10 75 5 2.1e-05 60 0.002 0.0002 0.10917 0.089376 0.017858 0.0018856 
10 75 5 2.1e-05 70 0 0 0.089554 0.087758 1.1917e-05 0.001741 
10 75 6 2.1e-05 1 0.96 0.0073469 679.62 0.12182 679.5 0.002899 
10 75 6 2.1e-05 2 0.91 0.025816 302.01 0.11978 301.89 0.0021375 
10 75 6 2.1e-05 3 0.858 0.055955 112.89 0.11909 112.77 0.0016585 
10 75 6 2.1e-05 4 0.8 0.084082 45.099 0.11858 44.978 0.0014945 
10 75 6 2.1e-05 5 0.742 0.12534 23.23 0.11783 23.111 0.0013605 
10 75 6 2.1e-05 8 0.638 0.14893 10.898 0.11629 10.781 0.0013286 
10 75 6 2.1e-05 10 0.564 0.14847 8.1486 0.11572 8.0314 0.0013199 
10 75 6 2.1e-05 12 0.464 0.15256 6.3341 0.11596 6.2167 0.0014039 
10 75 6 2.1e-05 15 0.352 0.14255 4.5288 0.11693 4.4105 0.0012739 
10 75 6 2.1e-05 20 0.216 0.10137 2.6445 0.1143 2.5289 0.0012517 
10 75 6 2.1e-05 25 0.146 0.076004 1.6949 0.11335 1.5803 0.0012106 
10 75 6 2.1e-05 30 0.08 0.049796 0.89082 0.11198 0.77762 0.0011566 
10 75 6 2.1e-05 40 0.022 0.0070571 0.27781 0.10937 0.16728 0.0010985 
10 75 6 2.1e-05 50 0.006 0.00098367 0.15885 0.10753 0.05021 0.0010581 
10 75 6 2.1e-05 60 0.002 0.0002 0.12571 0.1067 0.017915 0.001036 
10 75 6 2.1e-05 70 0 0 0.10682 0.10574 1.0182e-05 0.0010226 
10 75 7 2.1e-05 1 0.918 0.029261 408.21 0.13895 408.07 0.0025854 
10 75 7 2.1e-05 2 0.824 0.077371 109.69 0.13741 109.55 0.001899 
10 75 7 2.1e-05 3 0.764 0.099902 33.363 0.13666 33.225 0.0016523 
10 75 7 2.1e-05 4 0.704 0.11672 15.568 0.13648 15.43 0.0015173 
10 75 7 2.1e-05 5 0.646 0.13192 10.833 0.13464 10.697 0.0014923 
10 75 7 2.1e-05 8 0.468 0.14018 6.078 0.13417 5.9422 0.001488 
10 75 7 2.1e-05 10 0.384 0.14423 4.4659 0.13402 4.3303 0.0014702 
10 75 7 2.1e-05 12 0.312 0.12557 3.3812 0.13346 3.2462 0.0014513 
10 75 7 2.1e-05 15 0.212 0.090873 2.1794 0.13309 2.0448 0.0014372 
10 75 7 2.1e-05 20 0.12 0.050204 1.1176 0.13244 0.98366 0.0014119 
10 75 7 2.1e-05 25 0.064 0.021943 0.65972 0.13105 0.52723 0.0013748 
10 75 7 2.1e-05 30 0.034 0.010453 0.38036 0.13023 0.24871 0.0013565 
10 75 7 2.1e-05 40 0.012 0.0035265 0.22194 0.12739 0.093224 0.0012775 
10 75 7 2.1e-05 50 0.008 0.0019755 0.19314 0.12701 0.064798 0.0012828 
10 75 7 2.1e-05 60 0 0 0.12627 0.12497 1.0794e-05 0.0012444 
10 75 7 2.1e-05 70 0 0 0.12532 0.12403 1.1954e-05 0.0012363 
10 100 3 2.1e-05 1 1 0 1105.1 0.084232 1105 0.0046708 
10 100 3 2.1e-05 2 1 0 1105.4 0.084497 1105.3 0.0049429 
10 100 3 2.1e-05 3 1 0 1105.4 0.084175 1105.4 0.0050036 
10 100 3 2.1e-05 4 0.998 0.0002 1103.1 0.084207 1103 0.0049366 
10 100 3 2.1e-05 5 0.998 0.0002 1097.4 0.084288 1097.3 0.0049419 
10 100 3 2.1e-05 8 0.986 0.0028612 1010 0.083965 1010 0.0048404 
10 100 3 2.1e-05 10 0.962 0.010976 843.59 0.083433 843.5 0.0045327 
10 100 3 2.1e-05 12 0.946 0.022127 602.57 0.082874 602.48 0.0041042 
10 100 3 2.1e-05 15 0.9 0.053061 265.25 0.081399 265.17 0.0032509 
10 100 3 2.1e-05 20 0.834 0.077392 47.325 0.080813 47.241 0.0026947 
10 100 3 2.1e-05 25 0.762 0.11669 19.18 0.080217 19.097 0.0025212 
10 100 3 2.1e-05 30 0.694 0.14751 13.774 0.078584 13.692 0.0025249 
10 100 3 2.1e-05 40 0.504 0.16447 7.0089 0.077516 6.9288 0.002466 
10 100 3 2.1e-05 50 0.294 0.12874 4.2818 0.076205 4.2031 0.0024104 
10 100 3 2.1e-05 60 0.158 0.081669 2.139 0.074678 2.0619 0.0023189 
10 100 3 2.1e-05 70 0.048 0.027445 0.51052 0.07299 0.43523 0.002243 
10 100 3 2.1e-05 80 0.016 0.0042286 0.19723 0.072307 0.12265 0.0022225 
10 100 3 2.1e-05 90 0.002 0.0002 0.092094 0.072656 0.017226 0.0021633 
10 100 3 2.1e-05 100 0 0 0.073314 0.071241 1.329e-05 0.0020117 
10 100 4 2.1e-05 1 1 0 1075 0.11045 1074.9 0.0043737 
10 100 4 2.1e-05 2 0.996 0.00039184 1049.4 0.11063 1049.3 0.0045161 
10 100 4 2.1e-05 3 0.992 0.0011592 989.25 0.10972 989.14 0.0042898 
10 100 4 2.1e-05 4 0.976 0.006351 880.76 0.10955 880.65 0.0040479 
10 100 4 2.1e-05 5 0.956 0.017208 733.37 0.10901 733.25 0.0037589 
10 100 4 2.1e-05 8 0.902 0.058567 271.43 0.10653 271.32 0.0026608 
10 100 4 2.1e-05 10 0.878 0.062159 108.81 0.10599 108.7 0.0023118 
10 100 4 2.1e-05 12 0.836 0.072555 46.729 0.10597 46.621 0.0021568 
10 100 4 2.1e-05 15 0.792 0.095037 22.394 0.10456 22.287 0.0020597 
10 100 4 2.1e-05 20 0.698 0.14224 13.722 0.10462 13.615 0.0021558 
10 100 4 2.1e-05 25 0.624 0.16186 10.139 0.1043 10.032 0.0020494 
10 100 4 2.1e-05 30 0.54 0.16939 7.7621 0.10265 7.6574 0.0020402 
10 100 4 2.1e-05 40 0.302 0.12918 4.0874 0.10097 3.9843 0.0019927 
10 100 4 2.1e-05 50 0.17 0.084592 2.3438 0.10019 2.2415 0.0019749 
10 100 4 2.1e-05 60 0.076 0.056555 0.95074 0.098102 0.85067 0.0019125 
10 100 4 2.1e-05 70 0.03 0.016429 0.34597 0.097532 0.24648 0.0018987 
10 100 4 2.1e-05 80 0.008 0.0011592 0.16548 0.095449 0.068121 0.0018539 
10 100 4 2.1e-05 90 0.002 0.0002 0.1142 0.094389 0.017928 0.0018385 
10 100 4 2.1e-05 100 0 0 0.095624 0.093747 8.7144e-06 0.0018214 
10 100 5 2.1e-05 1 0.982 0.0023224 1024 0.13665 1023.9 0.0061849 
10 100 5 2.1e-05 2 0.958 0.016771 832.04 0.13574 831.9 0.0058682 
10 100 5 2.1e-05 3 0.942 0.028608 580.19 0.13386 580.05 0.0050587 
10 100 5 2.1e-05 4 0.906 0.042616 352.52 0.13205 352.38 0.0039949 
10 100 5 2.1e-05 5 0.864 0.059494 195.22 0.13149 195.09 0.0034656 
10 100 5 2.1e-05 8 0.804 0.09182 34.917 0.1306 34.784 0.0027643 
10 100 5 2.1e-05 10 0.768 0.11732 19.951 0.12964 19.819 0.0025864 
10 100 5 2.1e-05 12 0.736 0.13133 15.663 0.12848 15.531 0.0025926 
10 100 5 2.1e-05 15 0.688 0.15087 12.117 0.12878 11.985 0.0028192 
10 100 5 2.1e-05 20 0.572 0.15308 8.0661 0.1295 7.9339 0.0025834 
10 100 5 2.1e-05 25 0.426 0.15625 5.3782 0.12759 5.2479 0.0025533 
10 100 5 2.1e-05 30 0.308 0.13544 3.7754 0.12723 3.6455 0.0025616 
10 100 5 2.1e-05 40 0.162 0.07669 1.8301 0.12646 1.7011 0.0025381 
10 100 5 2.1e-05 50 0.08 0.051837 1.0061 0.12457 0.87895 0.0024901 
10 100 5 2.1e-05 60 0.03 0.012755 0.38265 0.12182 0.25833 0.0024381 
10 100 5 2.1e-05 70 0.016 0.0042286 0.24691 0.12148 0.12291 0.0024494 
10 100 5 2.1e-05 80 0.004 0.0008 0.15822 0.11992 0.03581 0.0024259 
10 100 5 2.1e-05 90 0 0 0.12067 0.11818 1.5999e-05 0.0024167 
10 100 5 2.1e-05 100 0 0 0.12033 0.11784 1.1188e-05 0.0024133 
10 100 6 2.1e-05 1 0.972 0.011445 786.78 0.16051 786.62 0.004641 
10 100 6 2.1e-05 2 0.928 0.034302 421.64 0.15767 421.48 0.0031037 
10 100 6 2.1e-05 3 0.89 0.045816 185.43 0.15811 185.27 0.0023674 
10 100 6 2.1e-05 4 0.86 0.05551 79.332 0.15566 79.174 0.0019744 
10 100 6 2.1e-05 5 0.818 0.080282 38.741 0.15568 38.583 0.0019345 
10 100 6 2.1e-05 8 0.716 0.13198 14.52 0.15343 14.365 0.0018002 
10 100 6 2.1e-05 10 0.67 0.14582 11.639 0.15339 11.483 0.001912 
10 100 6 2.1e-05 12 0.608 0.14524 9.4028 0.15492 9.246 0.0017986 
10 100 6 2.1e-05 15 0.502 0.15122 6.9763 0.15285 6.8216 0.0017665 
10 100 6 2.1e-05 20 0.36 0.14163 4.4961 0.15281 4.3414 0.001748 
10 100 6 2.1e-05 25 0.26 0.11959 2.9951 0.15258 2.8407 0.0017271 
10 100 6 2.1e-05 30 0.178 0.07971 1.9688 0.15241 1.8145 0.0017238 
10 100 6 2.1e-05 40 0.066 0.03331 0.72657 0.15163 0.57318 0.0016877 
10 100 6 2.1e-05 50 0.018 0.0043633 0.29686 0.15002 0.14513 0.0016463 
10 100 6 2.1e-05 60 0.012 0.0035265 0.24919 0.14977 0.097725 0.0016232 
10 100 6 2.1e-05 70 0.008 0.0019755 0.21514 0.1482 0.065301 0.0015698 
10 100 6 2.1e-05 80 0 0 0.14737 0.14576 1.5044e-05 0.001533 
10 100 6 2.1e-05 90 0 0 0.14636 0.14476 1.1386e-05 0.0015253 
10 100 6 2.1e-05 100 0 0 0.14613 0.14455 1.0876e-05 0.0015087 
10 100 7 2.1e-05 1 0.93 0.032755 498.81 0.18315 498.62 0.0046449 
10 100 7 2.1e-05 2 0.874 0.059514 164.65 0.18091 164.47 0.0027562 
10 100 7 2.1e-05 3 0.826 0.075841 52.58 0.18011 52.397 0.0022717 
10 100 7 2.1e-05 4 0.78 0.097143 23.742 0.17857 23.561 0.0020419 
10 100 7 2.1e-05 5 0.75 0.10459 15.262 0.17729 15.082 0.002019 
10 100 7 2.1e-05 8 0.572 0.14655 8.4494 0.17935 8.2677 0.0021916 
10 100 7 2.1e-05 10 0.478 0.13726 6.1356 0.17795 5.9556 0.0019985 
10 100 7 2.1e-05 12 0.386 0.13715 4.7832 0.17732 4.6037 0.0020031 
10 100 7 2.1e-05 15 0.3 0.11429 3.3943 0.17714 3.2151 0.0019748 
10 100 7 2.1e-05 20 0.188 0.077812 1.9714 0.17692 1.7924 0.0019776 
10 100 7 2.1e-05 25 0.126 0.050943 1.279 0.17694 1.1 0.0019775 
10 100 7 2.1e-05 30 0.066 0.027596 0.72132 0.17692 0.54237 0.001953 
10 100 7 2.1e-05 40 0.02 0.0044898 0.32282 0.17658 0.14425 0.0019205 
10 100 7 2.1e-05 50 0.012 0.002302 0.27448 0.17528 0.09727 0.0018722 
10 100 7 2.1e-05 60 0.006 0.00098367 0.22946 0.17493 0.052598 0.0018627 
10 100 7 2.1e-05 70 0.002 0.0002 0.19442 0.17454 0.017961 0.0018492 
10 100 7 2.1e-05 80 0 0 0.17606 0.17413 1.4215e-05 0.0018467 
10 100 7 2.1e-05 90 0 0 0.17572 0.1738 1.0588e-05 0.0018434 
10 100 7 2.1e-05 100 0 0 0.17573 0.17381 1.1379e-05 0.0018454 
10 125 3 2.1e-05 1 1 0 1105 0.12396 1104.9 0.0090285 
10 125 3 2.1e-05 2 1 0 1105.9 0.12326 1105.7 0.0089834 
10 125 3 2.1e-05 3 1 0 1105.5 0.1237 1105.4 0.0092506 
10 125 3 2.1e-05 4 1 0 1105.3 0.1226 1105.1 0.0088339 
10 125 3 2.1e-05 5 1 0 1103.8 0.12331 1103.6 0.0090178 
10 125 3 2.1e-05 8 1 0 1084.5 0.12309 1084.3 0.0092455 
10 125 3 2.1e-05 10 0.996 0.00039184 1027.6 0.122 1027.5 0.0087777 
10 125 3 2.1e-05 12 0.988 0.0014857 898.89 0.12192 898.75 0.0087316 
10 125 3 2.1e-05 15 0.962 0.020363 593.36 0.12031 593.23 0.0078171 
10 125 3 2.1e-05 20 0.906 0.049147 159.08 0.11655 158.95 0.0054948 
10 125 3 2.1e-05 25 0.844 0.070678 38.214 0.11566 38.093 0.0048815 
10 125 3 2.1e-05 30 0.782 0.10355 20.261 0.11503 20.141 0.0045359 
10 125 3 2.1e-05 40 0.684 0.14709 12.888 0.11202 12.771 0.0045191 
10 125 3 2.1e-05 50 0.486 0.16735 6.9954 0.11 6.8808 0.0044817 
10 125 3 2.1e-05 60 0.334 0.13494 4.7439 0.10764 4.6318 0.0044398 
10 125 3 2.1e-05 70 0.222 0.11726 3.3604 0.10499 3.2509 0.0043837 
10 125 3 2.1e-05 80 0.14 0.088571 1.8241 0.10118 1.7186 0.0042718 
10 125 3 2.1e-05 90 0.044 0.020065 0.47522 0.098503 0.37248 0.0041756 
10 125 3 2.1e-05 100 0.018 0.0051796 0.24441 0.097651 0.14256 0.0041491 
10 125 4 2.1e-05 1 1 0 1086.4 0.13627 1086.3 0.0058289 
10 125 4 2.1e-05 2 0.998 0.0002 1075.8 0.13614 1075.6 0.0054171 
10 125 4 2.1e-05 3 0.998 0.0002 1051.9 0.13684 1051.8 0.0053719 
10 125 4 2.1e-05 4 0.988 0.0018939 996.64 0.13589 996.5 0.0052444 
10 125 4 2.1e-05 5 0.978 0.0037918 904.6 0.13532 904.46 0.0050013 
10 125 4 2.1e-05 8 0.934 0.025963 484.19 0.13291 484.06 0.0038918 
10 125 4 2.1e-05 10 0.908 0.050547 241.93 0.13196 241.79 0.0032916 
10 125 4 2.1e-05 12 0.88 0.063265 108.88 0.13074 108.75 0.0027672 
10 125 4 2.1e-05 15 0.834 0.077392 38.685 0.13078 38.551 0.0026978 
10 125 4 2.1e-05 20 0.764 0.11296 18.742 0.12828 18.611 0.0025858 
10 125 4 2.1e-05 25 0.716 0.12872 14.566 0.12971 14.434 0.0026905 
10 125 4 2.1e-05 30 0.626 0.16686 11.144 0.12872 11.013 0.0025622 
10 125 4 2.1e-05 40 0.45 0.16378 6.2982 0.12734 6.1682 0.0025421 
10 125 4 2.1e-05 50 0.296 0.12978 4.2143 0.12705 4.0846 0.0025331 
10 125 4 2.1e-05 60 0.184 0.092392 2.5372 0.12618 2.4084 0.002539 
10 125 4 2.1e-05 70 0.09 0.044184 1.0453 0.12549 0.91722 0.0025205 
10 125 4 2.1e-05 80 0.04 0.020408 0.45446 0.1235 0.32839 0.0025094 
10 125 4 2.1e-05 90 0.02 0.0065306 0.29118 0.12099 0.16768 0.002448 
10 125 4 2.1e-05 100 0.006 0.00098367 0.17224 0.11965 0.050067 0.0024546 
10 125 5 2.1e-05 1 0.992 0.0011592 1036.7 0.16836 1036.5 0.0062767 
10 125 5 2.1e-05 2 0.986 0.0028612 904.78 0.16725 904.61 0.0048755 
10 125 5 2.1e-05 3 0.974 0.008902 711.25 0.16593 711.08 0.0042889 
10 125 5 2.1e-05 4 0.958 0.014731 498.96 0.16479 498.79 0.0037368 
10 125 5 2.1e-05 5 0.924 0.036147 315.41 0.16321 315.24 0.0031252 
10 125 5 2.1e-05 8 0.856 0.067412 64.188 0.16153 64.024 0.0023959 
10 125 5 2.1e-05 10 0.808 0.088914 29.105 0.16126 28.942 0.0023573 
10 125 5 2.1e-05 12 0.758 0.11351 19.065 0.15967 18.903 0.0022301 
10 125 5 2.1e-05 15 0.72 0.13265 13.868 0.15893 13.707 0.0022213 
10 125 5 2.1e-05 20 0.648 0.1552 9.9064 0.15992 9.7441 0.0023613 
10 125 5 2.1e-05 25 0.552 0.1503 7.5438 0.16042 7.3811 0.0022206 
10 125 5 2.1e-05 30 0.452 0.1601 5.7957 0.15877 5.6346 0.0022076 
10 125 5 2.1e-05 40 0.278 0.12583 3.607 0.15848 3.4462 0.0021906 
10 125 5 2.1e-05 50 0.15 0.067857 1.8089 0.15839 1.6483 0.0021722 
10 125 5 2.1e-05 60 0.08 0.045306 0.9647 0.15818 0.80428 0.0021752 
10 125 5 2.1e-05 70 0.036 0.024392 0.48472 0.15662 0.32592 0.002114 
10 125 5 2.1e-05 80 0.018 0.0051796 0.29757 0.1554 0.14001 0.0020937 
10 125 5 2.1e-05 90 0.01 0.0033673 0.24008 0.1549 0.083048 0.0020772 
10 125 5 2.1e-05 100 0.002 0.0002 0.17341 0.15406 0.017213 0.0020763 
10 125 6 2.1e-05 1 0.98 0.0032653 852.03 0.19972 851.82 0.0054072 
10 125 6 2.1e-05 2 0.942 0.021669 523.83 0.1969 523.63 0.0041656 
10 125 6 2.1e-05 3 0.884 0.04831 268.97 0.19492 268.77 0.0033931 
10 125 6 2.1e-05 4 0.85 0.068673 126.41 0.19321 126.21 0.0027554 
10 125 6 2.1e-05 5 0.818 0.08518 60.94 0.19269 60.745 0.0025062 
10 125 6 2.1e-05 8 0.752 0.12051 17.706 0.19069 17.513 0.0022967 
10 125 6 2.1e-05 10 0.716 0.1377 13.145 0.18967 12.953 0.0023041 
10 125 6 2.1e-05 12 0.674 0.13666 11.078 0.19264 10.883 0.0023507 
10 125 6 2.1e-05 15 0.59 0.15561 8.5818 0.18973 8.3897 0.0022806 
10 125 6 2.1e-05 20 0.452 0.16051 6.0445 0.18962 5.8525 0.0022685 
10 125 6 2.1e-05 25 0.356 0.13558 4.3021 0.18953 4.1102 0.0022597 
10 125 6 2.1e-05 30 0.242 0.093506 2.8611 0.18943 2.6693 0.0022486 
10 125 6 2.1e-05 40 0.128 0.073894 1.5713 0.18936 1.3796 0.0022447 
10 125 6 2.1e-05 50 0.078 0.05318 0.84724 0.18933 0.6556 0.0022297 
10 125 6 2.1e-05 60 0.036 0.019086 0.48691 0.1891 0.29554 0.0021975 
10 125 6 2.1e-05 70 0.022 0.0082816 0.36388 0.18892 0.1727 0.0021842 
10 125 6 2.1e-05 80 0.016 0.0042286 0.30976 0.18842 0.11911 0.0021491 
10 125 6 2.1e-05 90 0.002 0.0002 0.20755 0.18805 0.017277 0.0021526 
10 125 6 2.1e-05 100 0.002 0.0002 0.20776 0.18804 0.01753 0.0021148 
10 125 7 2.1e-05 1 0.954 0.011106 577.38 0.22782 577.15 0.0053584 
10 125 7 2.1e-05 2 0.884 0.047902 219.54 0.22472 219.31 0.0035399 
10 125 7 2.1e-05 3 0.842 0.065751 79.044 0.2235 78.817 0.0029907 
10 125 7 2.1e-05 4 0.8 0.085714 33.326 0.22184 33.101 0.0024852 
10 125 7 2.1e-05 5 0.762 0.098322 19.639 0.22078 19.415 0.0026041 
10 125 7 2.1e-05 8 0.646 0.12213 10.237 0.22217 10.013 0.0024767 
10 125 7 2.1e-05 10 0.6 0.13388 8.0246 0.22025 7.8018 0.0024251 
10 125 7 2.1e-05 12 0.52 0.14286 6.5727 0.22014 6.3501 0.0024245 
10 125 7 2.1e-05 15 0.416 0.1279 4.8754 0.22016 4.6527 0.002439 
10 125 7 2.1e-05 20 0.286 0.10694 2.9338 0.22013 2.7112 0.0024303 
10 125 7 2.1e-05 25 0.186 0.082453 1.9014 0.22012 1.6788 0.0024107 
10 125 7 2.1e-05 30 0.128 0.055935 1.3311 0.22019 1.1085 0.0024124 
10 125 7 2.1e-05 40 0.056 0.017616 0.64078 0.21996 0.41832 0.002421 
10 125 7 2.1e-05 50 0.018 0.0051796 0.35207 0.22013 0.12947 0.0024082 
10 125 7 2.1e-05 60 0.016 0.0042286 0.34151 0.21993 0.1191 0.0024162 
10 125 7 2.1e-05 70 0.01 0.0021429 0.30066 0.21995 0.078218 0.0024212 
10 125 7 2.1e-05 80 0.002 0.0002 0.23969 0.21999 0.017237 0.0023984 
10 125 7 2.1e-05 90 0.002 0.0002 0.23975 0.22002 0.017295 0.0023725 
10 125 7 2.1e-05 100 0 0 0.22243 0.22 1.2083e-05 0.002352 
10 150 3 2.1e-05 1 1 0 1074.1 0.12324 1074 0.0067899 
10 150 3 2.1e-05 2 1 0 1070.6 0.12311 1070.4 0.0070275 
10 150 3 2.1e-05 3 1 0 1070.6 0.12295 1070.5 0.0070031 
10 150 3 2.1e-05 4 1 0 1070.6 0.12308 1070.5 0.0069462 
10 150 3 2.1e-05 5 1 0 1070.4 0.123 1070.3 0.0069335 
10 150 3 2.1e-05 8 1 0 1064.9 0.12289 1064.8 0.006939 
10 150 3 2.1e-05 10 0.996 0.0008 1047.9 0.12277 1047.8 0.0068604 
10 150 3 2.1e-05 12 0.99 0.0033673 997.82 0.1228 997.69 0.0068728 
10 150 3 2.1e-05 15 0.976 0.0079837 827.91 0.12191 827.78 0.0064348 
10 150 3 2.1e-05 20 0.932 0.034465 386.92 0.11989 386.79 0.0051028 
10 150 3 2.1e-05 25 0.886 0.058371 109.82 0.11855 109.69 0.0040439 
10 150 3 2.1e-05 30 0.83 0.087041 36.421 0.11856 36.298 0.0036387 
10 150 3 2.1e-05 40 0.744 0.12251 16.911 0.11761 16.79 0.0037682 
10 150 3 2.1e-05 50 0.64 0.16204 10.956 0.1158 10.836 0.0036094 
10 150 3 2.1e-05 60 0.53 0.17194 7.4799 0.11519 7.3611 0.0035684 
10 150 3 2.1e-05 70 0.39 0.17602 5.4357 0.11413 5.318 0.0035576 
10 150 3 2.1e-05 80 0.284 0.13851 3.9255 0.11376 3.8082 0.0035065 
10 150 3 2.1e-05 90 0.18 0.10041 2.4197 0.11316 2.303 0.0035284 
10 150 3 2.1e-05 100 0.09 0.054796 1.2877 0.11186 1.1723 0.0034845 
10 150 4 2.1e-05 1 1 0 1080.7 0.16205 1080.5 0.0063761 
10 150 4 2.1e-05 2 1 0 1073.8 0.16229 1073.7 0.0065901 
10 150 4 2.1e-05 3 1 0 1065.6 0.16157 1065.5 0.0063359 
10 150 4 2.1e-05 4 0.996 0.00039184 1046.5 0.1619 1046.4 0.0063466 
10 150 4 2.1e-05 5 0.994 0.00057551 997.57 0.16122 997.4 0.006235 
10 150 4 2.1e-05 8 0.968 0.0083429 679.79 0.15932 679.63 0.0053405 
10 150 4 2.1e-05 10 0.932 0.025894 417.88 0.15756 417.72 0.0044586 
10 150 4 2.1e-05 12 0.912 0.043527 213.87 0.15599 213.71 0.0037236 
10 150 4 2.1e-05 15 0.86 0.063673 72.737 0.15547 72.578 0.003404 
10 150 4 2.1e-05 20 0.796 0.10325 24.274 0.15469 24.116 0.0031021 
10 150 4 2.1e-05 25 0.764 0.11582 16.643 0.15286 16.487 0.0030769 
10 150 4 2.1e-05 30 0.722 0.13318 13.341 0.15288 13.184 0.0030873 
10 150 4 2.1e-05 40 0.58 0.16694 8.5557 0.15416 8.3982 0.0032378 
10 150 4 2.1e-05 50 0.434 0.16025 5.7965 0.15326 5.6401 0.0030764 
10 150 4 2.1e-05 60 0.292 0.12932 4.1933 0.15242 4.0377 0.0030749 
10 150 4 2.1e-05 70 0.202 0.11489 2.7467 0.15218 2.5914 0.0030793 
10 150 4 2.1e-05 80 0.134 0.077392 1.5586 0.15156 1.4039 0.0030786 
10 150 4 2.1e-05 90 0.07 0.047857 0.89316 0.15007 0.73996 0.0030601 
10 150 4 2.1e-05 100 0.04 0.026122 0.44817 0.14913 0.29597 0.0030075 
10 150 5 2.1e-05 1 0.992 0.0032 1082.2 0.23941 1081.9 0.0093244 
10 150 5 2.1e-05 2 0.984 0.0074939 999.46 0.23953 999.21 0.0095162 
10 150 5 2.1e-05 3 0.974 0.010943 845.12 0.23586 844.87 0.0086773 
10 150 5 2.1e-05 4 0.958 0.01718 649.26 0.2342 649.02 0.0080915 
10 150 5 2.1e-05 5 0.92 0.032653 456.33 0.23065 456.09 0.0069287 
10 150 5 2.1e-05 8 0.868 0.063445 109.14 0.22591 108.91 0.0048724 
10 150 5 2.1e-05 10 0.842 0.075547 46.405 0.2253 46.175 0.0045532 
10 150 5 2.1e-05 12 0.81 0.087041 26.56 0.22386 26.332 0.0045959 
10 150 5 2.1e-05 15 0.774 0.10523 18.248 0.2242 18.019 0.0042325 
10 150 5 2.1e-05 20 0.72 0.13796 13.043 0.22259 12.816 0.0042522 
10 150 5 2.1e-05 25 0.632 0.14753 9.6755 0.22263 9.4486 0.0042033 
10 150 5 2.1e-05 30 0.54 0.15551 7.7286 0.22253 7.5017 0.0042238 
10 150 5 2.1e-05 40 0.398 0.16591 5.4602 0.22244 5.2334 0.0042201 
10 150 5 2.1e-05 50 0.272 0.12818 3.6339 0.22454 3.4047 0.0045792 
10 150 5 2.1e-05 60 0.156 0.074759 1.9364 0.22383 1.7082 0.0042263 
10 150 5 2.1e-05 70 0.09 0.055612 1.2064 0.22189 0.98019 0.0042111 
10 150 5 2.1e-05 80 0.054 0.032331 0.74495 0.22187 0.51877 0.0042273 
10 150 5 2.1e-05 90 0.032 0.020996 0.47696 0.22184 0.25081 0.0042367 
10 150 5 2.1e-05 100 0.02 0.0065306 0.38373 0.22192 0.15749 0.0042276 
10 150 6 2.1e-05 1 0.986 0.0024531 917.96 0.23861 917.72 0.0071241 
10 150 6 2.1e-05 2 0.952 0.014792 625.19 0.23537 624.95 0.0053671 
10 150 6 2.1e-05 3 0.92 0.034694 360.32 0.2325 360.08 0.0042163 
10 150 6 2.1e-05 4 0.894 0.047106 186.38 0.23039 186.15 0.0034806 
10 150 6 2.1e-05 5 0.868 0.053241 94.084 0.22926 93.852 0.0029765 
10 150 6 2.1e-05 8 0.788 0.090465 23.678 0.22921 23.445 0.0028853 
10 150 6 2.1e-05 10 0.76 0.10776 17.059 0.22703 16.829 0.0026811 
10 150 6 2.1e-05 12 0.71 0.1352 13.531 0.22674 13.302 0.0026733 
10 150 6 2.1e-05 15 0.662 0.14444 10.74 0.2275 10.51 0.0028786 
10 150 6 2.1e-05 20 0.538 0.16281 7.6125 0.22848 7.3813 0.0026627 
10 150 6 2.1e-05 25 0.454 0.16702 5.9699 0.2266 5.7406 0.0026714 
10 150 6 2.1e-05 30 0.36 0.14204 4.6013 0.22642 4.3721 0.0026531 
10 150 6 2.1e-05 40 0.206 0.09282 2.598 0.22656 2.3687 0.0026524 
10 150 6 2.1e-05 50 0.104 0.066106 1.3094 0.22645 1.0802 0.0026393 
10 150 6 2.1e-05 60 0.07 0.043367 0.86533 0.22644 0.63616 0.0026491 
10 150 6 2.1e-05 70 0.04 0.016735 0.54872 0.22647 0.3195 0.002657 
10 150 6 2.1e-05 80 0.024 0.010433 0.43171 0.22652 0.20246 0.0026523 
10 150 6 2.1e-05 90 0.012 0.0018939 0.3301 0.22647 0.1009 0.0026559 
10 150 6 2.1e-05 100 0.008 0.0011592 0.29532 0.22649 0.066095 0.0026569 
10 150 7 2.1e-05 1 0.962 0.015465 652.63 0.27239 652.34 0.01047 
10 150 7 2.1e-05 2 0.896 0.057127 283.06 0.26806 282.79 0.0077897 
10 150 7 2.1e-05 3 0.854 0.067841 110.64 0.26587 110.36 0.0063432 
10 150 7 2.1e-05 4 0.806 0.083024 44.9 0.26575 44.629 0.0054173 
10 150 7 2.1e-05 5 0.78 0.08898 25.74 0.26436 25.471 0.0049565 
10 150 7 2.1e-05 8 0.682 0.13498 12.91 0.26457 12.64 0.0050834 
10 150 7 2.1e-05 10 0.652 0.14377 9.6907 0.26297 9.4246 0.0029952 
10 150 7 2.1e-05 12 0.596 0.14733 8.1353 0.26226 7.8699 0.0029963 
10 150 7 2.1e-05 15 0.496 0.15141 6.3939 0.26211 6.1287 0.0029967 
10 150 7 2.1e-05 20 0.368 0.13651 4.1721 0.26218 3.9068 0.0029945 
10 150 7 2.1e-05 25 0.27 0.10459 2.7227 0.26221 2.4574 0.002972 
10 150 7 2.1e-05 30 0.178 0.066241 1.8 0.2622 1.5347 0.0029934 
10 150 7 2.1e-05 40 0.084 0.036065 0.90898 0.26208 0.64382 0.0029855 
10 150 7 2.1e-05 50 0.038 0.0122 0.55995 0.26212 0.29475 0.0029856 
10 150 7 2.1e-05 60 0.02 0.0061224 0.40874 0.26197 0.14368 0.0030142 
10 150 7 2.1e-05 70 0.016 0.0042286 0.38394 0.26201 0.11886 0.0029853 
10 150 7 2.1e-05 80 0.01 0.0021429 0.34333 0.262 0.078267 0.002981 
10 150 7 2.1e-05 90 0.004 0.00039184 0.3001 0.26209 0.03493 0.00299 
10 150 7 2.1e-05 100 0.004 0.00039184 0.30007 0.26206 0.034946 0.0029875 
10 200 3 2.1e-05 1 1 0 1078.5 0.16143 1078.4 0.0086218 
10 200 3 2.1e-05 2 1 0 1075.1 0.16142 1075 0.0088055 
10 200 3 2.1e-05 3 1 0 1075.4 0.16157 1075.2 0.0089046 
10 200 3 2.1e-05 4 1 0 1075.4 0.16128 1075.2 0.0087583 
10 200 3 2.1e-05 5 1 0 1075.4 0.16146 1075.3 0.0087418 
10 200 3 2.1e-05 8 1 0 1075.1 0.16139 1075 0.0087922 
10 200 3 2.1e-05 10 0.998 0.0002 1072.6 0.16114 1072.4 0.008761 
10 200 3 2.1e-05 12 0.998 0.0002 1068.8 0.16132 1068.7 0.0087917 
10 200 3 2.1e-05 15 0.988 0.0027102 1042.3 0.16096 1042.2 0.0086873 
10 200 3 2.1e-05 20 0.956 0.02129 854.93 0.16015 854.76 0.0082348 
10 200 3 2.1e-05 25 0.928 0.042873 477.58 0.15756 477.42 0.0068785 
10 200 3 2.1e-05 30 0.9 0.055918 180 0.15576 179.84 0.0055941 
10 200 3 2.1e-05 40 0.838 0.080363 31.956 0.15496 31.796 0.0050058 
10 200 3 2.1e-05 50 0.764 0.10929 18.521 0.15398 18.363 0.0047836 
10 200 3 2.1e-05 60 0.704 0.14325 13.927 0.1525 13.77 0.0047782 
10 200 3 2.1e-05 70 0.636 0.16072 10.134 0.15233 9.9769 0.0047717 
10 200 3 2.1e-05 80 0.508 0.1783 7.1185 0.15235 6.9613 0.0047583 
10 200 3 2.1e-05 90 0.396 0.17264 5.6221 0.15371 5.4633 0.0049854 
10 200 3 2.1e-05 100 0.3 0.1449 4.3627 0.15289 4.205 0.0047511 
10 200 4 2.1e-05 1 1 0 1106.3 0.21453 1106.1 0.0084045 
10 200 4 2.1e-05 2 1 0 1105.2 0.21542 1105 0.0087196 
10 200 4 2.1e-05 3 1 0 1105 0.21429 1104.8 0.0086705 
10 200 4 2.1e-05 4 1 0 1100.3 0.21468 1100.1 0.0085928 
10 200 4 2.1e-05 5 0.996 0.0008 1087.3 0.21435 1087.1 0.0085191 
10 200 4 2.1e-05 8 0.982 0.0031388 956.62 0.21343 956.4 0.008087 
10 200 4 2.1e-05 10 0.966 0.0092286 770.73 0.21192 770.51 0.0075578 
10 200 4 2.1e-05 12 0.956 0.015576 543.52 0.20952 543.3 0.0064942 
10 200 4 2.1e-05 15 0.922 0.041343 254.05 0.20622 253.84 0.0051384 
10 200 4 2.1e-05 20 0.86 0.073878 58.396 0.20451 58.187 0.0043446 
10 200 4 2.1e-05 25 0.82 0.086531 27.642 0.20544 27.432 0.0043288 
10 200 4 2.1e-05 30 0.796 0.1057 20.387 0.20251 20.18 0.0041066 
10 200 4 2.1e-05 40 0.718 0.13702 14.379 0.20209 14.172 0.0041277 
10 200 4 2.1e-05 50 0.63 0.16867 10.423 0.20386 10.215 0.0043241 
10 200 4 2.1e-05 60 0.524 0.16594 7.2297 0.20265 7.0228 0.0041301 
10 200 4 2.1e-05 70 0.396 0.16284 5.3881 0.20203 5.1819 0.0041103 
10 200 4 2.1e-05 80 0.296 0.14202 4.0242 0.20235 3.8176 0.0041451 
10 200 4 2.1e-05 90 0.232 0.12467 3.0728 0.20242 2.8661 0.0041375 
10 200 4 2.1e-05 100 0.158 0.086159 2.0414 0.20241 1.8348 0.0041402 
10 200 5 2.1e-05 1 1 0 1064.4 0.2683 1064.1 0.009076 
10 200 5 2.1e-05 2 0.996 0.00039184 1027.1 0.26368 1026.8 0.0079201 
10 200 5 2.1e-05 3 0.992 0.0011592 953.15 0.26315 952.88 0.0075776 
10 200 5 2.1e-05 4 0.984 0.0034122 831.06 0.26164 830.79 0.0070721 
10 200 5 2.1e-05 5 0.96 0.014694 677.87 0.26046 677.6 0.0065585 
10 200 5 2.1e-05 8 0.904 0.052637 248.63 0.25525 248.37 0.004657 
10 200 5 2.1e-05 10 0.874 0.065637 107.3 0.25386 107.04 0.0040719 
10 200 5 2.1e-05 12 0.848 0.0752 51.76 0.25356 51.503 0.0038085 
10 200 5 2.1e-05 15 0.802 0.09571 27.138 0.25185 26.883 0.00358 
10 200 5 2.1e-05 20 0.764 0.11174 17.569 0.25225 17.313 0.0037831 
10 200 5 2.1e-05 25 0.714 0.13388 13.925 0.25246 13.669 0.0035779 
10 200 5 2.1e-05 30 0.664 0.15745 11.156 0.25069 10.902 0.003576 
10 200 5 2.1e-05 40 0.556 0.16986 7.6779 0.25052 7.4237 0.0035678 
10 200 5 2.1e-05 50 0.422 0.16175 5.4975 0.25061 5.2433 0.0035596 
10 200 5 2.1e-05 60 0.328 0.14328 4.0053 0.25058 3.751 0.0035798 
10 200 5 2.1e-05 70 0.22 0.098776 2.7997 0.25058 2.5455 0.0035538 
10 200 5 2.1e-05 80 0.14 0.067755 1.8832 0.25061 1.6289 0.0035621 
10 200 5 2.1e-05 90 0.096 0.05631 1.2587 0.25052 1.0045 0.0035466 
10 200 5 2.1e-05 100 0.07 0.045 0.84737 0.25046 0.59323 0.0035624 
10 200 6 2.1e-05 1 0.994 0.00057551 972.14 0.31642 971.81 0.0095563 
10 200 6 2.1e-05 2 0.982 0.0035469 763.42 0.31162 763.1 0.0074493 
10 200 6 2.1e-05 3 0.946 0.025392 518.77 0.30856 518.46 0.0064548 
10 200 6 2.1e-05 4 0.914 0.036739 314.06 0.30551 313.75 0.0052608 
10 200 6 2.1e-05 5 0.888 0.054955 176.38 0.30385 176.07 0.0045972 
10 200 6 2.1e-05 8 0.822 0.07971 38.444 0.30346 38.136 0.0039563 
10 200 6 2.1e-05 10 0.788 0.096996 23.371 0.30045 23.067 0.003652 
10 200 6 2.1e-05 12 0.766 0.11127 18.234 0.30163 17.928 0.0039333 
10 200 6 2.1e-05 15 0.73 0.12663 14.452 0.30105 14.147 0.0036696 
10 200 6 2.1e-05 20 0.67 0.13357 10.504 0.2996 10.2 0.0036592 
10 200 6 2.1e-05 25 0.578 0.14093 8.0174 0.29949 7.7142 0.0036626 
10 200 6 2.1e-05 30 0.478 0.15563 6.4377 0.29951 6.1344 0.0036397 
10 200 6 2.1e-05 40 0.348 0.14377 4.4859 0.29941 4.1827 0.0036465 
10 200 6 2.1e-05 50 0.236 0.099494 2.8277 0.29966 2.5243 0.0036373 
10 200 6 2.1e-05 60 0.158 0.069424 1.8962 0.29958 1.5929 0.0036459 
10 200 6 2.1e-05 70 0.1 0.061633 1.2661 0.30237 0.95998 0.0036424 
10 200 6 2.1e-05 80 0.068 0.038139 0.93259 0.30027 0.62857 0.0036443 
10 200 6 2.1e-05 90 0.036 0.02031 0.57595 0.30035 0.2716 0.0039051 
10 200 6 2.1e-05 100 0.024 0.010024 0.48935 0.30046 0.18517 0.003629 
10 200 7 2.1e-05 1 0.966 0.0092286 736.76 0.36259 736.39 0.0052058 
10 200 7 2.1e-05 2 0.926 0.032576 388.3 0.3592 387.93 0.0046065 
10 200 7 2.1e-05 3 0.886 0.05429 175.9 0.35396 175.54 0.0039932 
10 200 7 2.1e-05 4 0.854 0.069473 77.544 0.3523 77.188 0.003665 
10 200 7 2.1e-05 5 0.838 0.07669 39.747 0.3519 39.391 0.0036029 
10 200 7 2.1e-05 8 0.766 0.1129 16.616 0.34977 16.263 0.0034616 
10 200 7 2.1e-05 10 0.726 0.13094 13.349 0.34917 12.996 0.0034715 
10 200 7 2.1e-05 12 0.688 0.13781 11.093 0.34922 10.741 0.0034548 
10 200 7 2.1e-05 15 0.606 0.14792 8.9014 0.35196 8.5457 0.0035558 
10 200 7 2.1e-05 20 0.494 0.15486 6.3249 0.34915 5.9722 0.0034597 
10 200 7 2.1e-05 25 0.388 0.14189 4.5836 0.34895 4.231 0.0034473 
10 200 7 2.1e-05 30 0.298 0.11489 3.3801 0.3488 3.0278 0.003444 
10 200 7 2.1e-05 40 0.188 0.090465 1.909 0.34895 1.5565 0.0034414 
10 200 7 2.1e-05 50 0.12 0.051429 1.2439 0.34892 0.89145 0.0034818 
10 200 7 2.1e-05 60 0.066 0.024739 0.83488 0.34888 0.48248 0.0034363 
10 200 7 2.1e-05 70 0.042 0.011057 0.65772 0.34887 0.30531 0.0034464 
10 200 7 2.1e-05 80 0.02 0.004898 0.49637 0.34879 0.14405 0.0034564 
10 200 7 2.1e-05 90 0.012 0.0035265 0.44465 0.34918 0.091955 0.0034347 
10 200 7 2.1e-05 100 0.01 0.0021429 0.43408 0.34956 0.080991 0.0034409 
10 250 3 2.1e-05 1 1 0 1102.6 0.20133 1102.4 0.018539 
10 250 3 2.1e-05 2 1 0 1087.5 0.20076 1087.3 0.015207 
10 250 3 2.1e-05 3 1 0 1075.1 0.1999 1074.9 0.011072 
10 250 3 2.1e-05 4 1 0 1075 0.19996 1074.8 0.010984 
10 250 3 2.1e-05 5 1 0 1075.3 0.20008 1075.1 0.011047 
10 250 3 2.1e-05 8 1 0 1075.2 0.20005 1075 0.011095 
10 250 3 2.1e-05 10 1 0 1075.5 0.20011 1075.3 0.011082 
10 250 3 2.1e-05 12 1 0 1075.2 0.20044 1075 0.011201 
10 250 3 2.1e-05 15 1 0 1073.4 0.20011 1073.2 0.011075 
10 250 3 2.1e-05 20 0.998 0.0002 1039.8 0.19957 1039.6 0.01094 
10 250 3 2.1e-05 25 0.99 0.0021429 878.13 0.19854 877.92 0.010376 
10 250 3 2.1e-05 30 0.966 0.016576 552.8 0.1956 552.6 0.0089128 
10 250 3 2.1e-05 40 0.896 0.059984 94.395 0.19221 94.196 0.0065783 
10 250 3 2.1e-05 50 0.828 0.084098 28.287 0.19135 28.089 0.0062633 
10 250 3 2.1e-05 60 0.782 0.10681 18.958 0.19039 18.761 0.0059626 
10 250 3 2.1e-05 70 0.714 0.1449 14.919 0.18917 14.723 0.0059621 
10 250 3 2.1e-05 80 0.666 0.15127 11.792 0.18924 11.597 0.0059024 
10 250 3 2.1e-05 90 0.604 0.17672 9.2769 0.19019 9.0804 0.0062026 
10 250 3 2.1e-05 100 0.508 0.18075 7.363 0.1904 7.1665 0.0059455 
10 250 4 2.1e-05 1 1 0 1077.6 0.26476 1077.3 0.010999 
10 250 4 2.1e-05 2 1 0 1073.7 0.26428 1073.5 0.010189 
10 250 4 2.1e-05 3 1 0 1073.4 0.26443 1073.1 0.010142 
10 250 4 2.1e-05 4 1 0 1072 0.26452 1071.8 0.010081 
10 250 4 2.1e-05 5 1 0 1070.7 0.26445 1070.4 0.01007 
10 250 4 2.1e-05 8 0.996 0.0008 1032.7 0.26388 1032.4 0.0098245 
10 250 4 2.1e-05 10 0.988 0.002302 950.45 0.26308 950.18 0.0094569 
10 250 4 2.1e-05 12 0.97 0.0078571 804.99 0.26198 804.72 0.0088878 
10 250 4 2.1e-05 15 0.95 0.021327 514.66 0.25852 514.39 0.0076622 
10 250 4 2.1e-05 20 0.904 0.059984 157.06 0.25372 156.8 0.0057108 
10 250 4 2.1e-05 25 0.87 0.064184 50.231 0.25287 49.972 0.0052728 
10 250 4 2.1e-05 30 0.826 0.077882 28.184 0.25253 27.926 0.0053672 
10 250 4 2.1e-05 40 0.756 0.1168 17.473 0.25109 17.216 0.0050982 
10 250 4 2.1e-05 50 0.7 0.14531 13.562 0.25057 13.306 0.0051235 
10 250 4 2.1e-05 60 0.646 0.15682 10.356 0.25212 10.098 0.0053733 
10 250 4 2.1e-05 70 0.538 0.16159 7.8152 0.25239 7.5576 0.0051253 
10 250 4 2.1e-05 80 0.438 0.17996 6.1487 0.25056 5.8929 0.0051247 
10 250 4 2.1e-05 90 0.38 0.17265 5.196 0.25052 4.9402 0.0051235 
10 250 4 2.1e-05 100 0.302 0.14428 4.158 0.25045 3.9023 0.0051165 
10 250 5 2.1e-05 1 1 0 1068.2 0.32996 1067.9 0.010919 
10 250 5 2.1e-05 2 1 0 1052.4 0.32794 1052.1 0.0096116 
10 250 5 2.1e-05 3 1 0 1016.9 0.32727 1016.6 0.0094187 
10 250 5 2.1e-05 4 0.998 0.0002 946.27 0.32674 945.93 0.0090857 
10 250 5 2.1e-05 5 0.982 0.0043633 839.74 0.32491 839.4 0.0085437 
10 250 5 2.1e-05 8 0.934 0.036167 430.63 0.31931 430.31 0.0065683 
10 250 5 2.1e-05 10 0.918 0.042731 221.95 0.31695 221.63 0.0054387 
10 250 5 2.1e-05 12 0.9 0.052245 108.18 0.31609 107.86 0.0050014 
10 250 5 2.1e-05 15 0.866 0.067596 43.846 0.31449 43.527 0.0046709 
10 250 5 2.1e-05 20 0.812 0.092506 22.867 0.31289 22.55 0.0043903 
10 250 5 2.1e-05 25 0.756 0.11353 17.212 0.31205 16.895 0.0043693 
10 250 5 2.1e-05 30 0.726 0.13258 14.402 0.31436 14.083 0.0046456 
10 250 5 2.1e-05 40 0.652 0.14255 9.9549 0.31228 9.6381 0.0043612 
10 250 5 2.1e-05 50 0.546 0.16988 7.651 0.31204 7.3345 0.0043809 
10 250 5 2.1e-05 60 0.436 0.16562 5.8718 0.31189 5.5554 0.0043635 
10 250 5 2.1e-05 70 0.34 0.14939 4.5223 0.31196 4.2058 0.004369 
10 250 5 2.1e-05 80 0.266 0.128 3.3696 0.31195 3.0531 0.0043577 
10 250 5 2.1e-05 90 0.212 0.097404 2.6422 0.31181 2.3259 0.004364 
10 250 5 2.1e-05 100 0.144 0.075984 1.9589 0.31168 1.6428 0.0043562 
10 250 6 2.1e-05 1 0.998 0.0002 1010.8 0.39785 1010.4 0.0066343 
10 250 6 2.1e-05 2 0.992 0.0011592 862.76 0.39607 862.35 0.0068909 
10 250 6 2.1e-05 3 0.98 0.0036735 660.84 0.39464 660.44 0.0073176 
10 250 6 2.1e-05 4 0.954 0.016004 452.78 0.39126 452.38 0.006364 
10 250 6 2.1e-05 5 0.922 0.031955 288.41 0.38981 288.02 0.006172 
10 250 6 2.1e-05 8 0.874 0.065637 64.569 0.38718 64.176 0.0058302 
10 250 6 2.1e-05 10 0.842 0.074731 32.755 0.3873 32.362 0.0057978 
10 250 6 2.1e-05 12 0.802 0.09122 22.387 0.38504 21.997 0.0057549 
10 250 6 2.1e-05 15 0.752 0.11887 17.161 0.38596 16.769 0.0057953 
10 250 6 2.1e-05 20 0.712 0.13006 13.016 0.38602 12.624 0.0057316 
10 250 6 2.1e-05 25 0.664 0.14235 10.307 0.38461 9.9161 0.0057358 
10 250 6 2.1e-05 30 0.594 0.15527 8.4266 0.38443 8.0363 0.0057423 
10 250 6 2.1e-05 40 0.444 0.15925 5.7497 0.38454 5.3593 0.0057443 
10 250 6 2.1e-05 50 0.328 0.14247 4.1661 0.38446 3.7758 0.0057393 
10 250 6 2.1e-05 60 0.252 0.10826 3.1298 0.38451 2.7394 0.0057447 
10 250 6 2.1e-05 70 0.176 0.081045 2.171 0.3845 1.7806 0.0057347 
10 250 6 2.1e-05 80 0.126 0.070535 1.5732 0.3844 1.1829 0.0057885 
10 250 6 2.1e-05 90 0.088 0.05618 1.1945 0.38833 0.80031 0.0057984 
10 250 6 2.1e-05 100 0.066 0.040249 0.93412 0.3898 0.53851 0.0057203 
10 250 7 2.1e-05 1 0.992 0.0015673 821.81 0.46179 821.34 0.012577 
10 250 7 2.1e-05 2 0.954 0.013963 492.57 0.45446 492.11 0.0085857 
10 250 7 2.1e-05 3 0.924 0.026759 249.83 0.45126 249.38 0.0067091 
10 250 7 2.1e-05 4 0.894 0.042616 121.49 0.4505 121.03 0.0058081 
10 250 7 2.1e-05 5 0.856 0.064555 62.236 0.44962 61.781 0.0052338 
10 250 7 2.1e-05 8 0.808 0.091363 20.998 0.44751 20.546 0.0047288 
10 250 7 2.1e-05 10 0.766 0.10637 15.621 0.4457 15.17 0.0046938 
10 250 7 2.1e-05 12 0.732 0.11814 12.913 0.44562 12.463 0.0046904 
10 250 7 2.1e-05 15 0.68 0.13388 10.707 0.4492 10.253 0.0051447 
10 250 7 2.1e-05 20 0.57 0.14663 7.7434 0.44698 7.2915 0.0047163 
10 250 7 2.1e-05 25 0.49 0.1548 6.2184 0.4455 5.7681 0.0046937 
10 250 7 2.1e-05 30 0.402 0.14714 4.924 0.44558 4.4736 0.0047016 
10 250 7 2.1e-05 40 0.284 0.11402 3.1716 0.44556 2.7212 0.0047213 
10 250 7 2.1e-05 50 0.19 0.081735 1.9748 0.44644 1.5236 0.0046679 
10 250 7 2.1e-05 60 0.116 0.049535 1.355 0.44655 0.90365 0.0047069 
10 250 7 2.1e-05 70 0.07 0.025408 1.0019 0.44654 0.55058 0.0046637 
10 250 7 2.1e-05 80 0.04 0.011837 0.77172 0.4467 0.32023 0.0047025 
10 250 7 2.1e-05 90 0.022 0.0082816 0.61244 0.44651 0.16117 0.0046692 
10 250 7 2.1e-05 100 0.018 0.0059959 0.58471 0.44637 0.13357 0.0046819 
10 300 3 2.1e-05 1 1 0 1100.6 0.24088 1100.4 0.020632 
10 300 3 2.1e-05 2 1 0 1100.6 0.23939 1100.3 0.020021 
10 300 3 2.1e-05 3 1 0 1076.7 0.23831 1076.4 0.01626 
10 300 3 2.1e-05 4 1 0 1066.3 0.23917 1066 0.012975 
10 300 3 2.1e-05 5 1 0 1066.3 0.23801 1066 0.012942 
10 300 3 2.1e-05 8 1 0 1066.2 0.23789 1065.9 0.012973 
10 300 3 2.1e-05 10 1 0 1066.4 0.23819 1066.1 0.012978 
10 300 3 2.1e-05 12 1 0 1066.1 0.23814 1065.8 0.012972 
10 300 3 2.1e-05 15 1 0 1065.3 0.23826 1065 0.012899 
10 300 3 2.1e-05 20 1 0 1061.1 0.23826 1060.9 0.012912 
10 300 3 2.1e-05 25 0.998 0.0002 1027.6 0.23885 1027.4 0.012679 
10 300 3 2.1e-05 30 0.99 0.0013265 887.97 0.23645 887.72 0.012113 
10 300 3 2.1e-05 40 0.934 0.038616 310.87 0.23122 310.63 0.0092659 
10 300 3 2.1e-05 50 0.892 0.059935 60.645 0.22834 60.409 0.0074961 
10 300 3 2.1e-05 60 0.838 0.079955 27.445 0.22738 27.211 0.0071499 
10 300 3 2.1e-05 70 0.778 0.10175 19.1 0.22629 18.867 0.0074185 
10 300 3 2.1e-05 80 0.726 0.13502 16.259 0.22773 16.024 0.0071574 
10 300 3 2.1e-05 90 0.698 0.15285 13.687 0.22579 13.454 0.0071251 
10 300 3 2.1e-05 100 0.666 0.15984 11.285 0.22583 11.052 0.0071112 
10 300 4 2.1e-05 1 1 0 1084.4 0.31653 1084.1 0.012139 
10 300 4 2.1e-05 2 1 0 1082.1 0.31586 1081.8 0.012087 
10 300 4 2.1e-05 3 1 0 1083.1 0.31584 1082.8 0.012047 
10 300 4 2.1e-05 4 1 0 1082.9 0.3158 1082.6 0.011978 
10 300 4 2.1e-05 5 1 0 1082.4 0.31585 1082.1 0.011889 
10 300 4 2.1e-05 8 1 0 1069.4 0.31597 1069.1 0.011836 
10 300 4 2.1e-05 10 0.998 0.0002 1039.1 0.31562 1038.8 0.011717 
10 300 4 2.1e-05 12 0.986 0.0028612 969.73 0.31618 969.4 0.011356 
10 300 4 2.1e-05 15 0.958 0.016363 773.48 0.31387 773.15 0.010436 
10 300 4 2.1e-05 20 0.924 0.0488 350.98 0.30634 350.66 0.0082307 
10 300 4 2.1e-05 25 0.894 0.063433 112.37 0.30296 112.06 0.0068794 
10 300 4 2.1e-05 30 0.876 0.072882 44.648 0.30223 44.339 0.0065284 
10 300 4 2.1e-05 40 0.822 0.088282 22.121 0.30135 21.813 0.0062145 
10 300 4 2.1e-05 50 0.756 0.11476 16.857 0.29939 16.552 0.0062171 
10 300 4 2.1e-05 60 0.724 0.13574 13.546 0.29942 13.24 0.0062087 
10 300 4 2.1e-05 70 0.658 0.15922 10.77 0.30126 10.462 0.0065379 
10 300 4 2.1e-05 80 0.594 0.16996 8.5299 0.30042 8.2232 0.0062086 
10 300 4 2.1e-05 90 0.504 0.1706 6.9772 0.29949 6.6714 0.0062298 
10 300 4 2.1e-05 100 0.424 0.16839 5.9885 0.29942 5.6827 0.0062296 
10 300 5 2.1e-05 1 1 0 1077.7 0.39295 1077.3 0.011079 
10 300 5 2.1e-05 2 1 0 1068.9 0.39259 1068.5 0.01135 
10 300 5 2.1e-05 3 0.996 0.0008 1051.2 0.39257 1050.8 0.011329 
10 300 5 2.1e-05 4 0.99 0.0021429 1013.7 0.39155 1013.3 0.011028 
10 300 5 2.1e-05 5 0.986 0.0040857 950.01 0.39037 949.61 0.010654 
10 300 5 2.1e-05 8 0.948 0.02418 617.74 0.38409 617.35 0.0088228 
10 300 5 2.1e-05 10 0.928 0.038384 373.75 0.38145 373.36 0.0074489 
10 300 5 2.1e-05 12 0.908 0.049731 200.93 0.37721 200.54 0.0062639 
10 300 5 2.1e-05 15 0.884 0.060555 78.472 0.3752 78.091 0.0054837 
10 300 5 2.1e-05 20 0.84 0.07551 30.654 0.37526 30.273 0.005477 
10 300 5 2.1e-05 25 0.804 0.094678 20.716 0.37237 20.339 0.0051448 
10 300 5 2.1e-05 30 0.762 0.11465 17.478 0.37402 17.098 0.0054405 
10 300 5 2.1e-05 40 0.71 0.13724 12.696 0.37368 12.317 0.0051228 
10 300 5 2.1e-05 50 0.642 0.14902 9.5581 0.37234 9.1805 0.0051279 
10 300 5 2.1e-05 60 0.546 0.1658 7.541 0.37243 7.1634 0.0051228 
10 300 5 2.1e-05 70 0.46 0.16653 6.2775 0.37225 5.9 0.0051546 
10 300 5 2.1e-05 80 0.388 0.15373 5.1941 0.37246 4.8164 0.0051346 
10 300 5 2.1e-05 90 0.32 0.1449 4.2827 0.37239 3.905 0.0051136 
10 300 5 2.1e-05 100 0.26 0.12857 3.5204 0.3745 3.1406 0.0051238 
10 300 6 2.1e-05 1 0.998 0.0002 1042 0.50574 1041.5 0.0089642 
10 300 6 2.1e-05 2 0.986 0.0053102 937 0.50534 936.49 0.0091102 
10 300 6 2.1e-05 3 0.974 0.011759 775.21 0.50312 774.69 0.0086507 
10 300 6 2.1e-05 4 0.96 0.024082 580.99 0.5019 580.48 0.0081172 
10 300 6 2.1e-05 5 0.94 0.031429 404.29 0.50068 403.78 0.0076982 
10 300 6 2.1e-05 8 0.886 0.062861 104.73 0.49823 104.22 0.0067904 
10 300 6 2.1e-05 10 0.86 0.070204 49.048 0.49856 48.543 0.0066233 
10 300 6 2.1e-05 12 0.828 0.081649 30.316 0.49711 29.813 0.0064353 
10 300 6 2.1e-05 15 0.804 0.092229 21.056 0.49729 20.552 0.00657 
10 300 6 2.1e-05 20 0.758 0.11187 15.876 0.49749 15.371 0.006429 
10 300 6 2.1e-05 25 0.71 0.13765 12.545 0.49561 12.043 0.0064413 
10 300 6 2.1e-05 30 0.66 0.14898 10.303 0.49573 9.8003 0.0064334 
10 300 6 2.1e-05 40 0.57 0.14908 7.7513 0.49571 7.249 0.0064053 
10 300 6 2.1e-05 50 0.428 0.14736 5.8076 0.49566 5.3055 0.0064131 
10 300 6 2.1e-05 60 0.33 0.14541 4.472 0.49801 3.9673 0.0065522 
10 300 6 2.1e-05 70 0.268 0.1161 3.4021 0.49737 2.8982 0.0063975 
10 300 6 2.1e-05 80 0.194 0.080576 2.544 0.4956 2.0419 0.0064061 
10 300 6 2.1e-05 90 0.152 0.078057 2.0496 0.49543 1.5477 0.0064005 
10 300 6 2.1e-05 100 0.122 0.069914 1.6827 0.49556 1.1807 0.0063665 
10 300 7 2.1e-05 1 0.986 0.0024531 896.81 0.54369 896.25 0.022779 
10 300 7 2.1e-05 2 0.958 0.015139 593.42 0.53326 592.87 0.01901 
10 300 7 2.1e-05 3 0.924 0.033698 337.45 0.52803 336.91 0.015045 
10 300 7 2.1e-05 4 0.898 0.046731 173.96 0.52333 173.43 0.0099085 
10 300 7 2.1e-05 5 0.868 0.063037 89.936 0.52237 89.408 0.0064322 
10 300 7 2.1e-05 8 0.804 0.084882 25.227 0.51885 24.703 0.0055135 
10 300 7 2.1e-05 10 0.762 0.11098 18.389 0.51675 17.867 0.0054038 
10 300 7 2.1e-05 12 0.74 0.12082 15.331 0.51674 14.809 0.0054338 
10 300 7 2.1e-05 15 0.712 0.13251 12.777 0.52043 12.251 0.0057509 
10 300 7 2.1e-05 20 0.646 0.14294 9.5387 0.51685 9.0164 0.0054039 
10 300 7 2.1e-05 25 0.566 0.14556 7.6894 0.51683 7.1671 0.0053914 
10 300 7 2.1e-05 30 0.494 0.1569 6.3549 0.51669 5.8327 0.0053881 
10 300 7 2.1e-05 40 0.348 0.13438 4.298 0.51674 3.7757 0.0053982 
10 300 7 2.1e-05 50 0.25 0.10827 2.9723 0.51679 2.45 0.0054006 
10 300 7 2.1e-05 60 0.186 0.093882 2.1187 0.51694 1.5962 0.005411 
10 300 7 2.1e-05 70 0.134 0.066371 1.5826 0.51673 1.0604 0.0053725 
10 300 7 2.1e-05 80 0.106 0.044249 1.3139 0.51652 0.79186 0.0053877 
10 300 7 2.1e-05 90 0.076 0.029616 1.096 0.51657 0.57399 0.0053923 
10 300 7 2.1e-05 100 0.048 0.018057 0.87779 0.5166 0.35572 0.0053896 
10 350 3 2.1e-05 1 1 0 1078.2 0.27772 1077.9 0.016786 
10 350 3 2.1e-05 2 1 0 1074.5 0.27673 1074.2 0.014929 
10 350 3 2.1e-05 3 1 0 1074.5 0.27666 1074.2 0.01499 
10 350 3 2.1e-05 4 1 0 1074.5 0.27702 1074.2 0.014885 
10 350 3 2.1e-05 5 1 0 1073.3 0.27694 1073 0.014876 
10 350 3 2.1e-05 8 1 0 1074.3 0.27683 1074 0.014893 
10 350 3 2.1e-05 10 1 0 1074.5 0.27686 1074.2 0.014956 
10 350 3 2.1e-05 12 1 0 1074.6 0.27694 1074.3 0.014943 
10 350 3 2.1e-05 15 1 0 1074.6 0.27698 1074.3 0.014924 
10 350 3 2.1e-05 20 1 0 1074.2 0.27698 1073.9 0.014941 
10 350 3 2.1e-05 25 1 0 1066.9 0.27721 1066.6 0.01498 
10 350 3 2.1e-05 30 1 0 1027.4 0.27694 1027.1 0.014883 
10 350 3 2.1e-05 40 0.97 0.0094898 658.19 0.27212 657.91 0.012881 
10 350 3 2.1e-05 50 0.92 0.040816 182.59 0.26666 182.31 0.0095573 
