10 1 3 2.1e-05 1 0.376 0.12268 122.87 0.0036721 122.86 0.00016095 
10 5 3 2.1e-05 1 0.84 0.04449 474.61 0.007991 474.6 0.00041496 
10 5 3 2.1e-05 2 0.608 0.099935 117.92 0.0080278 117.91 0.00042194 
10 5 3 2.1e-05 3 0.348 0.10663 19.228 0.0079572 19.219 0.00034571 
10 5 3 2.1e-05 4 0.158 0.049833 3.0281 0.0074296 3.0204 0.00019344 
10 5 3 2.1e-05 5 0.032 0.0050776 0.51422 0.0072146 0.50652 0.0004398 
10 10 3 2.1e-05 1 0.966 0.0059633 714.24 0.013788 714.23 0.00077358 
10 10 3 2.1e-05 2 0.85 0.06051 344.59 0.013947 344.58 0.00075289 
10 10 3 2.1e-05 3 0.734 0.087188 119.48 0.013909 119.46 0.00064187 
10 10 3 2.1e-05 4 0.584 0.12015 34.632 0.01381 34.617 0.00057662 
10 10 3 2.1e-05 5 0.426 0.10972 10.521 0.013382 10.507 0.00047015 
10 10 3 2.1e-05 8 0.07 0.027449 0.70021 0.012402 0.68751 0.00024827 
10 10 3 2.1e-05 10 0.008 0.0032 0.080437 0.010704 0.069534 0.00017167 
10 25 3 2.1e-05 1 1 0 941.94 0.031493 941.9 0.0017223 
10 25 3 2.1e-05 2 0.984 0.0025959 799.09 0.031249 799.05 0.0018328 
10 25 3 2.1e-05 3 0.96 0.0097959 581.66 0.031621 581.62 0.0016983 
10 25 3 2.1e-05 4 0.932 0.026302 359.19 0.031317 359.15 0.0015334 
10 25 3 2.1e-05 5 0.886 0.052657 190.3 0.031383 190.27 0.0014465 
10 25 3 2.1e-05 8 0.714 0.10776 21.939 0.031149 21.906 0.001263 
10 25 3 2.1e-05 10 0.534 0.14392 8.8881 0.030128 8.8568 0.00097215 
10 25 3 2.1e-05 12 0.384 0.13688 5.0048 0.028964 4.9749 0.00078347 
10 25 3 2.1e-05 15 0.212 0.10026 2.1981 0.027824 2.1696 0.00059229 
10 25 3 2.1e-05 20 0.036 0.01582 0.27265 0.026722 0.24542 0.00046614 
10 25 3 2.1e-05 25 0.002 0.0002 0.039138 0.025014 0.013699 0.00039854 
10 50 3 2.1e-05 1 1 0 981.66 0.059902 981.6 0.002943 
10 50 3 2.1e-05 2 1 0 965.21 0.06017 965.15 0.003075 
10 50 3 2.1e-05 3 0.996 0.00039184 929.66 0.062693 929.6 0.0030268 
10 50 3 2.1e-05 4 0.99 0.0013265 840.3 0.059718 840.24 0.0029384 
10 50 3 2.1e-05 5 0.972 0.0061388 711.15 0.059597 711.09 0.0028529 
10 50 3 2.1e-05 8 0.882 0.055384 260.59 0.06009 260.52 0.0026471 
10 50 3 2.1e-05 10 0.832 0.085078 94.888 0.060511 94.825 0.0026076 
10 50 3 2.1e-05 12 0.778 0.11073 34.348 0.060492 34.285 0.0024961 
10 50 3 2.1e-05 15 0.716 0.13566 15.136 0.058555 15.076 0.0020677 
10 50 3 2.1e-05 20 0.536 0.14439 7.5386 0.056818 7.48 0.0017228 
10 50 3 2.1e-05 25 0.34 0.15184 4.2578 0.054684 4.2018 0.0012975 
10 50 3 2.1e-05 30 0.198 0.10591 2.4548 0.053198 2.4005 0.0010851 
10 50 3 2.1e-05 40 0.038 0.02118 0.37125 0.051881 0.31838 0.00095373 
10 50 3 2.1e-05 50 0 0 0.050846 0.049973 4.227e-06 0.00084194 
10 75 3 2.1e-05 1 1 0 984.12 0.087853 984.02 0.00419 
10 75 3 2.1e-05 2 1 0 983.37 0.088337 983.28 0.004414 
10 75 3 2.1e-05 3 1 0 977.13 0.088042 977.03 0.0043517 
10 75 3 2.1e-05 4 1 0 962.29 0.08797 962.2 0.0043133 
10 75 3 2.1e-05 5 0.998 0.0002 931.06 0.088407 930.97 0.0042538 
10 75 3 2.1e-05 8 0.97 0.0086735 668.61 0.087529 668.52 0.0040759 
10 75 3 2.1e-05 10 0.938 0.02118 411.6 0.087791 411.51 0.0039272 
10 75 3 2.1e-05 12 0.9 0.037959 203.92 0.087624 203.82 0.0041853 
10 75 3 2.1e-05 15 0.834 0.080657 58.324 0.087957 58.232 0.0037825 
10 75 3 2.1e-05 20 0.736 0.12888 16.56 0.084859 16.472 0.0031679 
10 75 3 2.1e-05 25 0.63 0.15071 10.16 0.083109 10.074 0.0026951 
10 75 3 2.1e-05 30 0.51 0.17316 7.1209 0.082211 7.0361 0.002388 
10 75 3 2.1e-05 40 0.298 0.1402 3.5993 0.07879 3.5186 0.0018238 
10 75 3 2.1e-05 50 0.12 0.066939 1.3681 0.076608 1.2899 0.0015323 
10 75 3 2.1e-05 60 0.018 0.0039551 0.21458 0.07491 0.13827 0.0013584 
10 75 3 2.1e-05 70 0.002 0.0002 0.088484 0.073461 0.013691 0.0013012 
10 100 3 2.1e-05 1 1 0 1177.9 0.13385 1177.8 0.0054865 
10 100 3 2.1e-05 2 1 0 1199.4 0.13659 1199.2 0.0055737 
10 100 3 2.1e-05 3 1 0 1198.9 0.13586 1198.8 0.0052527 
10 100 3 2.1e-05 4 1 0 1196 0.13732 1195.8 0.0049603 
10 100 3 2.1e-05 5 1 0 1189 0.13682 1188.8 0.0049633 
10 100 3 2.1e-05 8 0.992 0.0011592 1088.1 0.13819 1087.9 0.0047708 
10 100 3 2.1e-05 10 0.964 0.012147 905.95 0.13856 905.8 0.00477 
10 100 3 2.1e-05 12 0.94 0.027347 627.48 0.13449 627.34 0.0046517 
10 100 3 2.1e-05 15 0.9 0.053878 291.09 0.13863 290.95 0.0046842 
10 100 3 2.1e-05 20 0.858 0.075955 53.291 0.1385 53.147 0.0046157 
10 100 3 2.1e-05 25 0.776 0.10553 22.33 0.13803 22.188 0.0044496 
10 100 3 2.1e-05 30 0.72 0.12367 16.145 0.138 16.003 0.0042373 
10 100 3 2.1e-05 40 0.528 0.17144 8.568 0.1345 8.4295 0.0038483 
10 100 3 2.1e-05 50 0.318 0.14763 5.0113 0.1315 4.8764 0.0033026 
10 100 3 2.1e-05 60 0.188 0.10516 2.8695 0.12867 2.7377 0.0030306 
10 100 3 2.1e-05 70 0.062 0.036282 0.94126 0.12442 0.81417 0.0026182 
10 100 3 2.1e-05 80 0.02 0.0057143 0.29187 0.12045 0.16895 0.0024313 
10 100 3 2.1e-05 90 0.006 0.00098367 0.1723 0.12029 0.049612 0.0023726 
10 100 3 2.1e-05 100 0 0 0.12117 0.11882 8.263e-06 0.0023122 
10 125 3 2.1e-05 1 1 0 1071.2 0.16067 1071 0.0066492 
10 125 3 2.1e-05 2 1 0 1071.6 0.1596 1071.4 0.0067584 
10 125 3 2.1e-05 3 1 0 1071.2 0.16029 1071 0.0067094 
10 125 3 2.1e-05 4 1 0 1070.6 0.16041 1070.5 0.0067057 
10 125 3 2.1e-05 5 1 0 1069.4 0.15883 1069.2 0.0067118 
10 125 3 2.1e-05 8 1 0 1048.5 0.16029 1048.3 0.0066509 
10 125 3 2.1e-05 10 0.984 0.0050449 980.56 0.15843 980.4 0.0066555 
10 125 3 2.1e-05 12 0.972 0.0098122 863.1 0.16152 862.93 0.0069131 
10 125 3 2.1e-05 15 0.946 0.025392 564.32 0.16099 564.15 0.0064358 
10 125 3 2.1e-05 20 0.886 0.057147 157.71 0.16135 157.54 0.0063106 
10 125 3 2.1e-05 25 0.844 0.074759 40.807 0.16051 40.64 0.0062869 
10 125 3 2.1e-05 30 0.802 0.098159 22.593 0.15681 22.431 0.0056912 
10 125 3 2.1e-05 40 0.688 0.14883 13.162 0.15451 13.002 0.0048793 
10 125 3 2.1e-05 50 0.568 0.16467 8.3964 0.15242 8.2398 0.0040785 
10 125 3 2.1e-05 60 0.352 0.14581 5.1699 0.15059 5.0158 0.0033806 
10 125 3 2.1e-05 70 0.238 0.12281 3.6053 0.14784 3.4544 0.0029382 
10 125 3 2.1e-05 80 0.134 0.071678 1.9437 0.14549 1.7957 0.0025066 
10 125 3 2.1e-05 90 0.05 0.029898 0.66201 0.14445 0.51512 0.0024046 
10 125 3 2.1e-05 100 0.024 0.010433 0.32866 0.14192 0.18441 0.0022891 
10 125 3 2.1e-05 125 0 0 0.14366 0.14139 9.542e-06 0.002235 
10 150 3 2.1e-05 1 1 0 1075 0.19062 1074.8 0.0078178 
10 150 3 2.1e-05 2 1 0 1075.3 0.19005 1075.1 0.00796 
10 150 3 2.1e-05 3 1 0 1075.3 0.19097 1075.1 0.0075192 
10 150 3 2.1e-05 4 1 0 1075.4 0.19156 1075.2 0.0069766 
10 150 3 2.1e-05 5 1 0 1066.6 0.18864 1066.4 0.0070292 
10 150 3 2.1e-05 8 1 0 1070.1 0.19129 1069.9 0.0068787 
10 150 3 2.1e-05 10 0.996 0.00039184 1053.7 0.19065 1053.5 0.0067609 
10 150 3 2.1e-05 12 0.988 0.0027102 1008.2 0.19188 1008 0.0066948 
10 150 3 2.1e-05 15 0.97 0.0086735 838.96 0.19044 838.76 0.0066901 
10 150 3 2.1e-05 20 0.926 0.041963 382.97 0.18995 382.77 0.006516 
10 150 3 2.1e-05 25 0.89 0.058878 103.4 0.19098 103.2 0.0065144 
10 150 3 2.1e-05 30 0.858 0.07269 34.762 0.19014 34.565 0.0063787 
10 150 3 2.1e-05 40 0.74 0.12694 16.859 0.18803 16.665 0.0058954 
10 150 3 2.1e-05 50 0.662 0.15383 11.75 0.18631 11.558 0.0056646 
10 150 3 2.1e-05 60 0.518 0.17171 7.4701 0.17915 7.2857 0.005058 
10 150 3 2.1e-05 70 0.368 0.16181 5.1824 0.17935 4.9983 0.0046838 
10 150 3 2.1e-05 80 0.274 0.12931 3.6565 0.17847 3.4735 0.0044207 
10 150 3 2.1e-05 90 0.182 0.094976 2.2589 0.17653 2.0782 0.0040618 
10 150 3 2.1e-05 100 0.078 0.047873 1.0121 0.17166 0.83651 0.0039112 
10 150 3 2.1e-05 125 0.014 0.0040857 0.28088 0.16966 0.10746 0.0037243 
10 150 3 2.1e-05 150 0 0 0.17121 0.16751 1.0246e-05 0.0036534 
10 200 3 2.1e-05 1 1 0 1073 0.24585 1072.8 0.010261 
10 200 3 2.1e-05 2 1 0 1065 0.2455 1064.7 0.01046 
10 200 3 2.1e-05 3 1 0 1075.1 0.24666 1074.9 0.0099288 
10 200 3 2.1e-05 4 1 0 1067.8 0.24537 1067.5 0.0092633 
10 200 3 2.1e-05 5 1 0 1068.7 0.24752 1068.5 0.0092889 
10 200 3 2.1e-05 8 1 0 1068.2 0.24694 1067.9 0.0097039 
10 200 3 2.1e-05 10 1 0 1069.8 0.24602 1069.5 0.0091955 
10 200 3 2.1e-05 12 1 0 1067.2 0.24888 1066.9 0.0095497 
10 200 3 2.1e-05 15 0.996 0.0008 1029.7 0.24078 1029.5 0.0089636 
10 200 3 2.1e-05 20 0.982 0.0059959 852.19 0.24616 851.94 0.0089056 
10 200 3 2.1e-05 25 0.946 0.029882 476.77 0.24676 476.52 0.0088229 
10 200 3 2.1e-05 30 0.908 0.056669 177.18 0.24922 176.93 0.0088081 
10 200 3 2.1e-05 40 0.824 0.089208 30.422 0.24648 30.167 0.0084926 
10 200 3 2.1e-05 50 0.762 0.11587 18.134 0.24245 17.883 0.0079521 
10 200 3 2.1e-05 60 0.71 0.14133 14.111 0.24101 13.862 0.0075865 
10 200 3 2.1e-05 70 0.64 0.15755 10.208 0.23527 9.9654 0.0071326 
10 200 3 2.1e-05 80 0.522 0.18053 7.4414 0.23651 7.1976 0.0071628 
10 200 3 2.1e-05 90 0.428 0.17349 5.9229 0.23352 5.6828 0.0064732 
10 200 3 2.1e-05 100 0.31 0.14582 4.5513 0.23222 4.313 0.006012 
10 200 3 2.1e-05 125 0.16 0.094694 2.3243 0.22889 2.0896 0.0056724 
10 200 3 2.1e-05 150 0.038 0.022404 0.53709 0.22401 0.30774 0.0052873 
10 200 3 2.1e-05 200 0 0 0.22572 0.22043 1.2241e-05 0.0052388 
10 250 3 2.1e-05 1 1 0 1075.7 0.30478 1075.4 0.012722 
10 250 3 2.1e-05 2 1 0 1075.7 0.30395 1075.4 0.01288 
10 250 3 2.1e-05 3 1 0 1075.8 0.30502 1075.4 0.011524 
10 250 3 2.1e-05 4 1 0 1066.7 0.30355 1066.3 0.009686 
10 250 3 2.1e-05 5 1 0 1074.7 0.30676 1074.4 0.0098342 
10 250 3 2.1e-05 8 1 0 1074.7 0.30739 1074.4 0.0098312 
10 250 3 2.1e-05 10 1 0 1066.8 0.30514 1066.4 0.0098925 
10 250 3 2.1e-05 12 1 0 1067 0.30479 1066.7 0.00973 
10 250 3 2.1e-05 15 1 0 1063.9 0.30391 1063.5 0.010121 
10 250 3 2.1e-05 20 0.998 0.0002 1028.9 0.3041 1028.6 0.0098215 
10 250 3 2.1e-05 25 0.97 0.0086735 861.72 0.30061 861.41 0.0097465 
10 250 3 2.1e-05 30 0.948 0.025812 554.07 0.30488 553.76 0.0096796 
10 250 3 2.1e-05 40 0.896 0.059576 94.028 0.30524 93.712 0.009613 
10 250 3 2.1e-05 50 0.838 0.084853 29.525 0.30409 29.211 0.0094609 
10 250 3 2.1e-05 60 0.786 0.099188 19.511 0.30097 19.2 0.0094372 
10 250 3 2.1e-05 70 0.708 0.14075 14.959 0.29866 14.651 0.0092839 
10 250 3 2.1e-05 80 0.674 0.16156 12.346 0.29895 12.037 0.0092342 
10 250 3 2.1e-05 90 0.596 0.17468 9.2133 0.29609 8.9079 0.0090606 
10 250 3 2.1e-05 100 0.49 0.17071 7.2577 0.29435 6.9543 0.0088785 
10 250 3 2.1e-05 125 0.298 0.14469 4.6931 0.29152 4.3928 0.0087 
10 250 3 2.1e-05 150 0.168 0.10344 2.4768 0.28651 2.1816 0.0086093 
10 250 3 2.1e-05 200 0.024 0.011249 0.47222 0.2824 0.18171 0.0080613 
10 250 3 2.1e-05 250 0 0 0.28618 0.27767 1.4743e-05 0.0084524 
10 300 3 2.1e-05 1 1 0 1072.9 0.362 1072.5 0.015265 
10 300 3 2.1e-05 2 1 0 1073.2 0.36231 1072.8 0.015373 
10 300 3 2.1e-05 3 1 0 1073.6 0.36189 1073.2 0.015324 
10 300 3 2.1e-05 4 1 0 1073 0.36518 1072.6 0.015211 
10 300 3 2.1e-05 5 1 0 1073.2 0.3641 1072.9 0.015197 
10 300 3 2.1e-05 8 1 0 1073.5 0.36441 1073.1 0.015303 
10 300 3 2.1e-05 10 1 0 1064.7 0.3605 1064.3 0.015665 
10 300 3 2.1e-05 12 1 0 1072.7 0.36495 1072.3 0.015349 
10 300 3 2.1e-05 15 1 0 1071.9 0.36485 1071.5 0.015392 
10 300 3 2.1e-05 20 0.998 0.0002 1068.5 0.36485 1068.1 0.015345 
10 300 3 2.1e-05 25 0.99 0.0033673 1135.7 0.37689 1135.3 0.014564 
10 300 3 2.1e-05 30 0.978 0.0078735 992.48 0.37819 992.09 0.014171 
10 300 3 2.1e-05 40 0.93 0.035612 346.48 0.37905 346.08 0.013904 
10 300 3 2.1e-05 50 0.878 0.069098 69.04 0.3815 68.644 0.01387 
10 300 3 2.1e-05 60 0.826 0.087678 30.981 0.3779 30.589 0.01317 
10 300 3 2.1e-05 70 0.78 0.10939 22.483 0.37662 22.094 0.012004 
10 300 3 2.1e-05 80 0.734 0.1329 18.331 0.37092 17.949 0.011215 
10 300 3 2.1e-05 90 0.702 0.14469 16.103 0.374 15.718 0.01098 
10 300 3 2.1e-05 100 0.662 0.16649 13.303 0.3729 12.919 0.010491 
10 300 3 2.1e-05 125 0.492 0.173 7.7985 0.37137 7.4176 0.0093572 
10 300 3 2.1e-05 150 0.32 0.15061 5.3998 0.36719 5.0246 0.0078488 
10 300 3 2.1e-05 200 0.078 0.049506 1.26 0.36268 0.89058 0.0066911 
10 300 3 2.1e-05 250 0.012 0.0027102 0.45447 0.34863 0.0995 0.0062853 
10 300 3 2.1e-05 300 0 0 0.31467 0.30835 1.5016e-05 0.0062644 
10 350 3 2.1e-05 1 1 0 925.57 1.1279 924.42 0.018429 
10 350 3 2.1e-05 2 1 0 946.24 0.27349 945.95 0.018214 
10 350 3 2.1e-05 3 1 0 946.6 0.27108 946.31 0.017802 
10 350 3 2.1e-05 4 1 0 946.42 0.25061 946.15 0.014113 
10 350 3 2.1e-05 5 1 0 946.43 0.25056 946.16 0.014087 
10 350 3 2.1e-05 8 1 0 946.48 0.25055 946.21 0.014036 
10 350 3 2.1e-05 10 1 0 946.62 0.25097 946.36 0.014131 
10 350 3 2.1e-05 12 1 0 959.16 0.26209 958.88 0.014757 
10 350 3 2.1e-05 15 1 0 969.86 0.26579 969.58 0.015137 
10 350 3 2.1e-05 20 1 0 982.63 0.26991 982.34 0.014955 
10 350 3 2.1e-05 25 0.998 0.0002 970.3 0.26546 970.02 0.01477 
10 350 3 2.1e-05 30 0.99 0.005 934.63 0.26574 934.35 0.014856 
10 350 3 2.1e-05 40 0.938 0.035465 577.27 0.25128 577 0.013839 
10 350 3 2.1e-05 50 0.9 0.066122 163.01 0.25089 162.74 0.013684 
10 350 3 2.1e-05 60 0.874 0.072167 44.448 0.25038 44.184 0.013662 
10 350 3 2.1e-05 70 0.852 0.076424 24.612 0.24936 24.349 0.01295 
10 350 3 2.1e-05 80 0.816 0.093616 18.21 0.24783 17.949 0.012228 
10 350 3 2.1e-05 90 0.768 0.11202 15.497 0.24705 15.238 0.011743 
10 350 3 2.1e-05 100 0.724 0.13615 13.348 0.24745 13.089 0.011243 
10 350 3 2.1e-05 125 0.614 0.16817 8.5929 0.2472 8.3348 0.010657 
10 350 3 2.1e-05 150 0.444 0.1768 5.4433 0.24561 5.1879 0.0096456 
10 350 3 2.1e-05 200 0.206 0.11731 2.9482 0.24368 2.6957 0.0087593 
10 350 3 2.1e-05 250 0.056 0.038841 0.67641 0.24282 0.42508 0.0084328 
10 350 3 2.1e-05 300 0.004 0.0008 0.27269 0.24124 0.023051 0.0083252 
10 400 3 2.1e-05 1 1 0 910.52 0.29387 910.21 0.021324 
10 400 3 2.1e-05 2 1 0 903.5 0.29489 903.18 0.021874 
10 400 3 2.1e-05 3 1 0 910.44 0.29384 910.13 0.021183 
10 400 3 2.1e-05 4 1 0 910.3 0.27536 910.01 0.015824 
10 400 3 2.1e-05 5 1 0 910.17 0.27584 909.88 0.015615 
10 400 3 2.1e-05 8 1 0 910.52 0.27657 910.22 0.015691 
10 400 3 2.1e-05 10 1 0 910.5 0.27554 910.21 0.015994 
10 400 3 2.1e-05 12 1 0 910.51 0.27642 910.21 0.015654 
10 400 3 2.1e-05 15 1 0 910.48 0.27643 910.19 0.015647 
10 400 3 2.1e-05 20 1 0 910.51 0.27544 910.21 0.01576 
10 400 3 2.1e-05 25 1 0 903.37 0.27561 903.08 0.015617 
10 400 3 2.1e-05 30 1 0 904.3 0.27586 904.01 0.015732 
10 400 3 2.1e-05 40 0.988 0.0018939 775.98 0.27639 775.69 0.01561 
10 400 3 2.1e-05 50 0.936 0.030922 364.24 0.27666 363.95 0.015441 
10 400 3 2.1e-05 60 0.904 0.056718 95.802 0.27647 95.51 0.015237 
10 400 3 2.1e-05 70 0.876 0.071657 36.137 0.27537 35.847 0.015105 
10 400 3 2.1e-05 80 0.848 0.078465 24.141 0.27585 23.851 0.014611 
10 400 3 2.1e-05 90 0.818 0.090078 18.279 0.27651 17.989 0.013872 
10 400 3 2.1e-05 100 0.774 0.10564 15.259 0.27542 14.97 0.013655 
10 400 3 2.1e-05 125 0.696 0.14488 10.751 0.27587 10.462 0.01266 
10 400 3 2.1e-05 150 0.574 0.17053 6.9836 0.27682 6.6947 0.011912 
10 400 3 2.1e-05 200 0.318 0.15089 3.9199 0.27725 3.6318 0.010806 
10 400 3 2.1e-05 250 0.162 0.11465 2.0058 0.28043 1.7152 0.010091 
10 400 3 2.1e-05 300 0.04 0.025306 0.52989 0.28181 0.23801 0.0099965 
10 400 3 2.1e-05 400 0 0 0.29036 0.28029 2.2499e-05 0.0099877 
10 500 3 2.1e-05 1 1 0 913.77 0.36309 913.39 0.026199 
10 500 3 2.1e-05 2 1 0 913.97 0.36498 913.58 0.026391 
10 500 3 2.1e-05 3 1 0 913.75 0.36429 913.36 0.025619 
10 500 3 2.1e-05 4 1 0 913.91 0.34045 913.55 0.017913 
10 500 3 2.1e-05 5 1 0 913.44 0.34102 913.08 0.018054 
10 500 3 2.1e-05 8 1 0 906.84 0.34129 906.48 0.017955 
10 500 3 2.1e-05 10 1 0 913.42 0.34136 913.06 0.018039 
10 500 3 2.1e-05 12 1 0 913.7 0.3401 913.34 0.017909 
10 500 3 2.1e-05 15 1 0 908.63 0.34084 908.27 0.018139 
10 500 3 2.1e-05 20 1 0 909.04 0.34105 908.68 0.018101 
10 500 3 2.1e-05 25 1 0 908.85 0.34067 908.49 0.018335 
10 500 3 2.1e-05 30 1 0 908.71 0.34229 908.35 0.017983 
10 500 3 2.1e-05 40 1 0 892.17 0.34049 891.81 0.018046 
10 500 3 2.1e-05 50 0.978 0.006649 784.61 0.34063 784.25 0.017905 
10 500 3 2.1e-05 60 0.93 0.042143 452.17 0.34099 451.81 0.017911 
10 500 3 2.1e-05 70 0.908 0.058302 153.03 0.34074 152.68 0.017654 
10 500 3 2.1e-05 80 0.89 0.062143 54.487 0.3416 54.128 0.017569 
10 500 3 2.1e-05 90 0.852 0.077649 31.132 0.34012 30.774 0.017262 
10 500 3 2.1e-05 100 0.828 0.085322 22.415 0.34285 22.055 0.016673 
10 500 3 2.1e-05 125 0.754 0.1209 14.955 0.34039 14.599 0.015734 
10 500 3 2.1e-05 150 0.7 0.14653 11.774 0.34122 11.418 0.015122 
10 500 3 2.1e-05 200 0.504 0.17468 6.255 0.34055 5.9003 0.014023 
10 500 3 2.1e-05 250 0.312 0.15455 4.004 0.3413 3.6497 0.012875 
10 500 3 2.1e-05 300 0.18 0.11184 2.4087 0.34219 2.0538 0.01259 
10 500 3 2.1e-05 400 0.016 0.0042286 0.43888 0.3398 0.087083 0.011938 
10 500 3 2.1e-05 500 0 0 0.35398 0.34188 2.6626e-05 0.012003 
10 600 3 2.1e-05 1 1 0 910.49 0.43781 910.02 0.030995 
10 600 3 2.1e-05 2 1 0 910.27 0.43844 909.8 0.031675 
10 600 3 2.1e-05 3 1 0 910.3 0.4369 909.83 0.030177 
10 600 3 2.1e-05 4 1 0 910.14 0.41771 909.7 0.024147 
10 600 3 2.1e-05 5 1 0 910.07 0.41879 909.62 0.02425 
10 600 3 2.1e-05 8 1 0 899.56 0.41743 899.12 0.023873 
10 600 3 2.1e-05 10 1 0 905.33 0.418 904.88 0.024048 
10 600 3 2.1e-05 12 1 0 905.69 0.41745 905.25 0.02377 
10 600 3 2.1e-05 15 1 0 906.57 0.41693 906.13 0.023749 
10 600 3 2.1e-05 20 1 0 906.49 0.41582 906.05 0.023759 
10 600 3 2.1e-05 25 1 0 906.66 0.41681 906.22 0.023805 
10 600 3 2.1e-05 30 1 0 906.7 0.41722 906.26 0.024063 
10 600 3 2.1e-05 40 1 0 899.83 0.41711 899.39 0.024043 
10 600 3 2.1e-05 50 0.996 0.0008 894.44 0.41692 894 0.023929 
10 600 3 2.1e-05 60 0.982 0.0043633 796.28 0.41832 795.84 0.024082 
10 600 3 2.1e-05 70 0.946 0.026616 516.38 0.41709 515.94 0.024037 
10 600 3 2.1e-05 80 0.924 0.046759 214.09 0.41771 213.65 0.023367 
10 600 3 2.1e-05 90 0.902 0.058976 77.968 0.4173 77.527 0.023855 
10 600 3 2.1e-05 100 0.874 0.071759 40.269 0.41684 39.828 0.023554 
10 600 3 2.1e-05 125 0.818 0.094567 20.274 0.41243 19.84 0.021249 
10 600 3 2.1e-05 150 0.764 0.12031 15.115 0.40974 14.685 0.020015 
10 600 3 2.1e-05 200 0.662 0.15832 9.428 0.4117 8.9968 0.019397 
10 600 3 2.1e-05 250 0.45 0.17276 5.4979 0.40721 5.0734 0.017188 
10 600 3 2.1e-05 300 0.308 0.14606 4.0316 0.40612 3.6094 0.015995 
10 600 3 2.1e-05 400 0.086 0.052249 1.2652 0.40512 0.84495 0.015044 
10 600 3 2.1e-05 500 0.014 0.0040857 0.5028 0.4071 0.08048 0.015148 
10 700 3 2.1e-05 1 1 0 909.05 0.49567 908.53 0.026462 
10 700 3 2.1e-05 2 1 0 909.5 0.49697 908.97 0.026609 
10 700 3 2.1e-05 3 1 0 909.41 0.49319 908.89 0.026003 
10 700 3 2.1e-05 4 1 0 909.53 0.47044 909.04 0.022089 
10 700 3 2.1e-05 5 1 0 913.94 0.47122 913.45 0.02204 
10 700 3 2.1e-05 8 1 0 907.31 0.4714 906.82 0.022345 
10 700 3 2.1e-05 10 1 0 913.85 0.47106 913.36 0.02204 
10 700 3 2.1e-05 12 1 0 913.6 0.47189 913.1 0.02199 
10 700 3 2.1e-05 15 1 0 913.51 0.47212 913.02 0.022113 
10 700 3 2.1e-05 20 1 0 913.68 0.47302 913.19 0.02253 
10 700 3 2.1e-05 25 1 0 913.52 0.47245 913.02 0.022212 
10 700 3 2.1e-05 30 1 0 913.45 0.47196 912.96 0.022121 
10 700 3 2.1e-05 40 1 0 913.52 0.47077 913.03 0.022252 
10 700 3 2.1e-05 50 1 0 906.94 0.47249 906.44 0.022478 
10 700 3 2.1e-05 60 0.994 0.00057551 896.86 0.47174 896.36 0.022247 
10 700 3 2.1e-05 70 0.972 0.015118 808.24 0.47135 807.74 0.022194 
10 700 3 2.1e-05 80 0.95 0.028265 566.31 0.47206 565.82 0.022092 
10 700 3 2.1e-05 90 0.924 0.043086 272.73 0.47166 272.24 0.021936 
10 700 3 2.1e-05 100 0.892 0.065649 110.05 0.47055 109.55 0.021886 
10 700 3 2.1e-05 125 0.864 0.074188 31.435 0.47035 30.944 0.020993 
10 700 3 2.1e-05 150 0.83 0.085408 19.452 0.46884 18.962 0.020341 
10 700 3 2.1e-05 200 0.728 0.13593 13.4 0.46986 12.91 0.019506 
10 700 3 2.1e-05 250 0.634 0.16637 8.5379 0.47069 8.0484 0.018638 
10 700 3 2.1e-05 300 0.448 0.1752 5.6456 0.46878 5.1591 0.017557 
10 700 3 2.1e-05 400 0.202 0.11571 2.9318 0.46865 2.4462 0.016845 
10 700 3 2.1e-05 500 0.052 0.03969 0.88887 0.47049 0.40183 0.016477 
10 800 3 2.1e-05 1 1 0 910.6 0.56575 910.02 0.020814 
10 800 3 2.1e-05 2 1 0 910.32 0.5657 909.74 0.020984 
10 800 3 2.1e-05 3 1 0 910.52 0.5623 909.93 0.021021 
10 800 3 2.1e-05 4 1 0 903.68 0.54398 903.11 0.019832 
10 800 3 2.1e-05 5 1 0 910.37 0.54205 909.81 0.019491 
10 800 3 2.1e-05 8 1 0 906.19 0.54418 905.63 0.019414 
10 800 3 2.1e-05 10 1 0 905.6 0.54442 905.04 0.019496 
10 800 3 2.1e-05 12 1 0 905.44 0.5419 904.88 0.019524 
10 800 3 2.1e-05 15 1 0 906.18 0.54229 905.62 0.019457 
10 800 3 2.1e-05 20 1 0 906 0.54371 905.44 0.019563 
10 800 3 2.1e-05 25 1 0 901.05 0.54482 900.48 0.019583 
10 800 3 2.1e-05 30 1 0 905.07 0.54305 904.51 0.019498 
10 800 3 2.1e-05 40 1 0 906.55 0.54344 905.99 0.019514 
10 800 3 2.1e-05 50 1 0 906.13 0.54138 905.57 0.019505 
10 800 3 2.1e-05 60 1 0 905.46 0.54409 904.9 0.019607 
10 800 3 2.1e-05 70 1 0 891.86 0.54285 891.29 0.019576 
10 800 3 2.1e-05 80 0.992 0.0011592 816.69 0.54274 816.13 0.01995 
10 800 3 2.1e-05 90 0.966 0.012494 607.25 0.54393 606.69 0.019439 
10 800 3 2.1e-05 100 0.95 0.022143 327.48 0.5421 326.91 0.019161 
10 800 3 2.1e-05 125 0.89 0.062551 50.498 0.54225 49.937 0.01915 
10 800 3 2.1e-05 150 0.844 0.075576 25.947 0.54278 25.385 0.018868 
10 800 3 2.1e-05 200 0.748 0.12377 14.765 0.53535 14.212 0.018162 
10 800 3 2.1e-05 250 0.69 0.14867 11.521 0.53538 10.968 0.018196 
10 800 3 2.1e-05 300 0.564 0.17827 7.4131 0.53228 6.8627 0.018013 
10 800 3 2.1e-05 400 0.296 0.14488 4.0325 0.5292 3.4857 0.017509 
10 800 3 2.1e-05 500 0.148 0.099282 2.0992 0.52973 1.5522 0.01718 
10 900 3 2.1e-05 1 1 0 909.61 0.60967 908.98 0.024444 
10 900 3 2.1e-05 2 1 0 902.17 0.61168 901.53 0.024816 
10 900 3 2.1e-05 3 1 0 909.89 0.60846 909.26 0.024649 
10 900 3 2.1e-05 4 1 0 910.53 0.60329 909.91 0.024682 
10 900 3 2.1e-05 5 1 0 909.15 0.60199 908.52 0.024592 
10 900 3 2.1e-05 8 1 0 908.65 0.60218 908.02 0.024916 
10 900 3 2.1e-05 10 1 0 908.92 0.60414 908.29 0.024666 
10 900 3 2.1e-05 12 1 0 909.01 0.60252 908.39 0.02456 
10 900 3 2.1e-05 15 1 0 901.7 0.60244 901.07 0.02459 
10 900 3 2.1e-05 20 1 0 908.65 0.60327 908.02 0.024598 
10 900 3 2.1e-05 25 1 0 908.54 0.60268 907.91 0.024594 
10 900 3 2.1e-05 30 1 0 908.25 0.60191 907.62 0.024984 
10 900 3 2.1e-05 40 1 0 908.28 0.60181 907.65 0.024643 
10 900 3 2.1e-05 50 1 0 908.46 0.60214 907.84 0.02464 
10 900 3 2.1e-05 60 1 0 908.06 0.60486 907.43 0.024731 
10 900 3 2.1e-05 70 1 0 906.52 0.60276 905.89 0.024763 
10 900 3 2.1e-05 80 1 0 884.21 0.60314 883.58 0.024728 
10 900 3 2.1e-05 90 0.998 0.0002 820.75 0.60227 820.12 0.024646 
10 900 3 2.1e-05 100 0.978 0.0062408 638.62 0.6024 637.99 0.024556 
10 900 3 2.1e-05 125 0.914 0.053882 125.5 0.60434 124.87 0.024381 
10 900 3 2.1e-05 150 0.882 0.065996 37.952 0.60272 37.325 0.023903 
10 900 3 2.1e-05 200 0.818 0.093751 18.058 0.59869 17.437 0.022622 
10 900 3 2.1e-05 250 0.732 0.13896 13.697 0.59588 13.079 0.021879 
10 900 3 2.1e-05 300 0.658 0.16575 9.8772 0.59543 9.2605 0.021109 
10 900 3 2.1e-05 400 0.412 0.17414 5.1613 0.59503 4.5458 0.020302 
10 900 3 2.1e-05 500 0.218 0.11661 3.2279 0.59362 2.6146 0.019611 
10 1000 3 2.1e-05 1 1 0 908.71 0.68159 907.99 0.031402 
10 1000 3 2.1e-05 2 1 0 908.65 0.68165 907.94 0.03177 
10 1000 3 2.1e-05 3 1 0 908.86 0.67562 908.16 0.029062 
10 1000 3 2.1e-05 4 1 0 948.91 0.66454 948.22 0.024761 
10 1000 3 2.1e-05 5 1 0 936.4 0.65998 935.72 0.024512 
10 1000 3 2.1e-05 8 1 0 946.61 0.65925 945.93 0.024462 
10 1000 3 2.1e-05 10 1 0 946.64 0.65919 945.96 0.024254 
10 1000 3 2.1e-05 12 1 0 946.59 0.65842 945.91 0.02437 
10 1000 3 2.1e-05 15 1 0 946.26 0.65965 945.57 0.024686 
10 1000 3 2.1e-05 20 1 0 946.66 0.65967 945.98 0.024416 
10 1000 3 2.1e-05 25 1 0 946.39 0.66045 945.7 0.024394 
10 1000 3 2.1e-05 30 1 0 946.58 0.65964 945.9 0.024815 
10 1000 3 2.1e-05 40 1 0 946.3 0.65751 945.62 0.024368 
10 1000 3 2.1e-05 50 1 0 940.79 0.66593 940.1 0.024468 
10 1000 3 2.1e-05 60 1 0 946.24 0.65915 945.55 0.024486 
10 1000 3 2.1e-05 70 1 0 945.84 0.65912 945.16 0.024556 
10 1000 3 2.1e-05 80 1 0 942.8 0.65954 942.11 0.024574 
10 1000 3 2.1e-05 90 0.988 0.0051592 925.66 0.6602 924.97 0.024519 
10 1000 3 2.1e-05 100 0.978 0.009098 858.36 0.65916 857.68 0.024616 
10 1000 3 2.1e-05 125 0.938 0.034241 335.28 0.65924 334.6 0.024255 
10 1000 3 2.1e-05 150 0.908 0.05871 68.573 0.66114 67.888 0.024034 
10 1000 3 2.1e-05 200 0.836 0.085208 23.093 0.66015 22.409 0.023858 
10 1000 3 2.1e-05 250 0.76 0.12163 15.902 0.6585 15.22 0.023272 
10 1000 3 2.1e-05 300 0.706 0.14751 12.824 0.65876 12.142 0.023257 
10 1000 3 2.1e-05 400 0.506 0.17813 6.7308 0.66016 6.0479 0.022576 
10 1000 3 2.1e-05 500 0.318 0.15457 4.438 0.66151 3.7542 0.022235 
10 1250 3 2.1e-05 1 1 0 906.77 0.84802 905.88 0.044292 
10 1250 3 2.1e-05 2 1 0 914 0.84672 913.11 0.044116 
10 1250 3 2.1e-05 3 1 0 913.76 0.85487 912.86 0.039695 
10 1250 3 2.1e-05 4 1 0 914.12 0.86771 913.22 0.03443 
10 1250 3 2.1e-05 5 1 0 914.19 0.86821 913.28 0.034416 
10 1250 3 2.1e-05 8 1 0 913.88 0.86981 912.97 0.034319 
10 1250 3 2.1e-05 10 1 0 914.19 0.86761 913.28 0.034443 
10 1250 3 2.1e-05 12 1 0 914.29 0.86845 913.38 0.034423 
10 1250 3 2.1e-05 15 1 0 911.57 0.86561 910.67 0.034732 
10 1250 3 2.1e-05 20 1 0 910.05 0.86665 909.15 0.034559 
10 1250 3 2.1e-05 25 1 0 914.09 0.8679 913.19 0.034706 
10 1250 3 2.1e-05 30 1 0 914.18 0.86869 913.28 0.034471 
10 1250 3 2.1e-05 40 1 0 914.02 0.86866 913.11 0.034482 
10 1250 3 2.1e-05 50 1 0 913.17 0.86639 912.27 0.034655 
10 1250 3 2.1e-05 60 1 0 913.43 0.86701 912.53 0.034492 
10 1250 3 2.1e-05 70 1 0 907.2 0.86373 906.31 0.034544 
10 1250 3 2.1e-05 80 1 0 913.75 0.87019 912.84 0.034909 
10 1250 3 2.1e-05 90 1 0 913.25 0.86733 912.35 0.034536 
10 1250 3 2.1e-05 100 1 0 910.77 0.86868 909.87 0.035061 
10 1250 3 2.1e-05 125 0.984 0.0042286 838.89 0.86918 837.99 0.034887 
10 1250 3 2.1e-05 150 0.94 0.032245 430.36 0.86777 429.45 0.034264 
10 1250 3 2.1e-05 200 0.884 0.066269 44.18 0.86567 43.28 0.034009 
10 1250 3 2.1e-05 250 0.836 0.081535 23.725 0.8668 22.825 0.033004 
10 1250 3 2.1e-05 300 0.774 0.11298 16.335 0.86606 15.437 0.031588 
10 1250 3 2.1e-05 400 0.678 0.15318 11.19 0.86569 10.294 0.030423 
10 1250 3 2.1e-05 500 0.516 0.17566 6.7217 0.85789 5.8349 0.028779 
10 1500 3 2.1e-05 1 1 0 905.36 0.99654 904.31 0.046813 
10 1500 3 2.1e-05 2 1 0 904.57 0.99634 903.53 0.046544 
10 1500 3 2.1e-05 3 1 0 904.74 0.98721 903.71 0.041411 
10 1500 3 2.1e-05 4 1 0 897.55 0.9795 896.54 0.037351 
10 1500 3 2.1e-05 5 1 0 904.57 0.97976 903.56 0.037841 
10 1500 3 2.1e-05 8 1 0 904.31 0.97927 903.3 0.037832 
10 1500 3 2.1e-05 10 1 0 904.12 0.97919 903.1 0.037435 
10 1500 3 2.1e-05 12 1 0 904.28 0.97962 903.26 0.0376 
10 1500 3 2.1e-05 15 1 0 904.51 0.97799 903.49 0.037757 
10 1500 3 2.1e-05 20 1 0 904.55 0.97901 903.54 0.037449 
10 1500 3 2.1e-05 25 1 0 904.46 0.97947 903.44 0.038193 
10 1500 3 2.1e-05 30 1 0 897.94 0.98029 896.92 0.037499 
10 1500 3 2.1e-05 40 1 0 904.76 0.97988 903.74 0.037624 
10 1500 3 2.1e-05 50 1 0 907.35 0.97788 906.34 0.037686 
10 1500 3 2.1e-05 60 1 0 907.02 0.97819 906.01 0.037924 
10 1500 3 2.1e-05 70 1 0 907.32 0.97826 906.3 0.037786 
10 1500 3 2.1e-05 80 1 0 907.19 0.97942 906.17 0.038005 
10 1500 3 2.1e-05 90 1 0 900.53 0.97822 899.52 0.037742 
10 1500 3 2.1e-05 100 1 0 907.33 0.98021 906.31 0.037785 
10 1500 3 2.1e-05 125 1 0 908.64 0.9779 907.62 0.038348 
10 1500 3 2.1e-05 150 0.994 0.00098367 842.63 0.97961 841.62 0.037833 
10 1500 3 2.1e-05 200 0.914 0.058371 161.29 0.97761 160.28 0.037333 
10 1500 3 2.1e-05 250 0.884 0.068718 37.136 0.978 36.12 0.037452 
10 1500 3 2.1e-05 300 0.828 0.086955 22.913 0.97624 21.9 0.036541 
10 1500 3 2.1e-05 400 0.738 0.12567 14.621 0.97698 13.609 0.035149 
10 1500 3 2.1e-05 500 0.672 0.15757 10.327 0.97471 9.3175 0.034513 
10 2000 3 2.1e-05 1 1 0 912.11 1.3263 910.72 0.061075 
10 2000 3 2.1e-05 2 1 0 912.1 1.3288 910.71 0.061296 
10 2000 3 2.1e-05 3 1 0 911.95 1.3096 910.58 0.053618 
10 2000 3 2.1e-05 4 1 0 913.65 1.3024 912.3 0.052224 
10 2000 3 2.1e-05 5 1 0 906.41 1.3079 905.05 0.052548 
10 2000 3 2.1e-05 8 1 0 912.29 1.3053 910.93 0.052395 
10 2000 3 2.1e-05 10 1 0 912.44 1.3043 911.08 0.05227 
10 2000 3 2.1e-05 12 1 0 912.08 1.3015 910.72 0.052093 
10 2000 3 2.1e-05 15 1 0 912.09 1.3046 910.73 0.052113 
10 2000 3 2.1e-05 20 1 0 912.61 1.3072 911.25 0.05201 
10 2000 3 2.1e-05 25 1 0 911.99 1.3043 910.63 0.052174 
10 2000 3 2.1e-05 30 1 0 906.06 1.3046 904.7 0.052562 
10 2000 3 2.1e-05 40 1 0 909 1.3059 907.65 0.052167 
10 2000 3 2.1e-05 50 1 0 909.26 1.3063 907.9 0.05222 
10 2000 3 2.1e-05 60 1 0 909.74 1.3056 908.38 0.052415 
10 2000 3 2.1e-05 70 1 0 909.36 1.3054 908 0.052082 
10 2000 3 2.1e-05 80 1 0 909.38 1.3065 908.02 0.052062 
10 2000 3 2.1e-05 90 1 0 909.08 1.3064 907.72 0.052159 
10 2000 3 2.1e-05 100 1 0 909.07 1.3087 907.71 0.052564 
10 2000 3 2.1e-05 125 1 0 908.64 1.3054 907.28 0.052704 
10 2000 3 2.1e-05 150 1 0 901.93 1.3079 900.57 0.052263 
10 2000 3 2.1e-05 200 0.996 0.00039184 850.08 1.3044 848.72 0.052206 
10 2000 3 2.1e-05 250 0.93 0.037653 289.45 1.3044 288.09 0.052752 
10 2000 3 2.1e-05 300 0.908 0.05871 58.005 1.3043 56.648 0.051803 
10 2000 3 2.1e-05 400 0.834 0.082698 23.057 1.305 21.702 0.050008 
10 2000 3 2.1e-05 500 0.76 0.12122 15.848 1.3004 14.499 0.048304 
