18.5965
377 17 657 480 884 420 1133 1203 1087 798 
17.8209
746 446 961 393 564 561 107 46 1414 248 
17.8294
1002 890 418 1404 672 522 1017 1359 660 1222 
17.8543
693 798 1170 1383 17 1056 497 164 9 1133 
17.8918
1058 918 1060 1337 419 1024 47 581 949 588 
17.8565
751 446 561 46 107 471 746 801 248 1203 
17.824
304 261 768 1203 897 952 82 127 1408 2 
17.8528
1412 742 971 360 612 1423 1429 1153 789 837 
17.8737
261 801 732 858 952 897 1203 82 464 768 
17.8801
1133 900 969 208 345 840 674 470 327 246 
17.776
1203 575 283 1076 200 1212 1411 340 464 801 
17.8763
330 671 858 753 639 1203 801 732 101 529 
20.6458
1167 1402 754 90 1259 394 616 407 0 35 
21.127
603 1227 899 713 256 1096 1191 933 490 403 
21.2143
653 673 1306 743 1045 1203 137 56 201 1089 
21.1944
813 192 1055 234 1247 492 232 866 489 988 
21.0621
114 1205 74 887 93 1287 323 1010 84 1203 
21.2411
1240 1025 1263 1256 812 990 917 1147 1022 1239 
21.1732
952 801 732 858 1203 897 82 261 464 768 
21.1521
1126 1415 949 398 276 1445 806 707 918 1009 
21.2049
964 488 935 10 1114 1447 63 146 1334 300 
21.1571
200 340 1076 1411 283 732 952 1203 575 801 
21.1907
897 768 2 82 261 304 1331 952 1408 127 
21.1721
1049 824 348 1220 1322 547 934 1008 662 179 
21.0462
12 646 477 970 732 1203 801 956 952 82 
21.2023
464 732 801 858 169 952 1203 897 82 261 
21.1901
423 1404 1017 890 672 522 1002 1359 418 660 
21.1871
156 413 661 236 1083 560 1125 998 598 299 
21.3703
878 1019 852 1245 229 688 339 1387 491 1421 
21.2342
1449 758 141 1044 51 410 198 1433 592 621 
21.1389
284 1419 1203 801 464 76 858 732 82 952 
21.2049
216 263 48 709 368 470 497 1056 111 798 
21.1378
768 897 858 1203 82 261 801 464 732 952 
21.1188
115 1031 376 1127 185 148 493 1123 453 95 
21.1925
1387 1019 852 339 878 688 491 548 776 1421 
21.2496
517 1274 131 552 4 1099 1384 1344 1368 1256 
21.1177
940 1410 343 1138 1302 1300 1315 463 324 963 
21.1297
464 732 801 1203 858 75 260 284 952 124 
21.2427
547 934 1132 662 550 717 104 1220 1049 1008 
21.1439
219 817 451 1261 474 1321 1320 1070 944 807 
21.1008
952 858 1203 1327 732 801 1050 897 82 464 
21.2119
858 1203 649 82 801 732 952 464 261 897 
21.2005
732 1203 801 464 86 858 99 82 922 952 
21.2068
369 752 922 923 86 801 679 1203 464 732 
21.357
1061 201 882 82 858 732 952 1203 801 897 
21.1917
1449 141 1044 51 758 592 410 1433 621 198 
21.2259
484 1417 937 234 492 1247 1224 489 1055 192 
21.0754
866 813 234 1055 232 1247 192 492 800 988 
21.1084
104 1106 624 717 550 1132 547 934 662 1049 
21.1911
935 33 964 1114 146 1447 63 805 488 300 
