10 2500 5 2.1e-05 100 0.914 0.054698 73.073 2.6774 70.363 0.032721 
10 2500 5 2.1e-05 125 0.87 0.072755 36.857 2.7003 34.124 0.032239 
10 2500 5 2.1e-05 150 0.85 0.080102 27.145 2.6768 24.436 0.032163 
10 2500 5 2.1e-05 175 0.828 0.086139 22.096 2.6888 19.375 0.031962 
10 2500 5 2.1e-05 200 0.812 0.088016 18.992 2.6721 16.288 0.032022 
10 2500 5 2.1e-05 225 0.786 0.10327 17.505 2.6788 14.794 0.032166 
10 2500 5 2.1e-05 250 0.758 0.11636 16.001 2.6951 13.273 0.032139 
10 2500 5 2.1e-05 275 0.748 0.1201 15.232 2.6721 12.528 0.032061 
10 2500 5 2.1e-05 300 0.724 0.13574 14.172 2.6697 11.47 0.032115 
10 2500 5 2.1e-05 350 0.698 0.14591 12.299 2.685 9.5816 0.032104 
10 2500 5 2.1e-05 400 0.658 0.15555 10.38 2.7336 7.6141 0.032325 
10 2500 5 2.1e-05 450 0.598 0.16959 9.1851 2.6689 6.4841 0.031973 
10 2500 5 2.1e-05 500 0.548 0.16663 8.4608 2.6673 5.7614 0.031984 
10 2500 5 2.1e-05 550 0.472 0.169 7.7721 2.6745 5.0654 0.03204 
10 2500 5 2.1e-05 600 0.4 0.16082 6.9877 2.6707 4.2847 0.032201 
10 2500 5 2.1e-05 650 0.37 0.16092 6.5437 2.6683 3.8433 0.031945 
10 2500 5 2.1e-05 700 0.342 0.1584 6.1403 2.6693 3.4389 0.031987 
10 2500 5 2.1e-05 750 0.302 0.14142 5.7582 2.6772 3.0487 0.032218 
10 2500 5 2.1e-05 800 0.276 0.13166 5.4454 2.7252 2.6878 0.0323 
10 2500 5 2.1e-05 850 0.24 0.1151 5.0187 2.6832 2.3031 0.032282 
10 2500 5 2.1e-05 900 0.212 0.10026 4.6399 2.6689 1.9385 0.032313 
10 2500 5 2.1e-05 950 0.168 0.083853 4.2418 2.6701 1.5395 0.032051 
10 2500 5 2.1e-05 1000 0.134 0.06882 3.9864 2.6712 1.283 0.032123 
10 2500 5 2.1e-05 1100 0.098 0.062649 3.5972 2.6707 0.89436 0.032036 
10 2500 5 2.1e-05 1200 0.078 0.053996 3.3753 2.671 0.67218 0.032099 
10 2500 5 2.1e-05 1300 0.064 0.043167 3.1626 2.6776 0.45282 0.032174 
10 2500 5 2.1e-05 1400 0.046 0.031106 3.0035 2.6696 0.30179 0.032036 
10 2500 5 2.1e-05 1500 0.03 0.016429 2.8908 2.6685 0.19023 0.031923 
10 2500 5 2.1e-05 1600 0.018 0.0051796 2.8117 2.6683 0.11122 0.032132 
10 2500 5 2.1e-05 1700 0.016 0.0042286 2.7983 2.6716 0.094588 0.032055 
10 2500 5 2.1e-05 1800 0.016 0.0042286 2.7966 2.6686 0.095495 0.032377 
10 2500 5 2.1e-05 1900 0.002 0.0002 2.7162 2.669 0.015066 0.032032 
10 2500 5 2.1e-05 2000 0.002 0.0002 2.7159 2.6684 0.014921 0.032523 
10 2500 5 2.1e-05 2250 0 0 2.7031 2.671 2.5067e-05 0.03197 
10 2500 5 2.1e-05 2500 0 0 2.7012 2.6691 2.385e-05 0.032008 
10 3000 5 2.1e-05 100 0.93 0.038061 171.16 3.3414 167.77 0.053718 
10 3000 5 2.1e-05 125 0.902 0.059792 59.13 3.309 55.774 0.047141 
10 3000 5 2.1e-05 150 0.878 0.069506 35.657 3.3036 32.306 0.047082 
10 3000 5 2.1e-05 175 0.852 0.077649 27.756 3.299 24.412 0.044557 
10 3000 5 2.1e-05 200 0.836 0.083167 23.01 3.2957 19.67 0.044433 
10 3000 5 2.1e-05 225 0.818 0.088445 20.087 3.3016 16.738 0.047532 
10 3000 5 2.1e-05 250 0.786 0.10653 18.072 3.3016 14.726 0.044416 
10 3000 5 2.1e-05 275 0.78 0.10857 17.003 3.2987 13.659 0.044672 
10 3000 5 2.1e-05 300 0.762 0.11751 16.06 3.3031 12.71 0.047141 
10 3000 5 2.1e-05 350 0.722 0.13849 14.526 3.3021 11.179 0.044541 
10 3000 5 2.1e-05 400 0.704 0.14447 12.982 3.3009 9.6368 0.04434 
10 3000 5 2.1e-05 450 0.678 0.14787 11.578 3.2977 8.2357 0.044432 
10 3000 5 2.1e-05 500 0.634 0.16596 10.222 3.3022 6.8726 0.046954 
10 3000 5 2.1e-05 550 0.594 0.16792 9.5344 3.3017 6.188 0.044474 
10 3000 5 2.1e-05 600 0.54 0.17633 8.8063 3.3019 5.4597 0.044492 
10 3000 5 2.1e-05 650 0.498 0.17367 8.375 3.2994 5.0307 0.044778 
10 3000 5 2.1e-05 700 0.428 0.169 7.7657 3.2981 4.423 0.044474 
10 3000 5 2.1e-05 750 0.39 0.16663 7.2787 3.2994 3.9344 0.044773 
10 3000 5 2.1e-05 800 0.356 0.16047 6.8726 3.3031 3.5223 0.04712 
10 3000 5 2.1e-05 850 0.328 0.15389 6.6039 3.3027 3.2565 0.044566 
10 3000 5 2.1e-05 900 0.3 0.14612 6.2698 3.2997 2.9252 0.044789 
10 3000 5 2.1e-05 950 0.278 0.13767 5.9747 3.3 2.6301 0.044429 
10 3000 5 2.1e-05 1000 0.25 0.12745 5.6766 3.2993 2.3323 0.04491 
10 3000 5 2.1e-05 1100 0.194 0.096902 5.0604 3.3022 1.7135 0.04454 
10 3000 5 2.1e-05 1200 0.144 0.077208 4.6447 3.3032 1.2943 0.046998 
10 3000 5 2.1e-05 1300 0.102 0.065914 4.2737 3.3007 0.92836 0.04457 
10 3000 5 2.1e-05 1400 0.086 0.055922 4.1178 3.2995 0.77342 0.044809 
10 3000 5 2.1e-05 1500 0.072 0.05022 3.9011 3.2999 0.55658 0.044564 
10 3000 5 2.1e-05 1600 0.058 0.03718 3.7268 3.3 0.38227 0.044464 
10 3000 5 2.1e-05 1700 0.046 0.031106 3.6265 3.3026 0.27674 0.047101 
10 3000 5 2.1e-05 1800 0.032 0.017322 3.5366 3.3008 0.19133 0.044441 
10 3000 5 2.1e-05 1900 0.02 0.0065306 3.4665 3.3039 0.1176 0.044857 
10 3000 5 2.1e-05 2000 0.016 0.0042286 3.4397 3.3021 0.092725 0.044812 
10 3000 5 2.1e-05 2250 0.01 0.0013265 3.408 3.302 0.058809 0.047179 
10 3000 5 2.1e-05 2500 0.002 0.0002 3.3591 3.3015 0.012678 0.044841 
10 3000 5 2.1e-05 2750 0 0 3.3446 3.3001 2.6237e-05 0.044453 
10 3000 5 2.1e-05 3000 0 0 3.3485 3.3014 2.6711e-05 0.047056 
10 4000 5 2.1e-05 100 0.972 0.01022 570.85 4.4083 566.35 0.092408 
10 4000 5 2.1e-05 125 0.926 0.045229 232.31 4.404 227.84 0.072914 
10 4000 5 2.1e-05 150 0.914 0.058371 90.976 4.4017 86.512 0.062981 
10 4000 5 2.1e-05 175 0.9 0.06 50.084 4.4 45.62 0.06348 
10 4000 5 2.1e-05 200 0.876 0.072065 36.912 4.4144 32.435 0.063161 
10 4000 5 2.1e-05 225 0.86 0.074694 30.522 4.4028 26.06 0.059984 
10 4000 5 2.1e-05 250 0.844 0.08129 26.944 4.3998 22.481 0.063126 
10 4000 5 2.1e-05 275 0.832 0.085078 23.587 4.3971 19.129 0.059924 
10 4000 5 2.1e-05 300 0.822 0.085833 21.823 4.4174 17.342 0.063536 
10 4000 5 2.1e-05 350 0.786 0.10368 19.111 4.4168 14.634 0.059868 
10 4000 5 2.1e-05 400 0.758 0.12085 17.543 4.4284 13.054 0.060467 
10 4000 5 2.1e-05 450 0.736 0.12807 16.569 4.4261 12.079 0.062977 
10 4000 5 2.1e-05 500 0.716 0.13851 15.526 4.4543 11.012 0.059726 
10 4000 5 2.1e-05 550 0.702 0.14265 14.105 4.4318 9.6136 0.059696 
10 4000 5 2.1e-05 600 0.678 0.15196 12.845 4.4321 8.3524 0.060548 
10 4000 5 2.1e-05 650 0.656 0.15884 11.804 4.412 7.3291 0.062914 
10 4000 5 2.1e-05 700 0.61 0.165 11.018 4.4066 6.5516 0.060167 
10 4000 5 2.1e-05 750 0.58 0.16898 10.466 4.4025 6.0036 0.059938 
10 4000 5 2.1e-05 800 0.538 0.1771 10.022 4.4032 5.5589 0.059855 
10 4000 5 2.1e-05 850 0.51 0.17724 9.7111 4.4092 5.2417 0.060148 
10 4000 5 2.1e-05 900 0.462 0.17016 9.358 4.4031 4.8914 0.063372 
10 4000 5 2.1e-05 950 0.416 0.17158 8.787 4.3978 4.329 0.060105 
10 4000 5 2.1e-05 1000 0.406 0.1667 8.5072 4.3977 4.0492 0.060166 
10 4000 5 2.1e-05 1100 0.342 0.15881 7.8396 4.4011 3.3787 0.059779 
10 4000 5 2.1e-05 1200 0.298 0.14796 7.4635 4.4075 2.9961 0.059834 
10 4000 5 2.1e-05 1300 0.264 0.12847 6.9791 4.4006 2.5154 0.06303 
10 4000 5 2.1e-05 1400 0.214 0.10449 6.4183 4.3968 1.961 0.060449 
10 4000 5 2.1e-05 1500 0.18 0.086531 6.0832 4.3984 1.6249 0.059843 
10 4000 5 2.1e-05 1600 0.138 0.072608 5.7161 4.4026 1.2536 0.05988 
10 4000 5 2.1e-05 1700 0.112 0.065159 5.5028 4.4062 1.033 0.063465 
10 4000 5 2.1e-05 1800 0.094 0.059759 5.3002 4.3982 0.84163 0.060252 
10 4000 5 2.1e-05 1900 0.078 0.053996 5.1704 4.3981 0.71198 0.060297 
10 4000 5 2.1e-05 2000 0.068 0.045894 5.0837 4.4173 0.60241 0.063837 
10 4000 5 2.1e-05 2250 0.046 0.031106 4.7534 4.4031 0.28978 0.060523 
10 4000 5 2.1e-05 2500 0.022 0.0082816 4.5961 4.4034 0.13272 0.059915 
10 4000 5 2.1e-05 2750 0.016 0.0042286 4.5827 4.4135 0.10531 0.063799 
10 4000 5 2.1e-05 3000 0.008 0.0011592 4.5095 4.3995 0.05004 0.059881 
10 4000 5 2.1e-05 4000 0 0 4.4736 4.4132 2.7966e-05 0.060294 
10 5000 5 2.1e-05 100 1 0 807.63 11.18 796.21 0.24119 
10 5000 5 2.1e-05 125 0.968 0.014873 594.03 5.9413 587.88 0.21062 
10 5000 5 2.1e-05 150 0.93 0.039286 291.69 5.8859 285.64 0.16312 
10 5000 5 2.1e-05 175 0.916 0.054841 128.48 5.8636 122.48 0.13388 
10 5000 5 2.1e-05 200 0.914 0.058371 72.076 5.8711 66.08 0.12403 
10 5000 5 2.1e-05 225 0.908 0.05871 49.04 5.8683 43.048 0.12412 
10 5000 5 2.1e-05 250 0.878 0.069098 39.012 5.8036 33.085 0.12371 
10 5000 5 2.1e-05 275 0.872 0.072669 33.754 5.8411 27.798 0.11483 
10 5000 5 2.1e-05 300 0.852 0.080098 30.078 5.8669 24.085 0.12548 
10 5000 5 2.1e-05 350 0.834 0.083106 24.565 5.7803 18.67 0.11429 
10 5000 5 2.1e-05 400 0.808 0.09422 22.443 5.8061 16.513 0.12399 
10 5000 5 2.1e-05 450 0.776 0.10758 20.18 5.8472 14.217 0.11497 
10 5000 5 2.1e-05 500 0.762 0.11873 19.086 5.7854 13.184 0.11554 
10 5000 5 2.1e-05 550 0.742 0.12902 18.301 5.8158 12.361 0.12409 
10 5000 5 2.1e-05 600 0.716 0.14015 16.965 5.8315 11.019 0.11498 
10 5000 5 2.1e-05 650 0.712 0.13985 16.205 5.7783 10.313 0.11447 
10 5000 5 2.1e-05 700 0.698 0.14428 15.659 5.7897 9.7446 0.12491 
10 5000 5 2.1e-05 750 0.682 0.15171 14.309 5.8669 8.3274 0.11428 
10 5000 5 2.1e-05 800 0.654 0.16213 13.48 5.7901 7.5754 0.11446 
10 5000 5 2.1e-05 850 0.622 0.16134 12.72 5.7835 6.8214 0.11468 
10 5000 5 2.1e-05 900 0.592 0.16728 12.472 5.8051 6.5429 0.12421 
10 5000 5 2.1e-05 950 0.56 0.16898 11.842 5.8435 5.8833 0.11509 
10 5000 5 2.1e-05 1000 0.53 0.17561 11.464 5.7841 5.565 0.11502 
10 5000 5 2.1e-05 1100 0.468 0.17242 10.947 5.79 5.0419 0.11522 
10 5000 5 2.1e-05 1200 0.42 0.16694 10.427 5.8549 4.4468 0.12469 
10 5000 5 2.1e-05 1300 0.38 0.16327 9.7 5.7934 3.7918 0.11464 
10 5000 5 2.1e-05 1400 0.34 0.15592 9.2999 5.7821 3.4032 0.11448 
10 5000 5 2.1e-05 1500 0.304 0.151 8.9582 5.7834 3.0502 0.12448 
10 5000 5 2.1e-05 1600 0.276 0.13574 8.6199 5.8688 2.6364 0.11453 
10 5000 5 2.1e-05 1700 0.244 0.11721 8.1681 5.7793 2.2743 0.1144 
10 5000 5 2.1e-05 1800 0.204 0.098759 7.7177 5.789 1.8144 0.11427 
10 5000 5 2.1e-05 1900 0.168 0.083445 7.502 5.8054 1.5722 0.12436 
10 5000 5 2.1e-05 2000 0.14 0.075102 7.2615 5.8436 1.3033 0.11439 
10 5000 5 2.1e-05 2250 0.092 0.057078 6.7871 5.7956 0.8682 0.12325 
10 5000 5 2.1e-05 2500 0.07 0.048265 6.5321 5.87 0.54659 0.11537 
10 5000 5 2.1e-05 2750 0.048 0.033567 6.1932 5.7779 0.30081 0.11433 
10 5000 5 2.1e-05 3000 0.03 0.016429 6.1132 5.8068 0.18229 0.12404 
10 5000 5 2.1e-05 4000 0.002 0.0002 5.984 5.8565 0.012708 0.1148 
10 5000 5 2.1e-05 5000 0 0 5.9553 5.8307 3.3707e-05 0.12453 
10 6000 5 2.1e-05 100 1 0 831.13 6.6193 824.35 0.15837 
10 6000 5 2.1e-05 125 0.998 0.0002 756.89 6.622 750.12 0.15237 
10 6000 5 2.1e-05 150 0.974 0.010127 575.54 6.6812 568.72 0.13799 
10 6000 5 2.1e-05 175 0.95 0.029082 324 6.7041 317.18 0.11551 
10 6000 5 2.1e-05 200 0.924 0.043902 160.32 6.674 153.54 0.10532 
10 6000 5 2.1e-05 225 0.912 0.058629 90.525 6.6997 83.725 0.10074 
10 6000 5 2.1e-05 250 0.908 0.05871 60.093 6.7029 53.293 0.096335 
10 6000 5 2.1e-05 275 0.89 0.071531 46.114 6.7002 39.322 0.09157 
10 6000 5 2.1e-05 300 0.882 0.07171 38.737 6.709 31.931 0.095971 
10 6000 5 2.1e-05 350 0.862 0.073833 31.258 6.686 24.48 0.091876 
10 6000 5 2.1e-05 400 0.832 0.085894 26.694 6.6191 19.979 0.096452 
10 6000 5 2.1e-05 450 0.818 0.087629 23.651 6.6107 16.949 0.091654 
10 6000 5 2.1e-05 500 0.802 0.095302 21.89 6.6183 15.176 0.096317 
10 6000 5 2.1e-05 550 0.776 0.11247 20.563 6.6102 13.862 0.091103 
10 6000 5 2.1e-05 600 0.76 0.11633 19.455 6.6101 12.753 0.091408 
10 6000 5 2.1e-05 650 0.74 0.12776 18.551 6.6211 11.833 0.096266 
10 6000 5 2.1e-05 700 0.732 0.13038 17.901 6.6099 11.199 0.091684 
10 6000 5 2.1e-05 750 0.716 0.13933 17.22 6.6043 10.524 0.091483 
10 6000 5 2.1e-05 800 0.706 0.14262 16.553 6.6073 9.8495 0.095812 
10 6000 5 2.1e-05 850 0.692 0.14647 15.607 6.6211 8.8942 0.091692 
10 6000 5 2.1e-05 900 0.678 0.15196 14.892 6.6069 8.1929 0.092403 
10 6000 5 2.1e-05 950 0.658 0.1584 14.268 6.6375 7.5387 0.091868 
10 6000 5 2.1e-05 1000 0.634 0.16474 13.673 6.6111 6.9658 0.096423 
10 6000 5 2.1e-05 1100 0.59 0.16827 12.826 6.609 6.1258 0.091469 
10 6000 5 2.1e-05 1200 0.532 0.1712 12.21 6.6119 5.5061 0.092141 
10 6000 5 2.1e-05 1300 0.492 0.17463 11.834 6.61 5.1277 0.095954 
10 6000 5 2.1e-05 1400 0.434 0.17045 11.226 6.607 4.5275 0.091117 
10 6000 5 2.1e-05 1500 0.394 0.16425 10.72 6.6192 4.0093 0.091369 
10 6000 5 2.1e-05 1600 0.362 0.16404 10.301 6.6084 3.6008 0.092129 
10 6000 5 2.1e-05 1700 0.322 0.1544 9.9176 6.6085 3.2131 0.095963 
10 6000 5 2.1e-05 1800 0.294 0.14466 9.5875 6.6114 2.8841 0.091857 
10 6000 5 2.1e-05 1900 0.276 0.13533 9.3335 6.609 2.6331 0.091223 
10 6000 5 2.1e-05 2000 0.252 0.12296 9.0762 6.6078 2.3721 0.09607 
10 6000 5 2.1e-05 2250 0.174 0.087678 8.2621 6.616 1.5542 0.09171 
10 6000 5 2.1e-05 2500 0.122 0.066241 7.8046 6.6084 1.1007 0.095505 
10 6000 5 2.1e-05 2750 0.092 0.059118 7.5202 6.6069 0.82165 0.091635 
10 6000 5 2.1e-05 3000 0.07 0.047857 7.2332 6.6089 0.53235 0.091889 
10 6000 5 2.1e-05 4000 0.016 0.0042286 6.805 6.6126 0.096092 0.096266 
10 6000 5 2.1e-05 5000 0.002 0.0002 6.7216 6.612 0.013044 0.096401 
10 6000 5 2.1e-05 6000 0 0 6.6998 6.6081 4.7435e-05 0.091501 
10 7000 5 2.1e-05 100 1 0 858.57 9.5437 848.85 0.17573 
10 7000 5 2.1e-05 125 1 0 828.25 7.7503 820.33 0.17212 
10 7000 5 2.1e-05 150 1 0 751.59 7.7504 743.67 0.16716 
10 7000 5 2.1e-05 175 0.974 0.012167 586.42 7.8245 578.45 0.15156 
10 7000 5 2.1e-05 200 0.946 0.031106 362.23 7.8278 354.28 0.13103 
10 7000 5 2.1e-05 225 0.92 0.04898 195 7.8038 187.08 0.11313 
10 7000 5 2.1e-05 250 0.914 0.058371 113.38 7.8434 105.43 0.10755 
10 7000 5 2.1e-05 275 0.912 0.058629 74.688 7.8466 66.739 0.10217 
10 7000 5 2.1e-05 300 0.904 0.059167 56.453 7.7895 48.561 0.10231 
10 7000 5 2.1e-05 350 0.878 0.072363 39.993 7.7389 32.151 0.10311 
10 7000 5 2.1e-05 400 0.86 0.074286 33.553 7.749 25.708 0.09655 
10 7000 5 2.1e-05 450 0.838 0.084445 29.287 7.7287 21.455 0.103 
10 7000 5 2.1e-05 500 0.828 0.086139 26.135 7.7355 18.303 0.09688 
10 7000 5 2.1e-05 550 0.814 0.089392 24.158 7.7235 16.332 0.10241 
10 7000 5 2.1e-05 600 0.79 0.10337 22.623 7.7359 14.79 0.096764 
10 7000 5 2.1e-05 650 0.78 0.10939 21.767 7.7265 13.944 0.096955 
10 7000 5 2.1e-05 700 0.756 0.12292 20.917 7.7399 13.075 0.10202 
10 7000 5 2.1e-05 750 0.742 0.12616 20.062 7.7154 12.25 0.096926 
10 7000 5 2.1e-05 800 0.736 0.13133 19.536 7.723 11.711 0.10261 
10 7000 5 2.1e-05 850 0.72 0.13918 18.771 7.7373 10.937 0.097098 
10 7000 5 2.1e-05 900 0.712 0.13985 18.109 7.7094 10.303 0.096292 
10 7000 5 2.1e-05 950 0.704 0.14366 17.573 7.7223 9.7479 0.10236 
10 7000 5 2.1e-05 1000 0.69 0.14827 16.799 7.7386 8.9631 0.09764 
10 7000 5 2.1e-05 1100 0.662 0.15832 15.463 7.7137 7.6525 0.096353 
10 7000 5 2.1e-05 1200 0.63 0.16378 14.561 7.7321 6.7317 0.097343 
10 7000 5 2.1e-05 1300 0.588 0.16802 14.035 7.7296 6.2029 0.10223 
10 7000 5 2.1e-05 1400 0.536 0.17419 13.445 7.7289 5.6195 0.096705 
10 7000 5 2.1e-05 1500 0.492 0.1734 12.947 7.7128 5.1367 0.097158 
10 7000 5 2.1e-05 1600 0.444 0.17027 12.541 7.7266 4.7118 0.10252 
10 7000 5 2.1e-05 1700 0.418 0.16967 12.126 7.7366 4.2928 0.09662 
10 7000 5 2.1e-05 1800 0.388 0.16434 11.669 7.7177 3.8534 0.097402 
10 7000 5 2.1e-05 1900 0.36 0.16204 11.498 7.7719 3.6225 0.10305 
10 7000 5 2.1e-05 2000 0.328 0.15757 11.049 7.7386 3.2127 0.09715 
10 7000 5 2.1e-05 2250 0.274 0.1338 10.421 7.7273 2.5964 0.097071 
10 7000 5 2.1e-05 2500 0.208 0.10157 9.7403 7.7262 1.911 0.10302 
10 7000 5 2.1e-05 2750 0.148 0.076833 9.205 7.74 1.3682 0.096785 
10 7000 5 2.1e-05 3000 0.106 0.06629 8.7768 7.7395 0.93512 0.10205 
10 7000 5 2.1e-05 4000 0.042 0.027384 8.0895 7.7416 0.25111 0.096752 
10 7000 5 2.1e-05 5000 0.016 0.0042286 7.9311 7.7339 0.09431 0.10291 
10 7000 5 2.1e-05 6000 0.002 0.0002 7.8744 7.7586 0.012866 0.10292 
10 7000 5 2.1e-05 7000 0 0 7.8398 7.7424 2.4971e-05 0.097209 
10 8000 5 2.1e-05 100 1 0 860.51 8.7789 851.52 0.20721 
10 8000 5 2.1e-05 125 1 0 848.8 8.8279 839.76 0.20322 
10 8000 5 2.1e-05 150 1 0 813.72 8.872 804.65 0.20254 
10 8000 5 2.1e-05 175 0.994 0.0018 736.31 8.7901 727.33 0.19641 
10 8000 5 2.1e-05 200 0.968 0.013241 585.81 8.7693 576.87 0.17413 
10 8000 5 2.1e-05 225 0.952 0.028669 387.4 8.7726 378.46 0.1597 
10 8000 5 2.1e-05 250 0.93 0.04051 224.66 8.7704 215.75 0.14082 
10 8000 5 2.1e-05 275 0.914 0.058371 136.08 8.7633 127.18 0.1284 
10 8000 5 2.1e-05 300 0.914 0.058371 92.076 8.7713 83.176 0.12869 
10 8000 5 2.1e-05 350 0.902 0.058976 54.262 8.7634 45.377 0.12177 
10 8000 5 2.1e-05 400 0.88 0.071429 40.982 8.7623 32.104 0.11564 
10 8000 5 2.1e-05 450 0.864 0.07378 34.919 8.7639 26.033 0.12241 
10 8000 5 2.1e-05 500 0.84 0.082857 30.927 8.7675 22.043 0.11599 
10 8000 5 2.1e-05 550 0.83 0.085816 28.126 8.7628 19.241 0.12197 
10 8000 5 2.1e-05 600 0.824 0.085535 26.04 8.7637 17.16 0.11665 
10 8000 5 2.1e-05 650 0.81 0.090306 24.428 8.7744 15.531 0.12244 
10 8000 5 2.1e-05 700 0.786 0.10531 23.394 8.7606 14.517 0.1158 
10 8000 5 2.1e-05 750 0.772 0.11308 22.615 8.7732 13.72 0.12218 
10 8000 5 2.1e-05 800 0.76 0.11633 21.914 8.7627 13.035 0.11633 
10 8000 5 2.1e-05 850 0.744 0.12415 21.148 8.7607 12.271 0.11584 
10 8000 5 2.1e-05 900 0.736 0.1297 20.594 8.7671 11.703 0.12353 
10 8000 5 2.1e-05 950 0.73 0.1299 20.219 8.7628 11.34 0.11612 
10 8000 5 2.1e-05 1000 0.722 0.13767 19.639 8.7614 10.761 0.11619 
10 8000 5 2.1e-05 1100 0.698 0.1451 18.346 8.7759 9.4476 0.12269 
10 8000 5 2.1e-05 1200 0.682 0.15049 17.222 8.7622 8.344 0.11578 
10 8000 5 2.1e-05 1300 0.654 0.15804 16.173 8.7596 7.2977 0.11558 
10 8000 5 2.1e-05 1400 0.62 0.16531 15.476 8.7659 6.587 0.12242 
10 8000 5 2.1e-05 1500 0.578 0.1691 14.945 8.7612 6.0675 0.11602 
10 8000 5 2.1e-05 1600 0.532 0.1761 14.467 8.7645 5.5863 0.11597 
10 8000 5 2.1e-05 1700 0.496 0.17223 14.028 8.7639 5.1417 0.1226 
10 8000 5 2.1e-05 1800 0.46 0.17143 13.683 8.7663 4.8012 0.11556 
10 8000 5 2.1e-05 1900 0.424 0.17166 13.335 8.7614 4.4575 0.11605 
10 8000 5 2.1e-05 2000 0.4 0.16898 12.969 8.7865 4.0602 0.12273 
10 8000 5 2.1e-05 2250 0.334 0.15821 12.215 8.7625 3.3365 0.11564 
10 8000 5 2.1e-05 2500 0.282 0.13824 11.628 8.762 2.743 0.12269 
10 8000 5 2.1e-05 2750 0.226 0.10931 11.035 8.7628 2.1559 0.11637 
10 8000 5 2.1e-05 3000 0.17 0.083367 10.461 8.7607 1.5796 0.12107 
10 8000 5 2.1e-05 4000 0.072 0.051445 9.4656 8.7743 0.57358 0.1177 
10 8000 5 2.1e-05 5000 0.022 0.0082816 9.0205 8.7655 0.13295 0.12204 
10 8000 5 2.1e-05 6000 0.008 0.0011592 8.9301 8.7639 0.05033 0.11579 
10 8000 5 2.1e-05 7000 0.002 0.0002 8.9015 8.766 0.012939 0.12244 
10 8000 5 2.1e-05 8000 0 0 8.8878 8.7634 4.4494e-05 0.1243 
10 9000 5 2.1e-05 100 1 0 867.57 9.8855 857.45 0.2337 
10 9000 5 2.1e-05 125 1 0 864.99 9.8884 854.86 0.23556 
10 9000 5 2.1e-05 150 1 0 846.73 9.8747 836.63 0.22868 
10 9000 5 2.1e-05 175 1 0 808.73 9.868 798.64 0.22107 
10 9000 5 2.1e-05 200 0.994 0.00098367 729.54 9.8976 719.42 0.2196 
10 9000 5 2.1e-05 225 0.964 0.022351 590.44 9.9834 580.26 0.20023 
10 9000 5 2.1e-05 250 0.954 0.028657 411.37 9.9512 401.25 0.17717 
10 9000 5 2.1e-05 275 0.928 0.039608 255.18 10.003 245.03 0.15602 
10 9000 5 2.1e-05 300 0.914 0.058371 159.17 9.9193 149.11 0.14768 
10 9000 5 2.1e-05 350 0.914 0.058371 79.973 9.8667 69.973 0.13282 
10 9000 5 2.1e-05 400 0.902 0.061833 52.607 9.874 42.601 0.13246 
10 9000 5 2.1e-05 450 0.876 0.072065 41.882 9.86 31.89 0.13216 
10 9000 5 2.1e-05 500 0.872 0.072669 36.864 9.8539 26.885 0.12507 
10 9000 5 2.1e-05 550 0.85 0.079286 32.793 9.8591 22.801 0.13258 
10 9000 5 2.1e-05 600 0.834 0.085147 30.109 9.8568 20.127 0.12493 
10 9000 5 2.1e-05 650 0.828 0.086139 27.963 9.8564 17.974 0.13298 
10 9000 5 2.1e-05 700 0.812 0.089241 26.307 9.8543 16.328 0.12504 
10 9000 5 2.1e-05 750 0.798 0.097343 25.161 9.8594 15.169 0.13202 
10 9000 5 2.1e-05 800 0.782 0.10681 24.372 9.8497 14.396 0.1259 
10 9000 5 2.1e-05 850 0.768 0.11447 23.564 9.8593 13.579 0.12506 
10 9000 5 2.1e-05 900 0.758 0.1184 23.114 9.8584 13.123 0.13229 
10 9000 5 2.1e-05 950 0.748 0.12214 22.301 9.85 12.326 0.12472 
10 9000 5 2.1e-05 1000 0.74 0.12898 21.94 9.8614 11.946 0.13288 
10 9000 5 2.1e-05 1100 0.718 0.14028 20.805 9.8524 10.827 0.12565 
10 9000 5 2.1e-05 1200 0.702 0.14265 19.817 9.8536 9.8384 0.12471 
10 9000 5 2.1e-05 1300 0.694 0.14751 18.859 9.8653 8.8611 0.13232 
10 9000 5 2.1e-05 1400 0.672 0.15349 17.892 9.8546 7.9122 0.12509 
10 9000 5 2.1e-05 1500 0.636 0.16276 17.002 9.8491 7.0274 0.12496 
10 9000 5 2.1e-05 1600 0.6 0.16653 16.427 9.8643 6.4301 0.13253 
10 9000 5 2.1e-05 1700 0.568 0.16916 15.928 9.8515 5.9507 0.12521 
10 9000 5 2.1e-05 1800 0.536 0.17378 15.571 9.8538 5.5918 0.1248 
10 9000 5 2.1e-05 1900 0.496 0.17345 15.288 9.8592 5.2957 0.13318 
10 9000 5 2.1e-05 2000 0.462 0.17179 14.864 9.8588 4.8794 0.12559 
10 9000 5 2.1e-05 2250 0.396 0.16243 14.094 9.8595 4.1021 0.13224 
10 9000 5 2.1e-05 2500 0.35 0.1601 13.453 9.8505 3.4782 0.12472 
10 9000 5 2.1e-05 2750 0.292 0.14483 12.859 9.8563 2.8779 0.12504 
10 9000 5 2.1e-05 3000 0.252 0.12214 12.43 9.8621 2.4348 0.13258 
10 9000 5 2.1e-05 4000 0.096 0.059576 10.852 9.8629 0.8636 0.12503 
10 9000 5 2.1e-05 5000 0.048 0.033567 10.295 9.864 0.29783 0.13315 
10 9000 5 2.1e-05 6000 0.016 0.0042286 10.091 9.8547 0.10354 0.13275 
10 9000 5 2.1e-05 7000 0.002 0.0002 10.012 9.8662 0.012888 0.13242 
10 9000 5 2.1e-05 8000 0 0 10.001 9.8674 4.6187e-05 0.13342 
10 9000 5 2.1e-05 9000 0 0 10 9.8586 4.821e-05 0.14168 
10 10000 5 2.1e-05 100 1 0 811.81 11.028 800.51 0.27127 
10 10000 5 2.1e-05 125 1 0 809.65 11.027 798.36 0.26048 
10 10000 5 2.1e-05 150 1 0 803.17 11.035 791.86 0.26896 
10 10000 5 2.1e-05 175 1 0 782.84 10.95 771.63 0.25945 
10 10000 5 2.1e-05 200 0.996 0.0008 743.67 10.889 732.52 0.25465 
10 10000 5 2.1e-05 225 0.99 0.0033673 668.68 10.66 657.79 0.23299 
10 10000 5 2.1e-05 250 0.968 0.013241 549.23 10.657 538.36 0.21768 
10 10000 5 2.1e-05 275 0.952 0.028669 397.48 10.652 386.62 0.20078 
10 10000 5 2.1e-05 300 0.942 0.034731 261.83 10.658 250.99 0.17793 
10 10000 5 2.1e-05 350 0.914 0.058371 116.63 10.65 105.82 0.16227 
10 10000 5 2.1e-05 400 0.91 0.058469 68.776 10.682 57.94 0.15438 
10 10000 5 2.1e-05 450 0.896 0.068555 49.094 10.644 38.295 0.1544 
10 10000 5 2.1e-05 500 0.886 0.071024 40.402 10.651 29.596 0.15456 
10 10000 5 2.1e-05 550 0.872 0.072669 35.927 10.649 25.125 0.15243 
10 10000 5 2.1e-05 600 0.856 0.075576 32.762 10.642 21.972 0.1474 
10 10000 5 2.1e-05 650 0.834 0.081882 30.167 10.644 19.369 0.15435 
10 10000 5 2.1e-05 700 0.83 0.085816 28.273 10.643 17.484 0.1461 
10 10000 5 2.1e-05 750 0.824 0.086351 26.509 10.65 15.713 0.14585 
10 10000 5 2.1e-05 800 0.806 0.094453 25.348 10.652 14.541 0.15436 
10 10000 5 2.1e-05 850 0.79 0.10337 24.531 10.638 13.747 0.14566 
10 10000 5 2.1e-05 900 0.784 0.10668 24.027 10.645 13.228 0.15392 
10 10000 5 2.1e-05 950 0.774 0.11176 23.437 10.642 12.648 0.14649 
10 10000 5 2.1e-05 1000 0.762 0.1171 22.901 10.648 12.098 0.15397 
10 10000 5 2.1e-05 1100 0.734 0.13086 21.737 10.641 10.95 0.14593 
10 10000 5 2.1e-05 1200 0.72 0.14122 20.953 10.642 10.165 0.14653 
10 10000 5 2.1e-05 1300 0.706 0.14425 20.318 10.65 9.5139 0.15347 
10 10000 5 2.1e-05 1400 0.698 0.14551 19.197 10.643 8.4078 0.14623 
10 10000 5 2.1e-05 1500 0.682 0.15089 18.417 10.65 7.6204 0.14621 
10 10000 5 2.1e-05 1600 0.656 0.15966 17.707 10.644 6.9089 0.154 
10 10000 5 2.1e-05 1700 0.626 0.16768 17.036 10.645 6.2443 0.14699 
10 10000 5 2.1e-05 1800 0.6 0.16939 16.642 10.64 5.8562 0.1458 
10 10000 5 2.1e-05 1900 0.57 0.17357 16.293 10.646 5.4917 0.15478 
10 10000 5 2.1e-05 2000 0.542 0.17514 15.922 10.645 5.1305 0.14607 
10 10000 5 2.1e-05 2250 0.45 0.16459 15.14 10.646 4.3402 0.15362 
10 10000 5 2.1e-05 2500 0.398 0.16306 14.492 10.645 3.701 0.14618 
10 10000 5 2.1e-05 2750 0.35 0.15969 13.919 10.642 3.1308 0.14582 
10 10000 5 2.1e-05 3000 0.296 0.14937 13.461 10.646 2.6609 0.15385 
10 10000 5 2.1e-05 4000 0.138 0.075057 11.95 10.646 1.1574 0.14564 
10 10000 5 2.1e-05 5000 0.068 0.045894 11.267 10.648 0.46411 0.15467 
10 10000 5 2.1e-05 6000 0.028 0.013486 10.96 10.651 0.15462 0.15447 
10 10000 5 2.1e-05 7000 0.016 0.0042286 10.891 10.648 0.089222 0.15388 
10 10000 5 2.1e-05 8000 0.002 0.0002 10.818 10.649 0.014249 0.15474 
10 10000 5 2.1e-05 9000 0 0 10.808 10.653 2.5066e-05 0.15434 
10 10000 5 2.1e-05 10000 0 0 10.801 10.647 2.5251e-05 0.15432 
10 12500 5 2.1e-05 100 1 0 885.22 13.329 871.58 0.30874 
10 12500 5 2.1e-05 125 1 0 831.16 13.39 817.48 0.2957 
10 12500 5 2.1e-05 150 1 0 774.19 13.336 760.57 0.28597 
10 12500 5 2.1e-05 175 1 0 771.78 13.335 758.16 0.28554 
10 12500 5 2.1e-05 200 1 0 763.46 13.326 749.85 0.28559 
10 12500 5 2.1e-05 225 1 0 745.92 13.324 732.31 0.27936 
10 12500 5 2.1e-05 250 1 0 714.77 13.328 701.16 0.27833 
10 12500 5 2.1e-05 275 1 0 663.76 13.324 650.17 0.26964 
10 12500 5 2.1e-05 300 0.986 0.0024531 585.05 13.317 571.47 0.26064 
10 12500 5 2.1e-05 350 0.944 0.032718 355.72 13.315 342.18 0.22536 
10 12500 5 2.1e-05 400 0.918 0.05171 176.86 13.316 163.34 0.19963 
10 12500 5 2.1e-05 450 0.914 0.058371 101.97 13.312 88.472 0.18921 
10 12500 5 2.1e-05 500 0.914 0.058371 69.096 13.313 55.601 0.18165 
10 12500 5 2.1e-05 550 0.904 0.059167 52.263 13.305 38.777 0.18089 
10 12500 5 2.1e-05 600 0.886 0.068984 44.518 13.312 31.025 0.18063 
10 12500 5 2.1e-05 650 0.876 0.072065 39.826 13.304 26.35 0.17172 
10 12500 5 2.1e-05 700 0.868 0.073241 37.111 13.309 23.621 0.18029 
10 12500 5 2.1e-05 750 0.854 0.078045 34.666 13.308 21.177 0.18109 
10 12500 5 2.1e-05 800 0.84 0.083673 32.583 13.298 19.112 0.17209 
10 12500 5 2.1e-05 850 0.83 0.085816 30.806 13.309 17.316 0.18162 
10 12500 5 2.1e-05 900 0.828 0.086139 29.365 13.308 15.885 0.17207 
10 12500 5 2.1e-05 950 0.82 0.087347 28.407 13.314 14.912 0.18107 
10 12500 5 2.1e-05 1000 0.804 0.092229 27.441 13.309 13.96 0.17161 
10 12500 5 2.1e-05 1100 0.784 0.10668 26.362 13.306 12.875 0.18115 
10 12500 5 2.1e-05 1200 0.768 0.11447 25.417 13.311 11.933 0.17223 
10 12500 5 2.1e-05 1300 0.748 0.125 24.525 13.3 11.053 0.17247 
10 12500 5 2.1e-05 1400 0.736 0.13133 23.903 13.314 10.409 0.18077 
10 12500 5 2.1e-05 1500 0.724 0.13492 23.313 13.303 9.838 0.1714 
10 12500 5 2.1e-05 1600 0.714 0.14164 22.967 13.489 9.2946 0.18305 
10 12500 5 2.1e-05 1700 0.702 0.14551 22.073 13.373 8.5285 0.17155 
10 12500 5 2.1e-05 1800 0.692 0.14647 21.33 13.307 7.8418 0.18074 
10 12500 5 2.1e-05 1900 0.672 0.15185 21.671 13.955 7.5344 0.18062 
10 12500 5 2.1e-05 2000 0.652 0.15969 20.526 13.801 6.5489 0.17566 
10 12500 5 2.1e-05 2250 0.6 0.16939 20.727 14.457 6.0759 0.19363 
10 12500 5 2.1e-05 2500 0.538 0.17587 19.804 14.264 5.3539 0.18542 
10 12500 5 2.1e-05 2750 0.476 0.17002 19.192 14.261 4.7361 0.19477 
10 12500 5 2.1e-05 3000 0.422 0.16991 18.655 14.333 4.1376 0.18436 
10 12500 5 2.1e-05 4000 0.274 0.13298 16.895 14.205 2.4948 0.19498 
10 12500 5 2.1e-05 5000 0.136 0.075412 15.005 13.706 1.1227 0.17608 
10 12500 5 2.1e-05 6000 0.076 0.053698 14.147 13.389 0.57744 0.18106 
10 12500 5 2.1e-05 7000 0.046 0.031106 13.783 13.345 0.25739 0.18059 
10 12500 5 2.1e-05 8000 0.018 0.0051796 13.848 13.541 0.11574 0.19173 
10 12500 5 2.1e-05 9000 0.016 0.0042286 15.282 14.979 0.10618 0.19701 
10 12500 5 2.1e-05 10000 0.002 0.0002 15.495 15.271 0.015834 0.20773 
10 12500 5 2.1e-05 12500 0 0 14.705 14.504 2.6597e-05 0.20055 
10 15000 5 2.1e-05 100 1 0 803.17 26.058 776.72 0.39607 
10 15000 5 2.1e-05 125 1 0 792.09 16.304 775.43 0.35676 
10 15000 5 2.1e-05 150 1 0 791.48 16.3 774.83 0.34833 
10 15000 5 2.1e-05 175 1 0 790.29 16.295 773.64 0.34848 
10 15000 5 2.1e-05 200 1 0 787.3 16.321 770.63 0.34764 
10 15000 5 2.1e-05 225 1 0 780.84 16.309 764.17 0.35687 
10 15000 5 2.1e-05 250 1 0 771.62 16.313 754.96 0.34801 
10 15000 5 2.1e-05 275 1 0 755 16.312 738.35 0.33828 
10 15000 5 2.1e-05 300 1 0 727.43 16.307 710.78 0.34697 
10 15000 5 2.1e-05 350 0.996 0.00039184 625.06 16.307 608.44 0.31554 
10 15000 5 2.1e-05 400 0.962 0.024853 446.19 16.301 429.6 0.29159 
10 15000 5 2.1e-05 450 0.942 0.033914 257.29 16.305 240.74 0.24492 
10 15000 5 2.1e-05 500 0.914 0.058371 147.4 16.299 130.87 0.23062 
10 15000 5 2.1e-05 550 0.914 0.058371 98.029 16.291 81.526 0.21218 
10 15000 5 2.1e-05 600 0.912 0.058629 71.719 16.305 55.204 0.20922 
10 15000 5 2.1e-05 650 0.902 0.061833 57.587 16.304 41.075 0.20842 
10 15000 5 2.1e-05 700 0.89 0.071122 50.083 16.293 33.581 0.20886 
10 15000 5 2.1e-05 750 0.88 0.071429 45.35 16.277 28.865 0.20865 
10 15000 5 2.1e-05 800 0.872 0.072669 42.394 16.28 25.903 0.21004 
10 15000 5 2.1e-05 850 0.858 0.075139 39.981 16.293 23.49 0.19792 
10 15000 5 2.1e-05 900 0.844 0.083331 37.826 16.269 21.348 0.20932 
10 15000 5 2.1e-05 950 0.836 0.083984 36.048 16.281 19.57 0.19695 
10 15000 5 2.1e-05 1000 0.83 0.085816 34.547 16.299 18.038 0.20965 
10 15000 5 2.1e-05 1100 0.828 0.086955 32.154 16.246 15.697 0.20992 
10 15000 5 2.1e-05 1200 0.808 0.092588 30.69 16.31 14.183 0.19761 
10 15000 5 2.1e-05 1300 0.788 0.10353 29.708 16.245 13.253 0.20893 
10 15000 5 2.1e-05 1400 0.768 0.11691 28.894 16.299 12.397 0.19727 
10 15000 5 2.1e-05 1500 0.762 0.11751 28.182 16.259 11.714 0.20876 
10 15000 5 2.1e-05 1600 0.742 0.12738 27.439 16.298 10.943 0.19725 
10 15000 5 2.1e-05 1700 0.736 0.1297 27.004 16.239 10.553 0.21083 
10 15000 5 2.1e-05 1800 0.722 0.13685 26.459 16.299 9.9631 0.19685 
10 15000 5 2.1e-05 1900 0.714 0.14041 25.935 16.248 9.4776 0.20895 
10 15000 5 2.1e-05 2000 0.704 0.14611 25.392 16.294 8.9008 0.19717 
10 15000 5 2.1e-05 2250 0.68 0.1498 23.905 16.245 7.449 0.21023 
10 15000 5 2.1e-05 2500 0.638 0.16159 22.762 16.297 6.2676 0.19733 
10 15000 5 2.1e-05 2750 0.592 0.16728 22.003 16.247 5.549 0.2072 
10 15000 5 2.1e-05 3000 0.536 0.17256 21.515 16.294 5.0208 0.1996 
10 15000 5 2.1e-05 4000 0.364 0.16113 19.754 16.262 3.2825 0.20915 
10 15000 5 2.1e-05 5000 0.25 0.12255 18.642 16.298 2.147 0.19691 
10 15000 5 2.1e-05 6000 0.138 0.075873 17.618 16.254 1.1544 0.21024 
10 15000 5 2.1e-05 7000 0.084 0.056065 17.212 16.307 0.69626 0.20904 
10 15000 5 2.1e-05 8000 0.056 0.041698 16.865 16.314 0.32906 0.2216 
10 15000 5 2.1e-05 9000 0.028 0.013486 16.688 16.304 0.16429 0.21976 
10 15000 5 2.1e-05 10000 0.016 0.0042286 16.608 16.313 0.083893 0.21154 
10 15000 5 2.1e-05 12500 0.002 0.0002 16.552 16.319 0.010371 0.22274 
10 15000 5 2.1e-05 15000 0 0 16.528 16.307 2.8325e-05 0.22059 
10 17500 5 2.1e-05 100 1 0 875.66 18.644 856.59 0.42546 
10 17500 5 2.1e-05 125 1 0 875.53 18.649 856.45 0.42642 
10 17500 5 2.1e-05 150 1 0 872.9 18.631 853.84 0.42352 
10 17500 5 2.1e-05 175 1 0 872.87 18.638 853.82 0.41538 
10 17500 5 2.1e-05 200 1 0 871.79 18.642 852.72 0.42557 
10 17500 5 2.1e-05 225 1 0 863.94 18.676 844.84 0.42493 
10 17500 5 2.1e-05 250 1 0 864.98 18.64 845.92 0.41665 
10 17500 5 2.1e-05 275 1 0 857.82 18.651 838.75 0.42375 
10 17500 5 2.1e-05 300 1 0 846.05 18.661 826.97 0.41394 
10 17500 5 2.1e-05 350 1 0 801.58 18.631 782.55 0.40069 
10 17500 5 2.1e-05 400 0.994 0.00098367 713.39 18.628 694.37 0.38707 
10 17500 5 2.1e-05 450 0.962 0.024853 554.65 18.646 535.64 0.36253 
10 17500 5 2.1e-05 500 0.954 0.028657 362.11 18.635 343.16 0.31105 
10 17500 5 2.1e-05 550 0.926 0.041963 218.92 18.639 200 0.2841 
10 17500 5 2.1e-05 600 0.914 0.058371 141.26 18.637 122.37 0.25669 
10 17500 5 2.1e-05 650 0.914 0.058371 102.24 18.627 83.356 0.2556 
10 17500 5 2.1e-05 700 0.914 0.058371 79.829 18.624 60.962 0.24244 
10 17500 5 2.1e-05 750 0.912 0.05822 66.296 18.641 47.413 0.24196 
10 17500 5 2.1e-05 800 0.904 0.060392 57.901 18.624 39.035 0.24201 
10 17500 5 2.1e-05 850 0.886 0.071841 52.651 18.644 33.763 0.24378 
10 17500 5 2.1e-05 900 0.878 0.071547 49.24 18.626 30.372 0.24223 
10 17500 5 2.1e-05 950 0.87 0.072755 46.623 18.631 27.75 0.2426 
10 17500 5 2.1e-05 1000 0.866 0.072902 44.636 18.641 25.765 0.22907 
10 17500 5 2.1e-05 1100 0.84 0.081633 40.766 18.627 21.897 0.24181 
10 17500 5 2.1e-05 1200 0.832 0.083853 38.057 18.624 19.188 0.24427 
10 17500 5 2.1e-05 1300 0.826 0.085637 36.159 18.624 17.306 0.22949 
10 17500 5 2.1e-05 1400 0.804 0.094269 34.515 18.624 15.646 0.24388 
10 17500 5 2.1e-05 1500 0.788 0.10557 33.483 18.622 14.63 0.23046 
10 17500 5 2.1e-05 1600 0.774 0.11298 32.776 18.63 13.903 0.24257 
10 17500 5 2.1e-05 1700 0.766 0.11494 32.154 18.636 13.275 0.24196 
10 17500 5 2.1e-05 1800 0.75 0.125 31.326 18.629 12.467 0.23004 
10 17500 5 2.1e-05 1900 0.738 0.12934 30.8 18.628 11.928 0.24346 
10 17500 5 2.1e-05 2000 0.73 0.13071 30.385 18.621 11.535 0.22856 
10 17500 5 2.1e-05 2250 0.714 0.13919 29.175 18.627 10.306 0.24192 
10 17500 5 2.1e-05 2500 0.69 0.14745 27.627 18.634 8.7632 0.22913 
10 17500 5 2.1e-05 2750 0.664 0.15704 26.457 18.621 7.5934 0.24307 
10 17500 5 2.1e-05 3000 0.622 0.16787 25.527 18.625 6.6707 0.2308 
10 17500 5 2.1e-05 4000 0.442 0.17065 23.453 18.621 4.5885 0.24312 
10 17500 5 2.1e-05 5000 0.318 0.15293 21.976 18.638 3.1087 0.22902 
10 17500 5 2.1e-05 6000 0.238 0.11873 21.082 18.641 2.1979 0.24278 
10 17500 5 2.1e-05 7000 0.136 0.075412 20.134 18.627 1.2508 0.2555 
10 17500 5 2.1e-05 8000 0.088 0.05618 19.683 18.641 0.79516 0.24626 
10 17500 5 2.1e-05 9000 0.066 0.044331 19.346 18.627 0.46148 0.25785 
10 17500 5 2.1e-05 10000 0.038 0.023629 19.131 18.631 0.24273 0.25759 
10 17500 5 2.1e-05 12500 0.016 0.0042286 18.988 18.629 0.10247 0.25607 
10 17500 5 2.1e-05 15000 0.002 0.0002 18.916 18.646 0.014292 0.25592 
10 17500 5 2.1e-05 17500 0 0 18.884 18.627 2.6094e-05 0.25699 
10 20000 5 2.1e-05 100 1 0 883.93 21.284 862.13 0.51162 
10 20000 5 2.1e-05 125 1 0 889.12 21.277 867.33 0.51469 
10 20000 5 2.1e-05 150 1 0 887.59 21.277 865.79 0.52725 
10 20000 5 2.1e-05 175 1 0 887.26 21.274 865.48 0.51405 
10 20000 5 2.1e-05 200 1 0 887.42 21.282 865.63 0.51324 
10 20000 5 2.1e-05 225 1 0 886.68 21.277 864.89 0.51475 
10 20000 5 2.1e-05 250 1 0 885.11 21.276 863.32 0.51505 
10 20000 5 2.1e-05 275 1 0 881.91 21.273 860.13 0.51385 
10 20000 5 2.1e-05 300 1 0 877.86 21.27 856.08 0.51359 
10 20000 5 2.1e-05 350 1 0 852.85 21.274 831.07 0.50378 
10 20000 5 2.1e-05 400 1 0 817.64 21.272 795.86 0.50075 
10 20000 5 2.1e-05 450 0.998 0.0002 741.66 21.275 719.89 0.48617 
10 20000 5 2.1e-05 500 0.98 0.0073469 612.81 21.271 591.1 0.4453 
10 20000 5 2.1e-05 550 0.954 0.028657 442.59 21.268 420.91 0.41208 
10 20000 5 2.1e-05 600 0.928 0.042873 286.13 21.253 264.5 0.36945 
10 20000 5 2.1e-05 650 0.914 0.058371 187.14 21.278 165.52 0.34214 
10 20000 5 2.1e-05 700 0.914 0.058371 132.51 21.249 110.94 0.32527 
10 20000 5 2.1e-05 750 0.914 0.058371 101.52 21.254 79.942 0.32417 
10 20000 5 2.1e-05 800 0.912 0.058629 82.487 21.265 60.912 0.31 
10 20000 5 2.1e-05 850 0.912 0.058629 70.413 21.273 48.831 0.30855 
10 20000 5 2.1e-05 900 0.9 0.063673 62.297 21.28 40.708 0.30958 
10 20000 5 2.1e-05 950 0.886 0.068167 57.134 21.282 35.542 0.30979 
10 20000 5 2.1e-05 1000 0.878 0.071547 53.539 21.266 31.962 0.31057 
10 20000 5 2.1e-05 1100 0.864 0.072963 49.075 21.283 27.481 0.30999 
10 20000 5 2.1e-05 1200 0.848 0.082139 45.374 21.268 23.796 0.31001 
10 20000 5 2.1e-05 1300 0.832 0.083853 42.577 21.272 21.01 0.29503 
10 20000 5 2.1e-05 1400 0.83 0.085816 40.418 21.275 18.834 0.30977 
10 20000 5 2.1e-05 1500 0.82 0.086939 38.844 21.269 17.262 0.31173 
10 20000 5 2.1e-05 1600 0.796 0.098759 37.416 21.269 15.851 0.29527 
10 20000 5 2.1e-05 1700 0.79 0.10459 36.61 21.269 15.031 0.31006 
10 20000 5 2.1e-05 1800 0.778 0.10991 36.034 21.273 14.451 0.31038 
10 20000 5 2.1e-05 1900 0.77 0.11235 35.376 21.275 13.806 0.29572 
10 20000 5 2.1e-05 2000 0.764 0.11745 34.854 21.266 13.278 0.31044 
10 20000 5 2.1e-05 2250 0.736 0.13011 33.468 21.281 11.877 0.30991 
10 20000 5 2.1e-05 2500 0.716 0.14015 32.436 21.265 10.875 0.29582 
10 20000 5 2.1e-05 2750 0.7 0.14612 31.098 21.264 9.5241 0.31024 
10 20000 5 2.1e-05 3000 0.678 0.1491 29.936 21.245 8.3959 0.29496 
10 20000 5 2.1e-05 4000 0.544 0.16945 27.297 21.25 5.7367 0.30987 
10 20000 5 2.1e-05 5000 0.406 0.16262 25.668 21.267 4.0926 0.30895 
10 20000 5 2.1e-05 6000 0.294 0.14425 24.477 21.264 2.9169 0.29593 
10 20000 5 2.1e-05 7000 0.224 0.10513 23.645 21.274 2.0462 0.32434 
10 20000 5 2.1e-05 8000 0.138 0.075873 22.884 21.28 1.2921 0.31214 
10 20000 5 2.1e-05 9000 0.094 0.058943 22.441 21.27 0.84617 0.32406 
10 20000 5 2.1e-05 10000 0.068 0.045894 22.162 21.281 0.55635 0.32474 
10 20000 5 2.1e-05 12500 0.02 0.0065306 21.719 21.267 0.12564 0.32624 
10 20000 5 2.1e-05 15000 0.008 0.0011592 21.67 21.277 0.052954 0.33993 
10 20000 5 2.1e-05 17500 0.002 0.0002 21.612 21.27 0.014236 0.32769 
10 20000 5 2.1e-05 20000 0 0 21.611 21.269 2.6065e-05 0.34176 
10 22500 5 2.1e-05 100 1 0 878 25.312 852.1 0.58975 
10 22500 5 2.1e-05 125 1 0 877.21 24.251 852.38 0.57743 
10 22500 5 2.1e-05 150 1 0 871.95 24.266 847.11 0.57569 
10 22500 5 2.1e-05 175 1 0 877.17 24.262 852.34 0.56516 
10 22500 5 2.1e-05 200 1 0 877.06 24.25 852.23 0.57886 
10 22500 5 2.1e-05 225 1 0 876.69 24.261 851.85 0.57852 
10 22500 5 2.1e-05 250 1 0 873.79 24.261 848.96 0.57634 
10 22500 5 2.1e-05 275 1 0 872.41 24.26 847.57 0.57805 
10 22500 5 2.1e-05 300 1 0 870.53 24.258 845.7 0.5754 
10 22500 5 2.1e-05 350 1 0 857.97 24.285 833.12 0.56376 
10 22500 5 2.1e-05 400 1 0 843.35 24.263 818.52 0.56387 
10 22500 5 2.1e-05 450 1 0 805.38 24.27 780.55 0.56522 
10 22500 5 2.1e-05 500 1 0 743 24.283 718.17 0.54401 
10 22500 5 2.1e-05 550 0.976 0.0071673 635.88 24.277 611.09 0.51595 
10 22500 5 2.1e-05 600 0.956 0.028637 493.32 24.266 468.59 0.46848 
10 22500 5 2.1e-05 650 0.952 0.028669 346.33 24.26 321.63 0.43394 
10 22500 5 2.1e-05 700 0.92 0.049796 234.76 24.267 210.09 0.39822 
10 22500 5 2.1e-05 750 0.914 0.058371 165.62 24.294 140.94 0.3824 
10 22500 5 2.1e-05 800 0.914 0.058371 126.19 24.264 101.56 0.36604 
10 22500 5 2.1e-05 850 0.914 0.058371 101.47 24.261 76.847 0.36556 
10 22500 5 2.1e-05 900 0.914 0.058371 84.344 24.27 59.725 0.34877 
10 22500 5 2.1e-05 950 0.912 0.058629 73.503 24.251 48.902 0.34964 
10 22500 5 2.1e-05 1000 0.902 0.061833 66.252 24.293 41.61 0.34901 
10 22500 5 2.1e-05 1100 0.882 0.07171 57.536 24.259 32.929 0.34858 
10 22500 5 2.1e-05 1200 0.876 0.072065 52.975 24.269 28.358 0.34766 
10 22500 5 2.1e-05 1300 0.858 0.075547 49.85 24.265 25.237 0.34811 
10 22500 5 2.1e-05 1400 0.844 0.083739 47.011 24.263 22.398 0.34985 
10 22500 5 2.1e-05 1500 0.836 0.084392 44.694 24.263 20.084 0.34611 
10 22500 5 2.1e-05 1600 0.83 0.085816 42.907 24.258 18.313 0.33628 
10 22500 5 2.1e-05 1700 0.822 0.087465 41.487 24.243 16.894 0.34949 
10 22500 5 2.1e-05 1800 0.81 0.090714 40.401 24.256 15.795 0.3495 
10 22500 5 2.1e-05 1900 0.798 0.09571 39.562 24.269 14.96 0.33283 
10 22500 5 2.1e-05 2000 0.784 0.10709 39.022 24.266 14.408 0.348 
10 22500 5 2.1e-05 2250 0.764 0.11745 37.653 24.256 13.046 0.35001 
10 22500 5 2.1e-05 2500 0.738 0.12934 36.513 24.268 11.913 0.332 
10 22500 5 2.1e-05 2750 0.718 0.13947 35.5 24.246 10.905 0.34893 
10 22500 5 2.1e-05 3000 0.708 0.14157 34.631 24.265 10.017 0.34846 
10 22500 5 2.1e-05 4000 0.604 0.16733 30.97 24.244 6.3962 0.32974 
10 22500 5 2.1e-05 5000 0.46 0.16735 29.443 24.227 4.8668 0.34891 
10 22500 5 2.1e-05 6000 0.366 0.16025 31.822 27.434 4.0135 0.37437 
10 22500 5 2.1e-05 7000 0.286 0.14245 30.618 27.127 3.1171 0.37403 
10 22500 5 2.1e-05 8000 0.212 0.10189 29.606 27.109 2.1053 0.39182 
10 22500 5 2.1e-05 9000 0.136 0.075412 25.998 24.271 1.3525 0.37454 
10 22500 5 2.1e-05 10000 0.096 0.059576 25.584 24.274 0.92245 0.38735 
10 22500 5 2.1e-05 12500 0.048 0.033567 24.982 24.274 0.32952 0.37787 
10 22500 5 2.1e-05 15000 0.016 0.0042286 24.766 24.274 0.10037 0.39233 
10 22500 5 2.1e-05 17500 0.002 0.0002 24.681 24.274 0.015273 0.39134 
10 22500 5 2.1e-05 20000 0 0 24.671 24.279 2.8771e-05 0.39165 
10 25000 5 2.1e-05 100 1 0 932.43 26.658 904.8 0.97245 
10 25000 5 2.1e-05 125 1 0 935.33 26.668 907.69 0.97273 
10 25000 5 2.1e-05 150 1 0 935.17 26.649 907.56 0.96787 
10 25000 5 2.1e-05 175 1 0 935.23 26.651 907.61 0.96895 
10 25000 5 2.1e-05 200 1 0 935.42 26.66 907.79 0.96719 
10 25000 5 2.1e-05 225 1 0 935.4 26.649 907.78 0.9661 
10 25000 5 2.1e-05 250 1 0 929.47 26.653 901.88 0.94037 
10 25000 5 2.1e-05 275 1 0 931.89 26.654 904.27 0.96467 
10 25000 5 2.1e-05 300 1 0 933.97 26.675 906.33 0.96687 
10 25000 5 2.1e-05 350 1 0 929.34 26.656 901.72 0.96121 
10 25000 5 2.1e-05 400 1 0 919.89 26.663 892.29 0.94053 
10 25000 5 2.1e-05 450 1 0 899.81 26.66 872.21 0.941 
10 25000 5 2.1e-05 500 1 0 864.26 26.645 836.69 0.93413 
10 25000 5 2.1e-05 550 1 0 805.29 26.656 777.72 0.91205 
10 25000 5 2.1e-05 600 0.98 0.010612 699.3 26.709 671.75 0.84007 
10 25000 5 2.1e-05 650 0.958 0.026976 577.39 26.659 549.94 0.79066 
10 25000 5 2.1e-05 700 0.956 0.028637 429.99 26.656 402.63 0.70739 
10 25000 5 2.1e-05 750 0.938 0.035057 302.81 26.634 275.54 0.6403 
10 25000 5 2.1e-05 800 0.914 0.058371 215.7 26.667 188.42 0.60925 
10 25000 5 2.1e-05 850 0.914 0.058371 160.75 26.643 133.56 0.54731 
10 25000 5 2.1e-05 900 0.914 0.058371 127.88 26.664 100.64 0.57883 
10 25000 5 2.1e-05 950 0.914 0.058371 105.94 26.646 78.781 0.51726 
10 25000 5 2.1e-05 1000 0.914 0.058371 90.543 26.638 63.356 0.54905 
10 25000 5 2.1e-05 1100 0.904 0.060392 72.653 26.657 45.479 0.51669 
10 25000 5 2.1e-05 1200 0.886 0.071841 63.645 26.656 36.473 0.51669 
10 25000 5 2.1e-05 1300 0.874 0.072984 58.514 26.646 31.355 0.51324 
10 25000 5 2.1e-05 1400 0.87 0.072347 55.007 26.649 27.84 0.51835 
10 25000 5 2.1e-05 1500 0.85 0.080918 52.084 26.653 24.912 0.51884 
10 25000 5 2.1e-05 1600 0.838 0.082812 49.785 26.639 22.628 0.51813 
10 25000 5 2.1e-05 1700 0.83 0.085816 47.974 26.65 20.808 0.51557 
10 25000 5 2.1e-05 1800 0.826 0.085637 46.196 26.641 19.07 0.48496 
10 25000 5 2.1e-05 1900 0.814 0.088984 45.002 26.645 17.841 0.51653 
10 25000 5 2.1e-05 2000 0.808 0.089731 44.033 26.643 16.874 0.51652 
10 25000 5 2.1e-05 2250 0.78 0.10816 42.357 26.639 15.201 0.51755 
10 25000 5 2.1e-05 2500 0.762 0.11873 41.035 26.645 13.903 0.48713 
10 25000 5 2.1e-05 2750 0.74 0.12776 39.925 26.663 12.744 0.5177 
10 25000 5 2.1e-05 3000 0.722 0.13685 38.96 26.639 11.804 0.51715 
10 25000 5 2.1e-05 4000 0.658 0.1584 35.187 26.644 8.0282 0.51463 
10 25000 5 2.1e-05 5000 0.534 0.17372 33.131 26.653 5.9926 0.48492 
10 25000 5 2.1e-05 6000 0.416 0.17117 31.832 26.655 4.6592 0.51809 
10 25000 5 2.1e-05 7000 0.336 0.15704 30.793 26.647 3.6316 0.51484 
10 25000 5 2.1e-05 8000 0.274 0.1338 30.018 26.661 2.8379 0.51923 
10 25000 5 2.1e-05 9000 0.204 0.09631 29.18 26.654 1.9786 0.54674 
10 25000 5 2.1e-05 10000 0.134 0.072494 28.609 26.678 1.3824 0.5483 
10 25000 5 2.1e-05 12500 0.07 0.04949 27.882 26.685 0.61764 0.57925 
10 25000 5 2.1e-05 15000 0.03 0.016429 27.462 26.675 0.205 0.5814 
10 25000 5 2.1e-05 17500 0.016 0.0042286 27.348 26.668 0.10137 0.57856 
10 25000 5 2.1e-05 20000 0.002 0.0002 27.293 26.674 0.015393 0.60305 
