10 1 4 2.1e-05 1 0.286 0.09429 68.949 0.0030069 68.945 0.00016723 
10 5 4 2.1e-05 1 0.762 0.070976 296.3 0.0077564 296.29 0.000341 
10 5 4 2.1e-05 2 0.48 0.12041 41.486 0.007686 41.478 0.00035374 
10 5 4 2.1e-05 3 0.274 0.10523 5.7431 0.0072564 5.7355 0.00022231 
10 5 4 2.1e-05 4 0.114 0.038371 1.3685 0.0068701 1.3614 0.00013833 
10 5 4 2.1e-05 5 0.032 0.011608 0.33561 0.0060238 0.32944 0.00010587 
10 10 4 2.1e-05 1 0.87 0.036837 504.45 0.014069 504.44 0.00071442 
10 10 4 2.1e-05 2 0.698 0.096527 137.66 0.014061 137.64 0.00070797 
10 10 4 2.1e-05 3 0.524 0.12758 30.844 0.014001 30.83 0.00062833 
10 10 4 2.1e-05 4 0.35 0.1148 9.0514 0.013318 9.0376 0.00041764 
10 10 4 2.1e-05 5 0.224 0.097371 3.8654 0.012658 3.8524 0.00029269 
10 10 4 2.1e-05 8 0.022 0.0033837 0.27851 0.01162 0.26668 0.00017212 
10 10 4 2.1e-05 10 0 0 0.010166 0.0099922 3.698e-06 0.00014088 
10 25 4 2.1e-05 1 0.978 0.0025673 849.53 0.03206 849.49 0.0017755 
10 25 4 2.1e-05 2 0.908 0.031363 480.46 0.03201 480.43 0.0018529 
10 25 4 2.1e-05 3 0.86 0.055918 213.47 0.032089 213.43 0.0016507 
10 25 4 2.1e-05 4 0.818 0.072935 82.621 0.032075 82.587 0.0015202 
10 25 4 2.1e-05 5 0.748 0.1001 33.84 0.031984 33.806 0.0015156 
10 25 4 2.1e-05 8 0.504 0.1457 8.3427 0.029681 8.312 0.00089279 
10 25 4 2.1e-05 10 0.346 0.12988 5.0359 0.028616 5.0065 0.00069383 
10 25 4 2.1e-05 12 0.226 0.08931 2.9145 0.028051 2.8858 0.00059314 
10 25 4 2.1e-05 15 0.102 0.052853 1.069 0.027362 1.0411 0.00050554 
10 25 4 2.1e-05 20 0.006 0.00098367 0.10517 0.024863 0.079856 0.00041418 
10 25 4 2.1e-05 25 0 0 0.024701 0.024275 5.935e-06 0.00038774 
10 50 4 2.1e-05 1 0.996 0.00039184 1038.8 0.060635 1038.8 0.0031725 
10 50 4 2.1e-05 2 0.97 0.0094898 866.25 0.06061 866.19 0.003336 
10 50 4 2.1e-05 3 0.958 0.011873 625.38 0.061623 625.31 0.003212 
10 50 4 2.1e-05 4 0.916 0.028718 382.68 0.061807 382.62 0.0030164 
10 50 4 2.1e-05 5 0.866 0.057392 205.29 0.061404 205.22 0.0029054 
10 50 4 2.1e-05 8 0.778 0.098894 30.355 0.061163 30.291 0.0027474 
10 50 4 2.1e-05 10 0.708 0.12524 16.117 0.060073 16.054 0.0022472 
10 50 4 2.1e-05 12 0.624 0.15451 11.67 0.061355 11.607 0.0019835 
10 50 4 2.1e-05 15 0.508 0.15993 8.2344 0.060156 8.1723 0.0017345 
10 50 4 2.1e-05 20 0.352 0.14826 4.6411 0.059967 4.5796 0.0013937 
10 50 4 2.1e-05 25 0.182 0.077424 2.2132 0.056053 2.1559 0.0011363 
10 50 4 2.1e-05 30 0.076 0.047167 0.95807 0.051406 0.90566 0.00094834 
10 50 4 2.1e-05 40 0.014 0.0040857 0.15901 0.048773 0.10933 0.00087254 
10 50 4 2.1e-05 50 0 0 0.048897 0.047995 7.59e-06 0.00085474 
10 75 4 2.1e-05 1 0.998 0.0002 1100 0.084486 1099.9 0.002568 
10 75 4 2.1e-05 2 0.994 0.0018 1033.2 0.083694 1033.1 0.0027305 
10 75 4 2.1e-05 3 0.974 0.0052286 902.92 0.083723 902.83 0.0025939 
10 75 4 2.1e-05 4 0.96 0.011429 699.73 0.082857 699.65 0.0024608 
10 75 4 2.1e-05 5 0.94 0.019184 494.34 0.08199 494.25 0.0022685 
10 75 4 2.1e-05 8 0.846 0.065392 107.7 0.081784 107.62 0.0020572 
10 75 4 2.1e-05 10 0.804 0.090188 38.631 0.081902 38.547 0.0019948 
10 75 4 2.1e-05 12 0.76 0.10776 21.186 0.081654 21.102 0.0018939 
10 75 4 2.1e-05 15 0.706 0.14343 14.824 0.081352 14.74 0.0018048 
10 75 4 2.1e-05 20 0.598 0.17449 9.94 0.080155 9.858 0.001684 
10 75 4 2.1e-05 25 0.466 0.15698 6.7093 0.079201 6.6284 0.0015952 
10 75 4 2.1e-05 30 0.324 0.14553 4.553 0.077959 4.4735 0.001478 
10 75 4 2.1e-05 40 0.15 0.08051 1.9428 0.075731 1.8656 0.0013667 
10 75 4 2.1e-05 50 0.05 0.028265 0.52449 0.074327 0.44879 0.0013195 
10 75 4 2.1e-05 60 0.012 0.0018939 0.1638 0.07239 0.090066 0.0012978 
10 75 4 2.1e-05 70 0.002 0.0002 0.090256 0.071744 0.017184 0.0012813 
10 100 4 2.1e-05 1 1 0 1097.6 0.11855 1097.4 0.006399 
10 100 4 2.1e-05 2 1 0 1075.5 0.11871 1075.4 0.0066698 
10 100 4 2.1e-05 3 1 0 1020.3 0.11862 1020.2 0.0065731 
10 100 4 2.1e-05 4 0.99 0.0013265 910.58 0.11839 910.46 0.006486 
10 100 4 2.1e-05 5 0.984 0.0030041 755.63 0.1187 755.5 0.0063485 
10 100 4 2.1e-05 8 0.914 0.037963 274.73 0.11857 274.61 0.0060713 
10 100 4 2.1e-05 10 0.872 0.061649 108.92 0.11848 108.79 0.0059374 
10 100 4 2.1e-05 12 0.836 0.074188 47.145 0.1185 47.02 0.0059516 
10 100 4 2.1e-05 15 0.782 0.094976 21.465 0.11547 21.344 0.0051325 
10 100 4 2.1e-05 20 0.696 0.14488 13.651 0.11147 13.536 0.0040943 
10 100 4 2.1e-05 25 0.608 0.16565 10.081 0.10986 9.9674 0.0037072 
10 100 4 2.1e-05 30 0.488 0.16842 7.1627 0.10721 7.0522 0.0031699 
10 100 4 2.1e-05 40 0.302 0.13775 4.2683 0.10427 4.1614 0.0025378 
10 100 4 2.1e-05 50 0.166 0.0978 2.2639 0.10192 2.1598 0.0020978 
10 100 4 2.1e-05 60 0.09 0.05602 1.0665 0.10012 0.96422 0.0020622 
10 100 4 2.1e-05 70 0.028 0.0098122 0.31675 0.096939 0.21785 0.0019024 
10 100 4 2.1e-05 80 0.012 0.0018939 0.18783 0.095271 0.090629 0.0018756 
10 100 4 2.1e-05 90 0.002 0.0002 0.11313 0.093923 0.017307 0.0018523 
10 100 4 2.1e-05 100 0 0 0.09534 0.093435 9.935e-06 0.0018478 
10 125 4 2.1e-05 1 1 0 1100.5 0.14111 1100.4 0.0070731 
10 125 4 2.1e-05 2 0.998 0.0002 1093.5 0.14031 1093.3 0.0072672 
10 125 4 2.1e-05 3 0.992 0.0015673 1069 0.14064 1068.8 0.0072146 
10 125 4 2.1e-05 4 0.984 0.0034122 1012.8 0.14041 1012.7 0.0071227 
10 125 4 2.1e-05 5 0.972 0.0085878 920.75 0.14074 920.6 0.0070985 
10 125 4 2.1e-05 8 0.946 0.028657 491.67 0.14065 491.52 0.0068188 
10 125 4 2.1e-05 10 0.916 0.035249 246.29 0.14065 246.14 0.0066506 
10 125 4 2.1e-05 12 0.874 0.057882 111.03 0.1406 110.88 0.0065834 
10 125 4 2.1e-05 15 0.816 0.086269 39.049 0.14025 38.902 0.0064074 
10 125 4 2.1e-05 20 0.762 0.11791 18.663 0.13632 18.521 0.0051188 
10 125 4 2.1e-05 25 0.698 0.13122 13.889 0.13454 13.75 0.0045775 
10 125 4 2.1e-05 30 0.634 0.1578 10.514 0.13414 10.375 0.0044065 
10 125 4 2.1e-05 40 0.436 0.17337 6.3878 0.1313 6.2527 0.0036287 
10 125 4 2.1e-05 50 0.288 0.1321 4.1552 0.12963 4.0224 0.0030901 
10 125 4 2.1e-05 60 0.184 0.09729 2.5681 0.12813 2.4372 0.0027077 
10 125 4 2.1e-05 70 0.088 0.055771 1.1719 0.12676 1.0425 0.002571 
10 125 4 2.1e-05 80 0.054 0.036412 0.72244 0.12301 0.59693 0.002439 
10 125 4 2.1e-05 90 0.03 0.014388 0.35556 0.12119 0.2319 0.0024072 
10 125 4 2.1e-05 100 0.012 0.0018939 0.21392 0.12061 0.090849 0.0024066 
10 125 4 2.1e-05 125 0 0 0.12 0.11757 9.0849e-06 0.0023786 
10 150 4 2.1e-05 1 1 0 1101.3 0.17455 1101.1 0.0095163 
10 150 4 2.1e-05 2 1 0 1098.2 0.17461 1098.1 0.0097344 
10 150 4 2.1e-05 3 1 0 1088.6 0.17297 1088.4 0.0090645 
10 150 4 2.1e-05 4 0.998 0.0002 1062.4 0.17057 1062.3 0.0082165 
10 150 4 2.1e-05 5 0.994 0.00098367 1011.1 0.17051 1010.9 0.0081975 
10 150 4 2.1e-05 8 0.952 0.018057 688.44 0.17057 688.26 0.0079082 
10 150 4 2.1e-05 10 0.932 0.034465 420.88 0.17066 420.7 0.0077414 
10 150 4 2.1e-05 12 0.914 0.042453 219.32 0.1707 219.14 0.007636 
10 150 4 2.1e-05 15 0.882 0.066404 75.942 0.17061 75.764 0.0075579 
10 150 4 2.1e-05 20 0.814 0.095106 25.769 0.16795 25.594 0.0069106 
10 150 4 2.1e-05 25 0.746 0.11968 17.862 0.16379 17.693 0.0058457 
10 150 4 2.1e-05 30 0.698 0.14061 14.574 0.16259 14.406 0.0054142 
10 150 4 2.1e-05 40 0.574 0.1787 9.5239 0.1603 9.3586 0.0048518 
10 150 4 2.1e-05 50 0.454 0.17519 6.4231 0.15777 6.2611 0.0041982 
10 150 4 2.1e-05 60 0.32 0.13551 4.438 0.15639 4.2778 0.0037457 
10 150 4 2.1e-05 70 0.206 0.11119 3.1504 0.15482 2.9921 0.0033833 
10 150 4 2.1e-05 80 0.138 0.08771 1.9582 0.15412 1.8009 0.0031427 
10 150 4 2.1e-05 90 0.076 0.049616 0.86756 0.15362 0.71076 0.0031089 
10 150 4 2.1e-05 100 0.034 0.014943 0.43525 0.1499 0.28231 0.002972 
10 150 4 2.1e-05 125 0.004 0.00039184 0.18358 0.14779 0.032741 0.0029819 
10 150 4 2.1e-05 150 0 0 0.14824 0.14523 1.3121e-05 0.0029416 
10 200 4 2.1e-05 1 1 0 1102.6 0.23037 1102.3 0.012299 
10 200 4 2.1e-05 2 1 0 1101.8 0.23006 1101.6 0.012548 
10 200 4 2.1e-05 3 1 0 1100.3 0.22472 1100.1 0.01034 
10 200 4 2.1e-05 4 1 0 1095.8 0.21812 1095.6 0.008035 
10 200 4 2.1e-05 5 0.998 0.0002 1084 0.21797 1083.7 0.008015 
10 200 4 2.1e-05 8 0.982 0.0064041 961.5 0.21814 961.27 0.0079009 
10 200 4 2.1e-05 10 0.964 0.015004 775.05 0.21812 774.83 0.0077489 
10 200 4 2.1e-05 12 0.95 0.025408 541.82 0.21797 541.59 0.007612 
10 200 4 2.1e-05 15 0.912 0.050057 250.26 0.21797 250.03 0.0074449 
10 200 4 2.1e-05 20 0.882 0.060282 58.572 0.2183 58.346 0.0072639 
10 200 4 2.1e-05 25 0.822 0.07522 26.863 0.21588 26.64 0.0068699 
10 200 4 2.1e-05 30 0.776 0.10798 19.099 0.21306 18.879 0.0062053 
10 200 4 2.1e-05 40 0.696 0.13917 13.459 0.21105 13.242 0.0058634 
10 200 4 2.1e-05 50 0.624 0.15002 9.889 0.20907 9.6744 0.0053345 
10 200 4 2.1e-05 60 0.486 0.18245 7.1276 0.20728 6.9153 0.0049242 
10 200 4 2.1e-05 70 0.378 0.16053 5.4838 0.20563 5.2735 0.0045496 
10 200 4 2.1e-05 80 0.292 0.14279 4.3516 0.20559 4.1415 0.0043606 
10 200 4 2.1e-05 90 0.236 0.12031 3.4986 0.20506 3.2891 0.0042667 
10 200 4 2.1e-05 100 0.172 0.10491 2.3503 0.20427 2.1418 0.0041231 
10 200 4 2.1e-05 125 0.056 0.045371 0.74998 0.20379 0.54209 0.004021 
10 200 4 2.1e-05 150 0.016 0.0042286 0.33221 0.20145 0.12679 0.0038971 
10 200 4 2.1e-05 200 0 0 0.20506 0.20108 1.8493e-05 0.00388 
10 250 4 2.1e-05 1 1 0 1102.6 0.28559 1102.3 0.015225 
10 250 4 2.1e-05 2 1 0 1102.2 0.28564 1101.9 0.015474 
10 250 4 2.1e-05 3 1 0 1102.1 0.27203 1101.8 0.013595 
10 250 4 2.1e-05 4 1 0 1100.3 0.25726 1100 0.011775 
10 250 4 2.1e-05 5 1 0 1099.5 0.25694 1099.2 0.01176 
10 250 4 2.1e-05 8 0.998 0.0002 1063 0.25714 1062.7 0.011725 
10 250 4 2.1e-05 10 0.998 0.0002 978.38 0.25727 978.11 0.011648 
10 250 4 2.1e-05 12 0.988 0.0018939 828.53 0.25688 828.26 0.011559 
10 250 4 2.1e-05 15 0.954 0.01682 534.78 0.25694 534.51 0.011378 
10 250 4 2.1e-05 20 0.89 0.057653 159.07 0.25736 158.8 0.011133 
10 250 4 2.1e-05 25 0.85 0.078061 48.747 0.25697 48.479 0.011073 
10 250 4 2.1e-05 30 0.816 0.089943 27.69 0.25621 27.423 0.010102 
10 250 4 2.1e-05 40 0.744 0.12251 17.985 0.25559 17.72 0.009084 
10 250 4 2.1e-05 50 0.696 0.14529 14.046 0.25476 13.783 0.0080381 
10 250 4 2.1e-05 60 0.656 0.16496 10.827 0.25439 10.564 0.0078196 
10 250 4 2.1e-05 70 0.562 0.17342 8.1606 0.25394 7.8993 0.0071724 
10 250 4 2.1e-05 80 0.454 0.17845 6.5339 0.25349 6.2738 0.0064683 
10 250 4 2.1e-05 90 0.358 0.16085 5.2099 0.25335 4.9503 0.0061001 
10 250 4 2.1e-05 100 0.298 0.14183 4.085 0.25292 3.8262 0.0057479 
10 250 4 2.1e-05 125 0.156 0.078841 2.1107 0.25267 1.8528 0.0051279 
10 250 4 2.1e-05 150 0.058 0.040853 0.91126 0.25239 0.65365 0.0051331 
10 250 4 2.1e-05 200 0.008 0.0011592 0.31446 0.25102 0.058387 0.0049631 
10 250 4 2.1e-05 250 0 0 0.25567 0.25059 2.0206e-05 0.0049661 
10 300 4 2.1e-05 1 1 0 1102.6 0.34275 1102.2 0.018573 
10 300 4 2.1e-05 2 1 0 1101.5 0.34285 1101.1 0.018793 
10 300 4 2.1e-05 3 1 0 1102.4 0.32638 1102.1 0.012445 
10 300 4 2.1e-05 4 1 0 1102.2 0.3105 1101.9 0.0068566 
10 300 4 2.1e-05 5 1 0 1101.7 0.31039 1101.3 0.0068363 
10 300 4 2.1e-05 8 1 0 1092 0.31033 1091.7 0.0068132 
10 300 4 2.1e-05 10 0.998 0.0002 1063.3 0.31011 1063 0.0067905 
10 300 4 2.1e-05 12 0.99 0.0021429 990.99 0.3102 990.68 0.0067189 
10 300 4 2.1e-05 15 0.966 0.01331 789.56 0.31018 789.24 0.0066286 
10 300 4 2.1e-05 20 0.92 0.045714 352.84 0.3102 352.53 0.0063496 
10 300 4 2.1e-05 25 0.896 0.06529 112.21 0.31015 111.9 0.0061833 
10 300 4 2.1e-05 30 0.876 0.071249 44.457 0.30994 44.141 0.0061646 
10 300 4 2.1e-05 40 0.826 0.077882 22.669 0.30769 22.355 0.0060073 
10 300 4 2.1e-05 50 0.746 0.12702 17.076 0.30637 16.764 0.0059715 
10 300 4 2.1e-05 60 0.704 0.1457 14.4 0.3055 14.088 0.0059117 
10 300 4 2.1e-05 70 0.67 0.15765 11.381 0.30446 11.07 0.0058721 
10 300 4 2.1e-05 80 0.588 0.16638 9.0282 0.30394 8.7183 0.0058311 
10 300 4 2.1e-05 90 0.5 0.17306 7.2755 0.30315 6.9664 0.0057928 
10 300 4 2.1e-05 100 0.422 0.17522 6.2261 0.30257 5.9176 0.0057624 
10 300 4 2.1e-05 125 0.28 0.14 4.1615 0.30201 3.8536 0.0057458 
10 300 4 2.1e-05 150 0.168 0.098547 2.2395 0.30103 1.9327 0.0057038 
10 300 4 2.1e-05 200 0.032 0.020996 0.56671 0.30065 0.26033 0.0056514 
10 300 4 2.1e-05 250 0.002 0.0002 0.32202 0.29897 0.017288 0.0056867 
10 300 4 2.1e-05 300 0 0 0.30467 0.29892 1.9438e-05 0.0056527 
10 350 4 2.1e-05 1 1 0 1101.9 0.38227 1101.5 0.022034 
10 350 4 2.1e-05 2 1 0 1102.1 0.38235 1101.7 0.022427 
10 350 4 2.1e-05 3 1 0 1101.8 0.3697 1101.4 0.01978 
10 350 4 2.1e-05 4 1 0 1101.4 0.35891 1101 0.017982 
10 350 4 2.1e-05 5 1 0 1100.1 0.3587 1099.7 0.017985 
10 350 4 2.1e-05 8 1 0 1098.5 0.35866 1098.1 0.017929 
10 350 4 2.1e-05 10 0.998 0.0002 1088.1 0.359 1087.7 0.017885 
10 350 4 2.1e-05 12 0.994 0.00098367 1060.7 0.35876 1060.3 0.017904 
10 350 4 2.1e-05 15 0.98 0.0077551 953.79 0.35886 953.41 0.01784 
10 350 4 2.1e-05 20 0.948 0.029078 597.52 0.3592 597.15 0.017716 
10 350 4 2.1e-05 25 0.92 0.046939 245.31 0.35878 244.93 0.017409 
10 350 4 2.1e-05 30 0.886 0.061637 88.597 0.35873 88.221 0.017311 
10 350 4 2.1e-05 40 0.848 0.078465 30.231 0.3576 29.857 0.016062 
10 350 4 2.1e-05 50 0.804 0.091004 20.478 0.35613 20.107 0.014337 
10 350 4 2.1e-05 60 0.734 0.13249 16.316 0.35455 15.949 0.012548 
10 350 4 2.1e-05 70 0.698 0.14714 13.444 0.35446 13.077 0.012775 
10 350 4 2.1e-05 80 0.65 0.16255 10.872 0.35347 10.507 0.011753 
10 350 4 2.1e-05 90 0.596 0.16856 9.2082 0.35317 8.8439 0.010995 
10 350 4 2.1e-05 100 0.516 0.16913 7.6035 0.35267 7.2401 0.010568 
10 350 4 2.1e-05 125 0.356 0.15884 5.4366 0.35103 5.0766 0.0088513 
10 350 4 2.1e-05 150 0.252 0.12336 3.8097 0.35083 3.4505 0.0082619 
10 350 4 2.1e-05 200 0.074 0.047678 1.2485 0.34995 0.89114 0.0073007 
10 350 4 2.1e-05 250 0.026 0.012984 0.56385 0.34985 0.20694 0.0069789 
10 350 4 2.1e-05 300 0.002 0.0002 0.37331 0.34889 0.017366 0.0069612 
10 400 4 2.1e-05 1 1 0 1101.4 0.43844 1101 0.011551 
10 400 4 2.1e-05 2 1 0 1101.5 0.4385 1101 0.011737 
10 400 4 2.1e-05 3 1 0 1100.4 0.42975 1100 0.010693 
10 400 4 2.1e-05 4 1 0 1101.3 0.41821 1100.9 0.0093585 
10 400 4 2.1e-05 5 1 0 1101.4 0.41812 1101 0.0093902 
10 400 4 2.1e-05 8 1 0 1100.5 0.41798 1100.1 0.0093742 
10 400 4 2.1e-05 10 1 0 1096.7 0.41845 1096.3 0.0093645 
10 400 4 2.1e-05 12 1 0 1085.5 0.41823 1085.1 0.009364 
10 400 4 2.1e-05 15 1 0 1036 0.41869 1035.6 0.0093275 
10 400 4 2.1e-05 20 0.974 0.0097184 801.33 0.41798 800.9 0.0091569 
10 400 4 2.1e-05 25 0.94 0.035102 437.03 0.41853 436.61 0.0089255 
10 400 4 2.1e-05 30 0.916 0.051576 176.73 0.41809 176.3 0.0088196 
10 400 4 2.1e-05 40 0.866 0.072494 41.349 0.41717 40.923 0.008666 
10 400 4 2.1e-05 50 0.818 0.087629 24.019 0.41396 23.597 0.0084836 
10 400 4 2.1e-05 60 0.766 0.11535 19.007 0.41141 18.587 0.0083512 
10 400 4 2.1e-05 70 0.734 0.13372 16.227 0.40966 15.809 0.0082679 
10 400 4 2.1e-05 80 0.71 0.15112 14.114 0.40929 13.697 0.0082472 
10 400 4 2.1e-05 90 0.672 0.15961 11.988 0.4083 11.572 0.0081535 
10 400 4 2.1e-05 100 0.616 0.17607 9.8253 0.40611 9.411 0.0080734 
10 400 4 2.1e-05 125 0.474 0.1738 6.7874 0.40463 6.3747 0.0079471 
10 400 4 2.1e-05 150 0.338 0.15424 5.0261 0.40171 4.6165 0.0077888 
10 400 4 2.1e-05 200 0.16 0.086939 2.4252 0.39991 2.0176 0.0076339 
10 400 4 2.1e-05 250 0.056 0.043331 1.0365 0.39944 0.62934 0.0076011 
10 400 4 2.1e-05 300 0.02 0.0065306 0.56241 0.39747 0.15729 0.0075549 
10 400 4 2.1e-05 400 0 0 0.40481 0.39714 1.9879e-05 0.0075676 
10 500 4 2.1e-05 1 1 0 1102.5 0.52791 1102 0.030488 
10 500 4 2.1e-05 2 1 0 1102.4 0.52835 1101.8 0.030627 
10 500 4 2.1e-05 3 1 0 1102.4 0.51282 1101.8 0.017652 
10 500 4 2.1e-05 4 1 0 1101.7 0.50415 1101.2 0.010567 
10 500 4 2.1e-05 5 1 0 1102.1 0.50398 1101.6 0.010574 
10 500 4 2.1e-05 8 1 0 1102.2 0.50406 1101.7 0.010503 
10 500 4 2.1e-05 10 1 0 1102.1 0.5037 1101.6 0.010514 
10 500 4 2.1e-05 12 1 0 1101.2 0.50417 1100.7 0.010499 
10 500 4 2.1e-05 15 0.998 0.0002 1093.7 0.50432 1093.2 0.010469 
10 500 4 2.1e-05 20 0.996 0.00039184 1028.1 0.50408 1027.6 0.010463 
10 500 4 2.1e-05 25 0.98 0.004898 815.71 0.50421 815.2 0.010322 
10 500 4 2.1e-05 30 0.962 0.014649 494.93 0.50419 494.41 0.010152 
10 500 4 2.1e-05 40 0.886 0.067351 105.87 0.50433 105.36 0.0099431 
10 500 4 2.1e-05 50 0.85 0.078061 39.665 0.50389 39.151 0.0098952 
10 500 4 2.1e-05 60 0.832 0.084261 26.165 0.50305 25.652 0.009781 
10 500 4 2.1e-05 70 0.8 0.1 20.84 0.50187 20.328 0.0097481 
10 500 4 2.1e-05 80 0.77 0.11684 18.061 0.50113 17.55 0.0096419 
10 500 4 2.1e-05 90 0.738 0.13302 15.902 0.50152 15.391 0.0096081 
10 500 4 2.1e-05 100 0.702 0.14183 13.743 0.49976 13.233 0.0095658 
10 500 4 2.1e-05 125 0.628 0.16083 10.017 0.49978 9.5078 0.009493 
10 500 4 2.1e-05 150 0.488 0.18883 7.2637 0.49836 6.7557 0.0095192 
10 500 4 2.1e-05 200 0.286 0.14041 4.3436 0.49647 3.8376 0.0094077 
10 500 4 2.1e-05 250 0.15 0.08051 2.2306 0.49614 1.725 0.0093347 
10 500 4 2.1e-05 300 0.062 0.039139 1.1738 0.49573 0.6686 0.0093609 
10 500 4 2.1e-05 400 0.008 0.0011592 0.56328 0.49519 0.058626 0.0093718 
10 500 4 2.1e-05 500 0 0 0.50377 0.49429 2.0706e-05 0.0093602 
10 600 4 2.1e-05 1 1 0 1101.3 0.61754 1100.6 0.024067 
10 600 4 2.1e-05 2 1 0 1100.5 0.6174 1099.8 0.024162 
10 600 4 2.1e-05 3 1 0 1100.4 0.60213 1099.8 0.024107 
10 600 4 2.1e-05 4 1 0 1100.4 0.59372 1099.8 0.023964 
10 600 4 2.1e-05 5 1 0 1100.2 0.59378 1099.6 0.023962 
10 600 4 2.1e-05 8 1 0 1099.3 0.59375 1098.7 0.023905 
10 600 4 2.1e-05 10 1 0 1100.4 0.59408 1099.8 0.023929 
10 600 4 2.1e-05 12 1 0 1100.1 0.59379 1099.5 0.023844 
10 600 4 2.1e-05 15 1 0 1098.8 0.59365 1098.2 0.023847 
10 600 4 2.1e-05 20 1 0 1078.9 0.59652 1078.3 0.023786 
10 600 4 2.1e-05 25 0.994 0.00057551 1003.2 0.60645 1002.5 0.023865 
10 600 4 2.1e-05 30 0.976 0.0047184 814.72 0.60485 814.09 0.0237 
10 600 4 2.1e-05 40 0.916 0.053208 292.78 0.6038 292.15 0.023396 
10 600 4 2.1e-05 50 0.892 0.065241 77.484 0.60498 76.856 0.02325 
10 600 4 2.1e-05 60 0.874 0.069718 38.746 0.60615 38.117 0.022804 
10 600 4 2.1e-05 70 0.842 0.079629 27.494 0.605 26.868 0.020889 
10 600 4 2.1e-05 80 0.808 0.092996 22.225 0.60449 21.599 0.020623 
10 600 4 2.1e-05 90 0.778 0.10665 18.938 0.60568 18.313 0.019041 
10 600 4 2.1e-05 100 0.752 0.11928 17.279 0.60377 16.656 0.019056 
10 600 4 2.1e-05 125 0.706 0.14139 13.809 0.60475 13.186 0.017701 
10 600 4 2.1e-05 150 0.628 0.15757 10.186 0.60428 9.565 0.01654 
10 600 4 2.1e-05 200 0.426 0.16645 6.5855 0.60496 5.9656 0.014813 
10 600 4 2.1e-05 250 0.27 0.12949 4.3571 0.60357 3.7401 0.01331 
10 600 4 2.1e-05 300 0.16 0.086531 2.5237 0.60558 1.9059 0.012135 
10 600 4 2.1e-05 400 0.048 0.031935 1.0235 0.60575 0.40578 0.011861 
10 600 4 2.1e-05 500 0.004 0.00039184 0.64799 0.60362 0.032682 0.011612 
10 700 4 2.1e-05 1 1 0 1102.5 0.73435 1101.7 0.022413 
10 700 4 2.1e-05 2 1 0 1100.6 0.7375 1099.8 0.022583 
10 700 4 2.1e-05 3 1 0 1096.7 0.7474 1095.9 0.02258 
10 700 4 2.1e-05 4 1 0 1103.4 0.74323 1102.6 0.022567 
10 700 4 2.1e-05 5 1 0 1098.6 0.7231 1097.8 0.02249 
10 700 4 2.1e-05 8 1 0 1099.2 0.72267 1098.4 0.02249 
10 700 4 2.1e-05 10 1 0 1100.6 0.72162 1099.8 0.02252 
10 700 4 2.1e-05 12 1 0 1103.4 0.71163 1102.7 0.022473 
10 700 4 2.1e-05 15 1 0 1101.2 0.70712 1100.4 0.022402 
10 700 4 2.1e-05 20 1 0 1097.7 0.70715 1097 0.022499 
10 700 4 2.1e-05 25 1 0 1075.8 0.7072 1075.1 0.022406 
10 700 4 2.1e-05 30 0.99 0.0033673 1002.5 0.70692 1001.8 0.022375 
10 700 4 2.1e-05 40 0.928 0.044506 586.35 0.70728 585.62 0.022191 
10 700 4 2.1e-05 50 0.91 0.058469 184.35 0.7069 183.62 0.021863 
10 700 4 2.1e-05 60 0.89 0.065816 64.335 0.70686 63.606 0.021832 
10 700 4 2.1e-05 70 0.868 0.073241 37.536 0.70657 36.808 0.021176 
10 700 4 2.1e-05 80 0.834 0.082698 27.863 0.70567 27.137 0.020738 
10 700 4 2.1e-05 90 0.804 0.10366 22.433 0.70297 21.71 0.019813 
10 700 4 2.1e-05 100 0.78 0.10939 19.967 0.70242 19.245 0.019048 
10 700 4 2.1e-05 125 0.728 0.1392 16.204 0.70033 15.485 0.018455 
10 700 4 2.1e-05 150 0.69 0.15031 12.801 0.69881 12.084 0.017723 
10 700 4 2.1e-05 200 0.518 0.17579 8.0795 0.69729 7.366 0.016119 
10 700 4 2.1e-05 250 0.37 0.165 5.8851 0.69488 5.1749 0.015211 
10 700 4 2.1e-05 300 0.234 0.12107 4.0548 0.69347 3.3471 0.014181 
10 700 4 2.1e-05 400 0.072 0.051853 1.5607 0.69168 0.85538 0.013532 
10 700 4 2.1e-05 500 0.016 0.0042286 0.83215 0.69177 0.12673 0.013565 
10 800 4 2.1e-05 1 1 0 1097 0.82572 1096.1 0.02238 
10 800 4 2.1e-05 2 1 0 1096.6 0.82552 1095.8 0.02261 
10 800 4 2.1e-05 3 1 0 1096.5 0.81009 1095.7 0.018049 
10 800 4 2.1e-05 4 1 0 1096.5 0.80501 1095.7 0.016867 
10 800 4 2.1e-05 5 1 0 1096.6 0.80554 1095.8 0.016811 
10 800 4 2.1e-05 8 1 0 1095.3 0.80536 1094.5 0.016765 
10 800 4 2.1e-05 10 1 0 1096.6 0.80548 1095.7 0.01685 
10 800 4 2.1e-05 12 1 0 1101.1 0.80489 1100.3 0.016815 
10 800 4 2.1e-05 15 1 0 1101.8 0.80538 1101 0.016814 
10 800 4 2.1e-05 20 1 0 1101 0.80507 1100.2 0.016793 
10 800 4 2.1e-05 25 1 0 1094.5 0.80514 1093.7 0.01679 
10 800 4 2.1e-05 30 0.998 0.0002 1067.2 0.80536 1066.3 0.016841 
10 800 4 2.1e-05 40 0.974 0.0084939 835.64 0.80527 834.81 0.016631 
10 800 4 2.1e-05 50 0.946 0.02131 384.89 0.80566 384.07 0.016481 
10 800 4 2.1e-05 60 0.91 0.058469 127.07 0.80507 126.25 0.01635 
10 800 4 2.1e-05 70 0.88 0.071837 56.78 0.80533 55.958 0.01616 
10 800 4 2.1e-05 80 0.858 0.074731 37.757 0.80341 36.938 0.016056 
10 800 4 2.1e-05 90 0.83 0.084592 29.29 0.80191 28.472 0.015981 
10 800 4 2.1e-05 100 0.818 0.088445 24.328 0.80035 23.511 0.015826 
10 800 4 2.1e-05 125 0.756 0.12251 18.616 0.79786 17.802 0.015719 
10 800 4 2.1e-05 150 0.73 0.13643 15.799 0.79718 14.986 0.015655 
10 800 4 2.1e-05 200 0.626 0.1689 10.103 0.79457 9.2933 0.015412 
10 800 4 2.1e-05 250 0.46 0.17143 7.1291 0.79174 6.3219 0.015286 
10 800 4 2.1e-05 300 0.34 0.15796 5.4812 0.78994 4.6761 0.015089 
10 800 4 2.1e-05 400 0.176 0.10839 2.9053 0.78806 2.1022 0.014923 
10 800 4 2.1e-05 500 0.052 0.03969 1.239 0.78718 0.43686 0.014853 
10 900 4 2.1e-05 1 1 0 1102.5 0.91861 1101.5 0.022527 
10 900 4 2.1e-05 2 1 0 1102.3 0.91844 1101.3 0.022663 
10 900 4 2.1e-05 3 1 0 1102.2 0.89339 1101.3 0.022642 
10 900 4 2.1e-05 4 1 0 1102.2 0.88846 1101.3 0.022653 
10 900 4 2.1e-05 5 1 0 1101.8 0.88844 1100.8 0.022572 
10 900 4 2.1e-05 8 1 0 1101.6 0.8887 1100.7 0.02252 
10 900 4 2.1e-05 10 1 0 1101.8 0.8887 1100.9 0.022509 
10 900 4 2.1e-05 12 1 0 1102.1 0.88867 1101.2 0.022494 
10 900 4 2.1e-05 15 1 0 1102.2 0.8889 1101.3 0.022514 
10 900 4 2.1e-05 20 1 0 1102 0.88861 1101.1 0.022506 
10 900 4 2.1e-05 25 1 0 1100.4 0.8883 1099.5 0.022524 
10 900 4 2.1e-05 30 1 0 1090.5 0.88868 1089.6 0.022484 
10 900 4 2.1e-05 40 0.99 0.0021429 989 0.88875 988.09 0.022419 
10 900 4 2.1e-05 50 0.952 0.021322 640.45 0.88878 639.54 0.022224 
10 900 4 2.1e-05 60 0.928 0.042057 260.5 0.88911 259.59 0.021997 
10 900 4 2.1e-05 70 0.894 0.060576 96.205 0.88828 95.295 0.021934 
10 900 4 2.1e-05 80 0.87 0.070306 51.419 0.8891 50.508 0.021821 
10 900 4 2.1e-05 90 0.85 0.076429 36.555 0.88896 35.644 0.021651 
10 900 4 2.1e-05 100 0.826 0.084412 29.674 0.88866 28.764 0.021314 
10 900 4 2.1e-05 125 0.788 0.10761 21.111 0.88831 20.202 0.020483 
10 900 4 2.1e-05 150 0.752 0.12418 17.317 0.88792 16.409 0.019923 
10 900 4 2.1e-05 200 0.67 0.15724 12.466 0.88795 11.558 0.019412 
10 900 4 2.1e-05 250 0.558 0.17391 8.7402 0.88808 7.8335 0.018463 
10 900 4 2.1e-05 300 0.414 0.17347 6.6436 0.88768 5.7377 0.018101 
10 900 4 2.1e-05 400 0.226 0.11951 4.0398 0.88735 3.1349 0.017373 
10 900 4 2.1e-05 500 0.084 0.056065 1.899 0.88746 0.99468 0.016761 
10 1000 4 2.1e-05 1 1 0 1103.2 1.0295 1102.1 0.020901 
10 1000 4 2.1e-05 2 1 0 1102.7 1.029 1101.7 0.02109 
10 1000 4 2.1e-05 3 1 0 1101.5 1.0041 1100.4 0.020209 
10 1000 4 2.1e-05 4 1 0 1102.8 1.0005 1101.8 0.020073 
10 1000 4 2.1e-05 5 1 0 1102.6 1.0008 1101.5 0.020051 
10 1000 4 2.1e-05 8 1 0 1102.4 1.0007 1101.4 0.020007 
10 1000 4 2.1e-05 10 1 0 1102.7 1.0009 1101.7 0.02 
10 1000 4 2.1e-05 12 1 0 1102.7 1.0003 1101.6 0.020016 
10 1000 4 2.1e-05 15 1 0 1102.5 1.0007 1101.5 0.020046 
10 1000 4 2.1e-05 20 1 0 1101.6 1.0013 1100.5 0.020017 
10 1000 4 2.1e-05 25 1 0 1102.4 1.0007 1101.4 0.020005 
10 1000 4 2.1e-05 30 1 0 1099.1 1.0008 1098 0.020025 
10 1000 4 2.1e-05 40 0.998 0.0002 1053.6 1.0007 1052.5 0.02 
10 1000 4 2.1e-05 50 0.986 0.0032694 846.56 1.0006 845.54 0.019866 
10 1000 4 2.1e-05 60 0.942 0.025343 459.63 1.0004 458.61 0.019628 
10 1000 4 2.1e-05 70 0.92 0.049796 183.74 1.0006 182.72 0.019512 
10 1000 4 2.1e-05 80 0.904 0.058351 81.971 1.0004 80.95 0.019463 
10 1000 4 2.1e-05 90 0.886 0.061229 49.189 1.0001 48.169 0.019406 
10 1000 4 2.1e-05 100 0.866 0.068004 36.959 0.99976 35.94 0.019322 
10 1000 4 2.1e-05 125 0.818 0.093751 23.948 0.99595 22.932 0.019132 
10 1000 4 2.1e-05 150 0.768 0.11691 19.288 0.9949 18.274 0.019034 
10 1000 4 2.1e-05 200 0.704 0.14488 15.042 0.99235 14.03 0.018908 
10 1000 4 2.1e-05 250 0.628 0.16655 10.441 0.9897 9.4329 0.018733 
10 1000 4 2.1e-05 300 0.51 0.17765 8.0037 0.98769 6.9971 0.018713 
10 1000 4 2.1e-05 400 0.294 0.13894 5.0496 0.98566 4.0453 0.018517 
10 1000 4 2.1e-05 500 0.164 0.10358 3.0153 0.98443 2.0123 0.01849 
10 1250 4 2.1e-05 1 1 0 1103.8 1.2511 1102.5 0.030139 
10 1250 4 2.1e-05 2 1 0 1101.9 1.2508 1100.6 0.030325 
10 1250 4 2.1e-05 3 1 0 1102.9 1.2318 1101.6 0.03033 
10 1250 4 2.1e-05 4 1 0 1102.9 1.2285 1101.6 0.030291 
10 1250 4 2.1e-05 5 1 0 1102.8 1.2286 1101.5 0.030205 
10 1250 4 2.1e-05 8 1 0 1102.9 1.2292 1101.6 0.030269 
10 1250 4 2.1e-05 10 1 0 1103.1 1.2289 1101.8 0.030213 
10 1250 4 2.1e-05 12 1 0 1102.9 1.2287 1101.6 0.030131 
10 1250 4 2.1e-05 15 1 0 1101.7 1.2292 1100.5 0.030145 
10 1250 4 2.1e-05 20 1 0 1102.8 1.2286 1101.6 0.030109 
10 1250 4 2.1e-05 25 1 0 1102.6 1.2289 1101.3 0.030152 
10 1250 4 2.1e-05 30 1 0 1102.3 1.229 1101.1 0.030159 
10 1250 4 2.1e-05 40 1 0 1096.6 1.2289 1095.3 0.030231 
10 1250 4 2.1e-05 50 0.996 0.00039184 1058.7 1.2288 1057.4 0.030158 
10 1250 4 2.1e-05 60 0.984 0.0025959 920.73 1.2285 919.47 0.030042 
10 1250 4 2.1e-05 70 0.954 0.024167 621.96 1.2289 620.7 0.029907 
10 1250 4 2.1e-05 80 0.93 0.040918 313.35 1.2286 312.09 0.029678 
10 1250 4 2.1e-05 90 0.914 0.055106 144.4 1.2289 143.14 0.029649 
10 1250 4 2.1e-05 100 0.91 0.058469 78.501 1.2288 77.242 0.029547 
10 1250 4 2.1e-05 125 0.866 0.074127 37.541 1.2286 36.283 0.02938 
10 1250 4 2.1e-05 150 0.842 0.07922 26.459 1.228 25.202 0.028678 
10 1250 4 2.1e-05 200 0.752 0.12581 18.336 1.2275 17.081 0.027123 
10 1250 4 2.1e-05 250 0.704 0.14529 14.767 1.2269 13.513 0.026619 
10 1250 4 2.1e-05 300 0.642 0.16289 11.031 1.2267 9.7781 0.026034 
10 1250 4 2.1e-05 400 0.446 0.17396 7.3198 1.2261 6.0687 0.024726 
10 1250 4 2.1e-05 500 0.282 0.13702 5.186 1.2257 3.9361 0.024035 
10 1500 4 2.1e-05 1 1 0 1103.9 1.5157 1102.3 0.037437 
10 1500 4 2.1e-05 2 1 0 1103.4 1.5116 1101.9 0.037645 
10 1500 4 2.1e-05 3 1 0 1103.3 1.4861 1101.8 0.037591 
10 1500 4 2.1e-05 4 1 0 1103.4 1.4864 1101.9 0.037513 
10 1500 4 2.1e-05 5 1 0 1102.1 1.4864 1100.6 0.03752 
10 1500 4 2.1e-05 8 1 0 1103.3 1.4863 1101.8 0.037507 
10 1500 4 2.1e-05 10 1 0 1103.3 1.4863 1101.8 0.03747 
10 1500 4 2.1e-05 12 1 0 1104.2 1.4872 1102.7 0.037616 
10 1500 4 2.1e-05 15 1 0 1103.4 1.4863 1101.9 0.037493 
10 1500 4 2.1e-05 20 1 0 1103.3 1.4865 1101.7 0.037482 
10 1500 4 2.1e-05 25 1 0 1102.5 1.4864 1100.9 0.037435 
10 1500 4 2.1e-05 30 1 0 1103.3 1.4864 1101.8 0.037462 
10 1500 4 2.1e-05 40 1 0 1103.3 1.4864 1101.8 0.037458 
10 1500 4 2.1e-05 50 1 0 1099.1 1.4869 1097.6 0.037519 
10 1500 4 2.1e-05 60 1 0 1070.2 1.4865 1068.7 0.037425 
10 1500 4 2.1e-05 70 0.996 0.0008 969.53 1.4866 968.01 0.03738 
10 1500 4 2.1e-05 80 0.978 0.0046082 738.82 1.4865 737.29 0.037244 
10 1500 4 2.1e-05 90 0.942 0.032282 441.41 1.4864 439.88 0.037042 
10 1500 4 2.1e-05 100 0.914 0.058371 225.22 1.487 223.7 0.036965 
10 1500 4 2.1e-05 125 0.886 0.068576 61.265 1.4865 59.741 0.036927 
10 1500 4 2.1e-05 150 0.872 0.073894 36.832 1.4853 35.31 0.036309 
10 1500 4 2.1e-05 200 0.812 0.09169 22.344 1.4816 20.829 0.034071 
10 1500 4 2.1e-05 250 0.746 0.1258 18.08 1.4803 16.566 0.033212 
10 1500 4 2.1e-05 300 0.702 0.1402 15.363 1.4795 13.85 0.032707 
10 1500 4 2.1e-05 400 0.576 0.16349 9.7894 1.4775 8.2807 0.03104 
10 1500 4 2.1e-05 500 0.406 0.17241 7.2096 1.4762 5.7031 0.03017 
10 2000 4 2.1e-05 1 1 0 1103.4 1.9978 1101.3 0.049348 
10 2000 4 2.1e-05 2 1 0 1103.3 1.9893 1101.3 0.049402 
10 2000 4 2.1e-05 3 1 0 1103.2 1.9772 1101.1 0.04941 
10 2000 4 2.1e-05 4 1 0 1104.4 1.9777 1102.4 0.049545 
10 2000 4 2.1e-05 5 1 0 1104.3 1.9773 1102.3 0.04938 
10 2000 4 2.1e-05 8 1 0 1102.9 1.9782 1100.9 0.049402 
10 2000 4 2.1e-05 10 1 0 1104.1 1.9771 1102.1 0.049385 
10 2000 4 2.1e-05 12 1 0 1104.1 1.9776 1102.1 0.049284 
10 2000 4 2.1e-05 15 1 0 1104.2 1.9774 1102.2 0.049431 
10 2000 4 2.1e-05 20 1 0 1104.1 1.9774 1102.1 0.049298 
10 2000 4 2.1e-05 25 1 0 1104.2 1.9771 1102.2 0.049282 
10 2000 4 2.1e-05 30 1 0 1103.3 1.9776 1101.2 0.04938 
10 2000 4 2.1e-05 40 1 0 1104.2 1.9769 1102.2 0.049342 
10 2000 4 2.1e-05 50 1 0 1104.4 1.9774 1102.4 0.049426 
10 2000 4 2.1e-05 60 1 0 1103.2 1.9773 1101.1 0.049289 
10 2000 4 2.1e-05 70 1 0 1096.7 1.9781 1094.7 0.049304 
10 2000 4 2.1e-05 80 1 0 1073.1 1.9775 1071.1 0.04932 
10 2000 4 2.1e-05 90 0.992 0.0015673 1013.4 1.9776 1011.4 0.049338 
10 2000 4 2.1e-05 100 0.982 0.0064041 883.22 1.9774 881.19 0.049149 
10 2000 4 2.1e-05 125 0.946 0.031106 334.22 1.9779 332.2 0.049013 
10 2000 4 2.1e-05 150 0.914 0.058371 98.544 1.9774 96.518 0.04888 
10 2000 4 2.1e-05 200 0.874 0.072984 36.937 1.9758 34.913 0.048092 
10 2000 4 2.1e-05 250 0.812 0.09169 25.024 1.973 23.005 0.046129 
10 2000 4 2.1e-05 300 0.768 0.11487 20.239 1.9705 18.224 0.044445 
10 2000 4 2.1e-05 400 0.706 0.14547 15.613 1.969 13.6 0.043626 
10 2000 4 2.1e-05 500 0.62 0.1702 11.145 1.9661 9.1374 0.041632 
