10 10 6 1 2 0.398 0.10632 35.995 23.031 12.964 0.00035606 
10 10 6 1 3 0.216 0.070759 24.882 22.21 2.6713 0.00032674 
10 10 6 1 5 0.058 0.01718 23.156 22.672 0.48446 0.00032874 
10 10 6 1 8 0.002 0.0002 22.722 22.707 0.014313 0.00033285 
10 10 6 1 10 0 0 23.173 23.172 2.3729e-05 0.00035988 
10 10 7 1 2 0.274 0.075024 31.606 26.901 4.7046 0.00034859 
10 10 7 1 3 0.138 0.037506 27.07 25.804 1.265 0.00031886 
10 10 7 1 5 0.02 0.0032653 26.53 26.384 0.14501 0.00034591 
10 10 7 1 8 0 0 27.097 27.097 2.4852e-05 0.00037587 
10 10 7 1 10 0 0 27.482 27.481 2.4584e-05 0.00040907 
10 10 8 1 2 0.156 0.031902 34.942 32.936 2.0061 0.00041114 
10 10 8 1 3 0.082 0.020282 33.309 32.664 0.64385 0.0004009 
10 10 8 1 5 0.012 0.0051592 33.089 33.011 0.076828 0.00044922 
10 10 8 1 8 0.002 0.0002 33.313 33.298 0.014113 0.00047166 
10 10 8 1 10 0 0 33.357 33.357 2.4182e-05 0.00046336 
10 25 8 1 2 0.008 0.00075102 45.501 41.568 3.9321 0.00075652 
10 25 8 1 3 0.002 0.0002 45.517 41.673 3.8429 0.00083416 
10 25 8 1 5 0.002 0.0002 45.719 41.882 3.836 0.00088412 
10 25 8 1 8 0.002 0.0002 45.738 41.899 3.8379 0.0008953 
10 25 8 1 10 0.002 0.0002 45.687 41.856 3.8307 0.00087941 
10 25 8 1 15 0.002 0.0002 45.672 41.842 3.8294 0.00089984 
10 25 8 1 25 0 0 41.883 41.882 4.2346e-05 0.0008617 
10 50 8 1 2 0.022 0.0029755 86.703 82.164 4.5369 0.0013565 
10 50 8 1 3 0.004 0.00039184 86.61 82.293 4.3159 0.0016502 
10 50 8 1 5 0.002 0.0002 86.568 82.29 4.276 0.0016304 
10 50 8 1 8 0.002 0.0002 86.597 82.304 4.2909 0.0016447 
10 50 8 1 10 0.002 0.0002 86.527 82.321 4.2035 0.0016367 
10 50 8 1 15 0.002 0.0002 87.548 83.646 3.8997 0.0017135 
10 50 8 1 25 0.002 0.0002 89.947 85.892 4.0537 0.0016212 
10 75 6 1 2 0.478 0.1242 136.85 101.24 35.614 0.0014629 
10 75 6 1 3 0.336 0.10276 120.91 101.79 19.118 0.0015715 
10 75 6 1 5 0.132 0.052424 117.87 102.55 15.323 0.001735 
10 75 6 1 8 0.03 0.0033673 117.03 102.75 14.272 0.0018059 
10 75 6 1 10 0.014 0.0012286 117.18 103.02 14.163 0.0018784 
10 75 6 1 15 0.012 0.0010776 116.9 102.78 14.118 0.0018137 
10 75 6 1 25 0.012 0.0010776 116.96 102.83 14.128 0.0017999 
10 75 8 1 2 0.06 0.0089796 128.27 123.22 5.0524 0.0021655 
10 75 8 1 3 0.014 0.0024531 127.64 123.22 4.4178 0.0025456 
10 75 8 1 5 0.002 0.0002 127.5 123.16 4.3411 0.0024511 
10 75 8 1 8 0.002 0.0002 127.59 123.27 4.3183 0.0025325 
10 75 8 1 10 0.002 0.0002 127.49 123.16 4.3277 0.0024786 
10 75 8 1 15 0.002 0.0002 127.57 123.22 4.3442 0.0024371 
10 75 8 1 25 0.002 0.0002 127.53 123.2 4.3277 0.0025435 
10 100 6 1 2 0.39 0.10867 147.52 123.43 24.089 0.0019484 
10 100 6 1 3 0.202 0.062649 140.2 123.6 16.595 0.0022724 
10 100 6 1 5 0.048 0.0074449 138.53 123.78 14.741 0.0023882 
10 100 6 1 8 0.012 0.0010776 138.6 125.77 12.825 0.0024284 
10 100 6 1 10 0.012 0.0010776 135.25 123.78 11.47 0.0023257 
10 100 6 1 15 0.012 0.0010776 135.27 123.78 11.49 0.0024333 
10 100 6 1 25 0.012 0.0010776 135.3 123.83 11.467 0.00231 
10 100 8 1 2 0.132 0.02018 170.02 164.68 5.3358 0.0031418 
10 100 8 1 3 0.028 0.0032816 169.11 164.95 4.1529 0.0033271 
10 100 8 1 5 0.002 0.0002 168.95 164.99 3.9509 0.0033682 
10 100 8 1 8 0.002 0.0002 168.98 165.02 3.9558 0.0034479 
10 100 8 1 10 0.002 0.0002 168.95 164.99 3.9575 0.0033576 
10 100 8 1 15 0.002 0.0002 169.01 165.04 3.9673 0.0034187 
10 100 8 1 25 0.002 0.0002 168.98 165.07 3.9065 0.0033309 
