10 1 3 0.00021 1 0.426 0.11339 118.08 0.010063 118.07 0.00011231 
10 5 3 0.00021 1 0.836 0.071331 465.78 0.043046 465.74 0.00032873 
10 5 3 0.00021 2 0.636 0.11664 118.77 0.042627 118.73 0.00029113 
10 5 3 0.00021 3 0.378 0.12093 19.535 0.041774 19.493 0.00021713 
10 5 3 0.00021 4 0.19 0.078061 3.2078 0.04078 3.1668 0.00018984 
10 5 3 0.00021 5 0.058 0.018812 0.59851 0.03769 0.56065 0.00013845 
10 10 3 0.00021 1 0.928 0.018384 712.21 0.08385 712.12 0.00067704 
10 10 3 0.00021 2 0.822 0.055629 348.81 0.083151 348.73 0.00060264 
10 10 3 0.00021 3 0.668 0.10998 125.48 0.082933 125.39 0.00043054 
10 10 3 0.00021 4 0.516 0.1328 33.331 0.082001 33.248 0.0003651 
10 10 3 0.00021 5 0.364 0.12031 9.5687 0.081242 9.487 0.00034374 
10 10 3 0.00021 8 0.046 0.018453 0.65341 0.073912 0.57919 0.00025689 
10 10 3 0.00021 10 0.01 0.0033673 0.13351 0.073541 0.0597 0.00023527 
10 25 3 0.00021 1 0.998 0.0002 918.33 0.19709 918.13 0.0013825 
10 25 3 0.00021 2 0.974 0.0048204 784.99 0.19722 784.79 0.0015088 
10 25 3 0.00021 3 0.94 0.017959 571.45 0.19556 571.25 0.0012529 
10 25 3 0.00021 4 0.892 0.038302 352.95 0.19445 352.75 0.0010691 
10 25 3 0.00021 5 0.836 0.068473 182.55 0.19363 182.35 0.0009038 
10 25 3 0.00021 8 0.652 0.13479 18.738 0.1912 18.546 0.00076351 
10 25 3 0.00021 10 0.478 0.14175 8.0825 0.19054 7.8912 0.00074787 
10 25 3 0.00021 12 0.324 0.12431 4.7713 0.18672 4.5837 0.00074707 
10 25 3 0.00021 15 0.15 0.087449 1.9827 0.18136 1.8006 0.00069265 
10 25 3 0.00021 20 0.034 0.01331 0.41374 0.17536 0.23769 0.00065308 
10 25 3 0.00021 25 0 0 0.17249 0.17182 5.8925e-06 0.00062261 
10 50 3 0.00021 1 1 0 956.23 0.3752 955.86 0.0024015 
10 50 3 0.00021 2 1 0 942.35 0.37554 941.98 0.0025826 
10 50 3 0.00021 3 0.992 0.0011592 904.9 0.3749 904.52 0.0025058 
10 50 3 0.00021 4 0.98 0.0069388 826.92 0.37518 826.54 0.0024247 
10 50 3 0.00021 5 0.966 0.011269 698.98 0.3696 698.61 0.0022645 
10 50 3 0.00021 8 0.896 0.046106 254.32 0.36763 253.95 0.0017397 
10 50 3 0.00021 10 0.828 0.070629 88.818 0.36629 88.45 0.0014673 
10 50 3 0.00021 12 0.77 0.105 31.068 0.36164 30.705 0.0014052 
10 50 3 0.00021 15 0.656 0.13598 12.887 0.36111 12.525 0.0013517 
10 50 3 0.00021 20 0.488 0.16149 6.4918 0.36041 6.1299 0.0013386 
10 50 3 0.00021 25 0.306 0.13568 3.7196 0.35922 3.359 0.0013242 
10 50 3 0.00021 30 0.186 0.10939 2.3018 0.35898 1.9415 0.0013114 
10 50 3 0.00021 40 0.036 0.017453 0.64053 0.35867 0.28048 0.0013122 
10 50 3 0.00021 50 0 0 0.35983 0.35845 6.3032e-06 0.001308 
10 75 3 0.00021 1 1 0 983.65 0.54715 983.1 0.0044081 
10 75 3 0.00021 2 1 0 984.2 0.54741 983.65 0.0033216 
10 75 3 0.00021 3 1 0 964.46 0.54678 963.91 0.0032679 
10 75 3 0.00021 4 0.998 0.0002 939.27 0.54761 938.72 0.0032773 
10 75 3 0.00021 5 0.994 0.00057551 908.34 0.54974 907.79 0.0032291 
10 75 3 0.00021 8 0.954 0.018453 656.17 0.5435 655.63 0.0029363 
10 75 3 0.00021 10 0.906 0.038127 407.94 0.53694 407.4 0.0025728 
10 75 3 0.00021 12 0.852 0.069894 201.1 0.53766 200.56 0.0021892 
10 75 3 0.00021 15 0.804 0.089371 55.132 0.5326 54.598 0.0019594 
10 75 3 0.00021 20 0.71 0.12214 14.979 0.52642 14.451 0.0018061 
10 75 3 0.00021 25 0.592 0.16238 9.3696 0.52912 8.8385 0.0018904 
10 75 3 0.00021 30 0.456 0.16333 6.0278 0.52649 5.4994 0.0018249 
10 75 3 0.00021 40 0.26 0.13061 3.4345 0.52581 2.9068 0.0017875 
10 75 3 0.00021 50 0.108 0.061159 1.4213 0.53056 0.88882 0.0018589 
10 75 3 0.00021 60 0.016 0.0042286 0.63241 0.52548 0.10507 0.0017874 
10 75 3 0.00021 70 0 0 0.52708 0.5252 9.4008e-06 0.0017934 
10 100 3 0.00021 1 1 0 950.87 0.7197 950.15 0.0040053 
10 100 3 0.00021 2 1 0 952.8 0.72248 952.08 0.004208 
10 100 3 0.00021 3 1 0 952.67 0.72252 951.94 0.004184 
10 100 3 0.00021 4 1 0 949.18 0.71708 948.46 0.0041191 
10 100 3 0.00021 5 1 0 943.15 0.71931 942.43 0.0041506 
10 100 3 0.00021 8 0.998 0.0002 868.62 0.71822 867.9 0.0040682 
10 100 3 0.00021 10 0.998 0.0002 725.82 0.71344 725.1 0.0038733 
10 100 3 0.00021 12 0.98 0.0057143 521.81 0.7109 521.1 0.0036392 
10 100 3 0.00021 15 0.922 0.022976 232.75 0.70108 232.04 0.0029125 
10 100 3 0.00021 20 0.832 0.067527 41.065 0.69778 40.364 0.0024796 
10 100 3 0.00021 25 0.742 0.11432 16.46 0.69327 15.765 0.002351 
10 100 3 0.00021 30 0.684 0.14137 11.893 0.69125 11.199 0.002345 
10 100 3 0.00021 40 0.47 0.15316 6.3685 0.698 5.668 0.0023937 
10 100 3 0.00021 50 0.27 0.12786 4.301 0.70085 3.5977 0.0023395 
10 100 3 0.00021 60 0.156 0.10088 2.4202 0.69687 1.7209 0.0022953 
10 100 3 0.00021 70 0.072 0.033486 1.171 0.69444 0.47403 0.0024204 
10 100 3 0.00021 80 0.006 0.0018 0.73389 0.69115 0.040365 0.0023074 
10 100 3 0.00021 90 0.002 0.0002 0.70697 0.69145 0.01313 0.0023171 
10 100 3 0.00021 100 0 0 0.6926 0.6902 1.1797e-05 0.0023104 
10 125 3 0.00021 1 1 0 943.67 0.89663 942.77 0.0051091 
10 125 3 0.00021 2 1 0 946.4 0.89286 945.5 0.0051768 
10 125 3 0.00021 3 1 0 947.14 0.89388 946.24 0.0050434 
10 125 3 0.00021 4 1 0 945.24 0.89646 944.34 0.0051341 
10 125 3 0.00021 5 1 0 947.27 0.89732 946.37 0.00511 
10 125 3 0.00021 8 1 0 930 0.8919 929.11 0.0050868 
10 125 3 0.00021 10 1 0 881.89 0.89272 880.99 0.0050247 
10 125 3 0.00021 12 0.994 0.00057551 772.73 0.89436 771.83 0.0048715 
10 125 3 0.00021 15 0.976 0.003902 509.9 0.87798 509.01 0.0042655 
10 125 3 0.00021 20 0.902 0.038159 138.12 0.86767 137.25 0.003325 
10 125 3 0.00021 25 0.822 0.080935 33.289 0.86197 32.424 0.0028638 
10 125 3 0.00021 30 0.768 0.11487 18.405 0.86906 17.532 0.0030174 
10 125 3 0.00021 40 0.642 0.15269 10.425 0.86114 9.5606 0.0028297 
10 125 3 0.00021 50 0.484 0.17117 6.476 0.85811 5.615 0.0027966 
10 125 3 0.00021 60 0.31 0.13561 4.5481 0.8588 3.6864 0.002834 
10 125 3 0.00021 70 0.194 0.11568 3.2801 0.8619 2.4152 0.0028367 
10 125 3 0.00021 80 0.118 0.081914 2.0655 0.8603 1.2023 0.002805 
10 125 3 0.00021 90 0.046 0.023351 1.1899 0.85793 0.32906 0.0027912 
10 125 3 0.00021 100 0.014 0.0036776 0.95909 0.86358 0.09256 0.0028686 
10 125 3 0.00021 125 0 0 0.8657 0.86274 9.2275e-06 0.0028723 
10 150 3 0.00021 1 1 0 943.54 1.067 942.46 0.0056527 
10 150 3 0.00021 2 1 0 988.79 1.1813 987.61 0.0062487 
10 150 3 0.00021 3 1 0 998.24 1.2044 997.03 0.0062329 
10 150 3 0.00021 4 1 0 996.42 1.2227 995.19 0.0064352 
10 150 3 0.00021 5 1 0 998.51 1.2152 997.28 0.0061714 
10 150 3 0.00021 8 1 0 994.1 1.2154 992.88 0.0063104 
10 150 3 0.00021 10 1 0 985.83 1.2101 984.61 0.0061983 
10 150 3 0.00021 12 0.992 0.0011592 939.68 1.1972 938.48 0.0062083 
10 150 3 0.00021 15 0.972 0.0049143 748.05 1.0818 746.97 0.0055202 
10 150 3 0.00021 20 0.92 0.02449 334.48 1.0452 333.43 0.0044224 
10 150 3 0.00021 25 0.842 0.074731 84.247 1.0317 83.212 0.0034872 
10 150 3 0.00021 30 0.788 0.10026 28.219 1.0337 27.181 0.0034982 
10 150 3 0.00021 40 0.718 0.13742 14.624 1.0272 13.593 0.0033148 
10 150 3 0.00021 50 0.648 0.15438 10.597 1.0281 9.5651 0.0032782 
10 150 3 0.00021 60 0.484 0.1679 6.8863 1.0246 5.8584 0.0032292 
10 150 3 0.00021 70 0.342 0.14534 5.0096 1.0294 3.9766 0.0034273 
10 150 3 0.00021 80 0.212 0.11904 3.6378 1.0252 2.6093 0.0032766 
10 150 3 0.00021 90 0.146 0.10172 2.6036 1.024 1.5763 0.0032679 
10 150 3 0.00021 100 0.086 0.055922 1.8344 1.0305 0.80046 0.0033378 
10 150 3 0.00021 125 0.004 0.00039184 1.0615 1.0322 0.025888 0.003374 
10 150 3 0.00021 150 0 0 1.0277 1.0244 8.7926e-06 0.0032778 
10 200 3 0.00021 1 1 0 951.28 1.4162 949.86 0.0071883 
10 200 3 0.00021 2 1 0 951.94 1.4148 950.52 0.0073566 
10 200 3 0.00021 3 1 0 951.68 1.4175 950.26 0.0073934 
10 200 3 0.00021 4 1 0 951.76 1.4177 950.33 0.0072729 
10 200 3 0.00021 5 1 0 949.16 1.4131 947.74 0.0072969 
10 200 3 0.00021 8 1 0 950.43 1.4141 949 0.0073031 
10 200 3 0.00021 10 1 0 949.5 1.4092 948.08 0.0072837 
10 200 3 0.00021 12 1 0 946.35 1.4108 944.94 0.0072459 
10 200 3 0.00021 15 0.998 0.0002 942.2 1.4519 940.74 0.0074144 
10 200 3 0.00021 20 0.978 0.01318 820.54 1.6216 818.91 0.0073135 
10 200 3 0.00021 25 0.936 0.026024 457 1.5993 455.4 0.0063869 
10 200 3 0.00021 30 0.9 0.047755 163.46 1.586 161.87 0.0052967 
10 200 3 0.00021 40 0.808 0.090955 26.602 1.5781 25.019 0.0046284 
10 200 3 0.00021 50 0.75 0.12173 17.684 1.5658 16.113 0.0047227 
10 200 3 0.00021 60 0.686 0.14572 13.754 1.5664 12.183 0.0045079 
10 200 3 0.00021 70 0.588 0.17291 10.006 1.5706 8.4312 0.0045231 
10 200 3 0.00021 80 0.494 0.18017 7.6198 1.5603 6.0549 0.0045217 
10 200 3 0.00021 90 0.374 0.1538 6.1602 1.5858 4.5696 0.0046624 
10 200 3 0.00021 100 0.274 0.13176 4.9582 1.5601 3.3935 0.0045134 
10 200 3 0.00021 125 0.126 0.083596 2.9702 1.5391 1.4265 0.0045209 
10 200 3 0.00021 150 0.036 0.02031 1.8162 1.5657 0.24591 0.0044241 
10 200 3 0.00021 200 0 0 1.5657 1.5612 1.3979e-05 0.0044238 
10 250 3 0.00021 1 1 0 994.56 1.9451 992.6 0.010234 
10 250 3 0.00021 2 1 0 994.34 1.9522 992.37 0.010518 
10 250 3 0.00021 3 1 0 999.17 1.9481 997.21 0.010584 
10 250 3 0.00021 4 1 0 1011.8 1.9587 1009.8 0.010576 
10 250 3 0.00021 5 1 0 1008.8 1.9594 1006.8 0.010745 
10 250 3 0.00021 8 1 0 1012.3 1.9815 1010.3 0.010743 
10 250 3 0.00021 10 1 0 1010.4 1.9437 1008.4 0.010677 
10 250 3 0.00021 12 1 0 978.96 1.7784 977.17 0.010339 
10 250 3 0.00021 15 1 0 981.61 1.8022 979.79 0.010325 
10 250 3 0.00021 20 0.998 0.0002 956.14 1.8018 954.32 0.010273 
10 250 3 0.00021 25 0.98 0.004898 814.36 1.7812 812.56 0.0096194 
10 250 3 0.00021 30 0.95 0.018878 508.59 1.7515 506.83 0.0085118 
10 250 3 0.00021 40 0.86 0.07102 80.171 1.7408 78.424 0.005946 
10 250 3 0.00021 50 0.81 0.093571 25.75 1.7355 24.009 0.0059222 
10 250 3 0.00021 60 0.758 0.118 17.213 1.7414 15.466 0.0056144 
10 250 3 0.00021 70 0.698 0.14673 14.113 1.7285 12.379 0.0055984 
10 250 3 0.00021 80 0.644 0.16129 11.696 1.7389 9.9503 0.0069511 
10 250 3 0.00021 90 0.566 0.17494 9.2939 1.733 7.5549 0.0058825 
10 250 3 0.00021 100 0.508 0.1734 7.6752 1.7288 5.9407 0.0055934 
10 250 3 0.00021 125 0.282 0.13947 5.2037 1.754 3.444 0.005628 
10 250 3 0.00021 150 0.14 0.10286 3.3912 1.7275 1.658 0.005626 
10 250 3 0.00021 200 0.008 0.00075102 1.785 1.7272 0.052094 0.0055908 
10 250 3 0.00021 250 0 0 1.7329 1.7272 1.4239e-05 0.0056248 
10 300 3 0.00021 1 1 0 936.05 2.0453 934 0.0080222 
10 300 3 0.00021 2 1 0 931.34 2.0412 929.29 0.0079831 
10 300 3 0.00021 3 1 0 933.21 2.0458 931.16 0.0080265 
10 300 3 0.00021 4 1 0 930.69 2.0419 928.64 0.0079832 
10 300 3 0.00021 5 1 0 932.09 2.038 930.04 0.0079012 
10 300 3 0.00021 8 1 0 930.64 2.0377 928.59 0.0080063 
10 300 3 0.00021 10 1 0 929.77 2.039 927.72 0.0079492 
10 300 3 0.00021 12 1 0 931.64 2.0406 929.6 0.0080035 
10 300 3 0.00021 15 1 0 953.82 2.1313 951.68 0.0080787 
10 300 3 0.00021 20 0.998 0.0002 969.04 2.2213 966.81 0.0082327 
10 300 3 0.00021 25 0.994 0.0018 940.05 2.2114 937.83 0.0081159 
10 300 3 0.00021 30 0.984 0.0054531 817.85 2.2192 815.62 0.0079906 
10 300 3 0.00021 40 0.908 0.055853 283.74 2.2205 281.51 0.0069109 
10 300 3 0.00021 50 0.864 0.070106 52.381 2.2007 50.174 0.0064606 
10 300 3 0.00021 60 0.812 0.088833 25.449 2.2113 23.231 0.0063933 
10 300 3 0.00021 70 0.756 0.11639 18.418 2.1984 16.213 0.0062956 
10 300 3 0.00021 80 0.732 0.12549 15.692 2.183 13.503 0.0062311 
10 300 3 0.00021 90 0.672 0.15593 13.977 2.1946 11.776 0.0064312 
10 300 3 0.00021 100 0.632 0.17651 11.391 2.2293 9.1556 0.0064025 
10 300 3 0.00021 125 0.466 0.16474 7.285 2.1923 5.0864 0.0061983 
10 300 3 0.00021 150 0.272 0.14042 5.3879 2.1792 3.2024 0.0062976 
10 300 3 0.00021 200 0.094 0.065882 3.0665 2.2442 0.81597 0.0062668 
10 300 3 0.00021 250 0.002 0.0002 2.1988 2.1799 0.012566 0.0063236 
10 300 3 0.00021 300 0 0 2.1756 2.1693 1.6291e-05 0.0062392 
10 350 3 0.00021 1 1 0 963.9 2.6218 961.27 0.0094306 
10 350 3 0.00021 2 1 0 965.85 2.6335 963.2 0.0094008 
10 350 3 0.00021 3 1 0 994.87 2.6694 992.19 0.0098786 
10 350 3 0.00021 4 1 0 975.65 2.5853 973.06 0.0095426 
10 350 3 0.00021 5 1 0 971.41 2.4636 968.94 0.0095331 
10 350 3 0.00021 8 1 0 975.13 2.4735 972.64 0.0095948 
10 350 3 0.00021 10 1 0 974.92 2.4693 972.44 0.0095927 
10 350 3 0.00021 12 1 0 964.93 2.4252 962.49 0.0094978 
10 350 3 0.00021 15 1 0 963.09 2.4539 960.63 0.0094999 
10 350 3 0.00021 20 1 0 974.42 2.4662 971.94 0.0098352 
10 350 3 0.00021 25 1 0 964.93 2.4436 962.47 0.0097974 
10 350 3 0.00021 30 0.998 0.0002 908.94 2.3936 906.54 0.009211 
10 350 3 0.00021 40 0.978 0.0050163 587.07 2.3934 584.66 0.0086474 
10 350 3 0.00021 50 0.912 0.043935 150.45 2.3869 148.06 0.0076231 
10 350 3 0.00021 60 0.852 0.064996 38.937 2.3745 36.555 0.0071687 
10 350 3 0.00021 70 0.81 0.08949 24.241 2.3964 21.837 0.0072215 
10 350 3 0.00021 80 0.764 0.11827 18.288 2.3726 15.908 0.0070596 
10 350 3 0.00021 90 0.73 0.13153 15.848 2.3722 13.469 0.0070923 
10 350 3 0.00021 100 0.698 0.14918 14.202 2.3929 11.802 0.0070931 
10 350 3 0.00021 125 0.576 0.18349 9.8713 2.4107 7.4532 0.0072895 
10 350 3 0.00021 150 0.4 0.16082 7.0023 2.3812 4.6139 0.007174 
10 350 3 0.00021 200 0.178 0.11196 4.3374 2.3716 1.9587 0.0070879 
10 350 3 0.00021 250 0.044 0.02129 2.6686 2.3709 0.29058 0.0070634 
10 350 3 0.00021 300 0.002 0.0002 2.3877 2.3689 0.011623 0.0070647 
10 400 3 0.00021 1 1 0 931.64 2.71 928.92 0.011954 
10 400 3 0.00021 2 1 0 930.39 2.7064 927.67 0.01203 
10 400 3 0.00021 3 1 0 931.27 2.7065 928.56 0.011846 
10 400 3 0.00021 4 1 0 933.16 2.7052 930.45 0.011772 
10 400 3 0.00021 5 1 0 931.82 2.7042 929.11 0.011901 
10 400 3 0.00021 8 1 0 932.51 2.7069 929.79 0.011907 
10 400 3 0.00021 10 1 0 933.8 2.7121 931.08 0.011834 
10 400 3 0.00021 12 1 0 930.87 2.7024 928.16 0.011931 
10 400 3 0.00021 15 1 0 931.1 2.71 928.37 0.011863 
10 400 3 0.00021 20 1 0 932.8 2.7146 930.07 0.01185 
10 400 3 0.00021 25 1 0 930.6 2.7041 927.89 0.012008 
10 400 3 0.00021 30 1 0 926.79 2.7202 924.06 0.011916 
10 400 3 0.00021 40 0.992 0.0011592 806.75 2.7068 804.03 0.011642 
10 400 3 0.00021 50 0.96 0.015918 380.15 2.7046 377.44 0.010042 
10 400 3 0.00021 60 0.904 0.048147 91.482 2.7045 88.769 0.0085539 
10 400 3 0.00021 70 0.852 0.07969 35.918 2.7133 33.196 0.008471 
10 400 3 0.00021 80 0.808 0.093812 23.962 2.6923 21.261 0.0081719 
10 400 3 0.00021 90 0.77 0.11112 20.255 2.7387 17.507 0.0085427 
10 400 3 0.00021 100 0.734 0.12474 17.221 2.6923 14.521 0.0081043 
10 400 3 0.00021 125 0.662 0.15547 12.615 2.6889 9.9179 0.0080606 
10 400 3 0.00021 150 0.556 0.18374 9.2257 2.6886 6.5289 0.0081002 
10 400 3 0.00021 200 0.274 0.13217 5.8231 2.6947 3.1203 0.0080563 
10 400 3 0.00021 250 0.136 0.10439 4.0293 2.7345 1.2864 0.0083624 
10 400 3 0.00021 300 0.02 0.004898 2.8414 2.7096 0.12361 0.0081594 
10 400 3 0.00021 400 0 0 2.7149 2.7065 1.6783e-05 0.0083314 
10 500 3 0.00021 1 1 0 931.14 3.3843 927.73 0.019397 
10 500 3 0.00021 2 1 0 931.07 3.3701 927.68 0.01923 
10 500 3 0.00021 3 1 0 931.57 3.3698 928.18 0.019407 
10 500 3 0.00021 4 1 0 931.71 3.3773 928.32 0.019514 
10 500 3 0.00021 5 1 0 931.27 3.3778 927.87 0.019195 
10 500 3 0.00021 8 1 0 931.61 3.3796 928.22 0.019159 
10 500 3 0.00021 10 1 0 933.36 3.375 929.97 0.019184 
10 500 3 0.00021 12 1 0 931.66 3.3745 928.27 0.019506 
10 500 3 0.00021 15 1 0 931.63 3.3716 928.24 0.019371 
10 500 3 0.00021 20 1 0 933.38 3.3739 929.99 0.019219 
10 500 3 0.00021 25 1 0 931.95 3.3771 928.55 0.019486 
10 500 3 0.00021 30 1 0 931.03 3.3719 927.64 0.019355 
10 500 3 0.00021 40 0.996 0.0008 925.05 3.3688 921.66 0.019192 
10 500 3 0.00021 50 0.982 0.0051796 824.49 3.3762 821.1 0.018662 
10 500 3 0.00021 60 0.95 0.024184 471.28 3.3789 467.88 0.015958 
10 500 3 0.00021 70 0.914 0.046535 148.93 3.3732 145.54 0.012934 
10 500 3 0.00021 80 0.868 0.069976 50.106 3.3769 46.717 0.011994 
10 500 3 0.00021 90 0.83 0.084184 30.582 3.3678 27.202 0.011424 
10 500 3 0.00021 100 0.802 0.10142 25.166 3.376 21.778 0.012116 
10 500 3 0.00021 125 0.732 0.12712 17.035 3.3544 13.669 0.0114 
10 500 3 0.00021 150 0.68 0.1498 13.854 3.3561 10.486 0.011453 
10 500 3 0.00021 200 0.464 0.17256 8.8392 3.3841 5.4435 0.011434 
10 500 3 0.00021 250 0.268 0.13406 6.6707 3.4029 3.2558 0.01194 
10 500 3 0.00021 300 0.14 0.10939 5.2048 3.3547 1.8385 0.011487 
10 500 3 0.00021 400 0.01 0.0017347 3.42 3.3473 0.061196 0.011445 
10 500 3 0.00021 500 0 0 3.3584 3.347 1.3881e-05 0.011326 
10 600 3 0.00021 1 1 0 929.12 4.0396 925.06 0.022349 
10 600 3 0.00021 2 1 0 928.07 4.0455 924 0.022752 
10 600 3 0.00021 3 1 0 928.13 4.0377 924.07 0.022323 
10 600 3 0.00021 4 1 0 929.67 4.0363 925.61 0.022122 
10 600 3 0.00021 5 1 0 928.08 4.037 924.02 0.02251 
10 600 3 0.00021 8 1 0 928.26 4.0349 924.2 0.022246 
10 600 3 0.00021 10 1 0 930.24 4.0409 926.18 0.022353 
10 600 3 0.00021 12 1 0 927.67 4.0379 923.61 0.022452 
10 600 3 0.00021 15 1 0 927.91 4.0461 923.84 0.022452 
10 600 3 0.00021 20 1 0 929.68 4.0335 925.63 0.02213 
10 600 3 0.00021 25 1 0 928.58 4.0412 924.51 0.022606 
10 600 3 0.00021 30 1 0 931.34 4.0424 927.28 0.022217 
10 600 3 0.00021 40 1 0 963.95 4.3694 959.56 0.023502 
10 600 3 0.00021 50 1 0 967.34 4.4666 962.85 0.023654 
10 600 3 0.00021 60 0.996 0.00039184 883.67 4.5786 879.07 0.023582 
10 600 3 0.00021 70 0.97 0.010306 536.65 4.0394 532.6 0.019141 
10 600 3 0.00021 80 0.928 0.037159 216.74 4.0346 212.69 0.015851 
10 600 3 0.00021 90 0.904 0.053861 76.06 4.0373 72.008 0.015008 
10 600 3 0.00021 100 0.86 0.077143 39.892 4.0332 35.845 0.013707 
10 600 3 0.00021 125 0.804 0.095902 23.825 4.0425 19.768 0.014447 
10 600 3 0.00021 150 0.742 0.1331 18.489 4.0341 14.441 0.013669 
10 600 3 0.00021 200 0.654 0.16417 12.364 4.0128 8.3379 0.013719 
10 600 3 0.00021 250 0.432 0.17242 8.841 4.0124 4.8148 0.013665 
10 600 3 0.00021 300 0.272 0.12818 7.2361 4.0366 3.1856 0.013822 
10 600 3 0.00021 400 0.102 0.069996 4.8743 4.0498 0.81083 0.013583 
10 600 3 0.00021 500 0.002 0.0002 4.0492 4.0217 0.013165 0.014257 
10 700 3 0.00021 1 1 0 967.76 4.8307 962.9 0.028643 
10 700 3 0.00021 2 1 0 967.91 4.8244 963.06 0.028847 
10 700 3 0.00021 3 1 0 968.16 4.8296 963.3 0.028675 
10 700 3 0.00021 4 1 0 968.05 4.8219 963.2 0.028534 
10 700 3 0.00021 5 1 0 967.65 4.8283 962.79 0.028544 
10 700 3 0.00021 8 1 0 967.95 4.814 963.1 0.028685 
10 700 3 0.00021 10 1 0 964.23 4.8143 959.39 0.028403 
10 700 3 0.00021 12 1 0 929.52 4.7307 924.76 0.026799 
10 700 3 0.00021 15 1 0 928.91 4.7221 924.16 0.026877 
10 700 3 0.00021 20 1 0 930.11 4.7117 925.37 0.026544 
10 700 3 0.00021 25 1 0 937.05 4.8333 932.19 0.027176 
10 700 3 0.00021 30 1 0 964.78 5.0712 959.68 0.027402 
10 700 3 0.00021 40 1 0 964.16 5.0881 959.04 0.027337 
10 700 3 0.00021 50 1 0 963.43 5.0691 958.33 0.027442 
10 700 3 0.00021 60 1 0 955.39 5.0898 950.27 0.027209 
10 700 3 0.00021 70 0.988 0.0018939 875.51 5.0994 870.38 0.026377 
10 700 3 0.00021 80 0.958 0.024935 613.52 5.0717 608.42 0.023971 
10 700 3 0.00021 90 0.938 0.039547 290.75 5.0739 285.66 0.020449 
10 700 3 0.00021 100 0.908 0.055445 112.8 5.0574 107.72 0.018414 
10 700 3 0.00021 125 0.836 0.078678 34.514 5.1369 29.36 0.01755 
10 700 3 0.00021 150 0.8 0.095918 23.529 5.0464 18.466 0.016855 
10 700 3 0.00021 200 0.706 0.14221 17.951 5.119 12.814 0.017659 
10 700 3 0.00021 250 0.592 0.17749 12.729 5.0985 7.6131 0.017086 
10 700 3 0.00021 300 0.412 0.16353 9.7526 5.0478 4.6879 0.016791 
10 700 3 0.00021 400 0.168 0.11079 7.1833 5.04 2.1261 0.017121 
10 700 3 0.00021 500 0.046 0.027024 5.4625 5.1444 0.30118 0.016816 
10 800 3 0.00021 1 1 0 954.73 5.8074 948.89 0.032346 
10 800 3 0.00021 2 1 0 928.63 5.3904 923.21 0.026521 
10 800 3 0.00021 3 1 0 928.83 5.3689 923.43 0.026502 
10 800 3 0.00021 4 1 0 927.35 5.3921 921.93 0.026597 
10 800 3 0.00021 5 1 0 927.77 5.3653 922.37 0.026265 
10 800 3 0.00021 8 1 0 928.54 5.3898 923.12 0.026523 
10 800 3 0.00021 10 1 0 927.85 5.3673 922.46 0.026573 
10 800 3 0.00021 12 1 0 927.12 5.3816 921.71 0.026528 
10 800 3 0.00021 15 1 0 927.94 5.3635 922.55 0.026312 
10 800 3 0.00021 20 1 0 927.42 5.3664 922.03 0.026568 
10 800 3 0.00021 25 1 0 927.46 5.3755 922.05 0.02646 
10 800 3 0.00021 30 1 0 926.78 5.365 921.38 0.026221 
10 800 3 0.00021 40 1 0 928.18 5.3677 922.79 0.026266 
10 800 3 0.00021 50 1 0 926.86 5.3662 921.47 0.026668 
10 800 3 0.00021 60 1 0 926.72 5.3877 921.31 0.02652 
10 800 3 0.00021 70 1 0 917.83 5.3839 912.42 0.026558 
10 800 3 0.00021 80 1 0 849.91 5.3824 844.5 0.026039 
10 800 3 0.00021 90 0.98 0.0065306 639.28 5.3857 633.87 0.024764 
10 800 3 0.00021 100 0.954 0.020086 348.89 5.3681 343.5 0.022834 
10 800 3 0.00021 125 0.87 0.066224 50.511 5.3755 45.114 0.020905 
10 800 3 0.00021 150 0.812 0.092098 28.776 5.3513 23.404 0.020286 
10 800 3 0.00021 200 0.734 0.128 19.497 5.3638 14.112 0.020276 
10 800 3 0.00021 250 0.664 0.15664 15.801 5.4063 10.373 0.020948 
10 800 3 0.00021 300 0.53 0.18622 11.461 5.3392 6.1021 0.020151 
10 800 3 0.00021 400 0.262 0.13465 8.3497 5.3341 2.9953 0.020234 
10 800 3 0.00021 500 0.128 0.096343 6.5689 5.3339 1.2146 0.020342 
10 900 3 0.00021 1 1 0 928.22 6.0529 922.14 0.0339 
10 900 3 0.00021 2 1 0 927.85 6.0536 921.76 0.033962 
10 900 3 0.00021 3 1 0 929.68 6.0621 923.58 0.033886 
10 900 3 0.00021 4 1 0 927.74 6.0515 921.65 0.033879 
10 900 3 0.00021 5 1 0 929.51 6.0565 923.42 0.034129 
10 900 3 0.00021 8 1 0 930.65 6.0694 924.54 0.034206 
10 900 3 0.00021 10 1 0 928.73 6.0566 922.64 0.033913 
10 900 3 0.00021 12 1 0 928.37 6.04 922.3 0.033884 
10 900 3 0.00021 15 1 0 929.85 6.0704 923.74 0.033912 
10 900 3 0.00021 20 1 0 928.28 6.0425 922.21 0.033989 
10 900 3 0.00021 25 1 0 927.6 6.0548 921.51 0.033833 
10 900 3 0.00021 30 1 0 929.15 6.0433 923.07 0.033695 
10 900 3 0.00021 40 1 0 927.41 6.0501 921.32 0.034092 
10 900 3 0.00021 50 1 0 927.24 6.0918 921.11 0.034183 
10 900 3 0.00021 60 1 0 929.02 6.0438 922.94 0.033887 
10 900 3 0.00021 70 1 0 927.05 6.0657 920.95 0.03486 
10 900 3 0.00021 80 1 0 917.39 6.0543 911.3 0.034022 
10 900 3 0.00021 90 1 0 853.31 6.0413 847.23 0.033069 
10 900 3 0.00021 100 0.988 0.0018939 669.47 6.0632 663.38 0.031505 
10 900 3 0.00021 125 0.91 0.058061 129.15 6.0432 123.09 0.023494 
10 900 3 0.00021 150 0.844 0.079657 39.886 6.0503 33.813 0.022728 
10 900 3 0.00021 200 0.776 0.11247 22.25 6.0186 16.209 0.021684 
10 900 3 0.00021 250 0.702 0.13898 18.864 6.046 12.795 0.022748 
10 900 3 0.00021 300 0.64 0.16939 14.364 6.0491 8.2924 0.022206 
10 900 3 0.00021 400 0.37 0.16418 10.107 6.0023 4.083 0.021672 
10 900 3 0.00021 500 0.18 0.11469 8.2454 6.0011 2.2224 0.02187 
10 1000 3 0.00021 1 1 0 929.12 6.8539 922.23 0.038415 
10 1000 3 0.00021 2 1 0 930.19 6.8863 923.27 0.038921 
10 1000 3 0.00021 3 1 0 928.82 6.873 921.91 0.038394 
10 1000 3 0.00021 4 1 0 929.94 6.8513 923.05 0.038113 
10 1000 3 0.00021 5 1 0 928.39 6.8712 921.48 0.03835 
10 1000 3 0.00021 8 1 0 928.59 6.8726 921.68 0.038368 
10 1000 3 0.00021 10 1 0 929.77 6.8578 922.87 0.038505 
10 1000 3 0.00021 12 1 0 927.54 6.8608 920.64 0.038473 
10 1000 3 0.00021 15 1 0 929.07 6.8594 922.17 0.038124 
10 1000 3 0.00021 20 1 0 927.95 6.8706 921.04 0.038348 
10 1000 3 0.00021 25 1 0 927.27 6.889 920.34 0.038273 
10 1000 3 0.00021 30 1 0 929.83 6.8663 922.93 0.038317 
10 1000 3 0.00021 40 1 0 927.63 6.8653 920.72 0.038442 
10 1000 3 0.00021 50 1 0 927.92 6.8467 921.04 0.038194 
10 1000 3 0.00021 60 1 0 935.14 6.9296 928.17 0.039026 
10 1000 3 0.00021 70 1 0 942.35 7.0402 935.27 0.039408 
10 1000 3 0.00021 80 1 0 925.82 6.876 918.91 0.038521 
10 1000 3 0.00021 90 1 0 952.66 7.3732 945.25 0.039656 
10 1000 3 0.00021 100 0.988 0.0035265 925.07 7.7095 917.32 0.041346 
10 1000 3 0.00021 125 0.954 0.022127 354.06 7.7025 346.33 0.032449 
10 1000 3 0.00021 150 0.89 0.058061 66.906 7.6699 59.209 0.026459 
10 1000 3 0.00021 200 0.81 0.091122 29.042 7.6497 21.367 0.02514 
10 1000 3 0.00021 250 0.742 0.12738 23.204 7.6399 15.537 0.026342 
10 1000 3 0.00021 300 0.686 0.15143 19.142 7.6217 11.495 0.025122 
10 1000 3 0.00021 400 0.494 0.16915 13.337 7.675 5.6366 0.025196 
10 1000 3 0.00021 500 0.266 0.13086 11 7.6569 3.3183 0.025097 
10 1250 3 0.00021 1 1 0 982.8 9.403 973.35 0.051848 
10 1250 3 0.00021 2 1 0 948.65 9.077 939.52 0.04884 
10 1250 3 0.00021 3 1 0 926.99 8.4666 918.48 0.047341 
10 1250 3 0.00021 4 1 0 926.17 8.3967 917.73 0.047848 
10 1250 3 0.00021 5 1 0 926.06 8.3786 917.64 0.046989 
10 1250 3 0.00021 8 1 0 926.44 8.3764 918.01 0.046779 
10 1250 3 0.00021 10 1 0 925.34 8.3796 916.91 0.047362 
10 1250 3 0.00021 12 1 0 945.67 8.7651 936.85 0.048031 
10 1250 3 0.00021 15 1 0 990.35 9.6284 980.66 0.053329 
10 1250 3 0.00021 20 1 0 999.22 9.6364 989.54 0.052255 
10 1250 3 0.00021 25 1 0 999.25 9.6428 989.56 0.052599 
10 1250 3 0.00021 30 1 0 998.35 9.6571 988.64 0.051997 
10 1250 3 0.00021 40 1 0 998.15 9.6479 988.45 0.052553 
10 1250 3 0.00021 50 1 0 1001.8 9.6269 992.13 0.052589 
10 1250 3 0.00021 60 1 0 975.75 9.0543 966.64 0.051055 
10 1250 3 0.00021 70 1 0 957.97 8.4936 949.42 0.049864 
10 1250 3 0.00021 80 1 0 957.86 8.5102 949.3 0.049353 
10 1250 3 0.00021 90 1 0 953.15 8.4446 944.66 0.049223 
10 1250 3 0.00021 100 1 0 960.35 8.5128 951.79 0.050413 
10 1250 3 0.00021 125 0.994 0.00098367 898.32 8.4877 889.78 0.048941 
10 1250 3 0.00021 150 0.96 0.021224 467.26 8.502 458.72 0.041162 
10 1250 3 0.00021 200 0.86 0.070204 46.548 8.522 37.995 0.031552 
10 1250 3 0.00021 250 0.814 0.087759 28.946 8.4946 20.421 0.030148 
10 1250 3 0.00021 300 0.756 0.12047 24.269 8.5025 15.735 0.03156 
10 1250 3 0.00021 400 0.662 0.16118 18.112 8.535 9.5467 0.030397 
10 1250 3 0.00021 500 0.466 0.17168 13.812 8.4877 5.2946 0.030084 
10 1500 3 0.00021 1 1 0 939.22 10.074 929.09 0.056712 
10 1500 3 0.00021 2 1 0 931.23 10.044 921.13 0.05564 
10 1500 3 0.00021 3 1 0 930.61 10.05 920.5 0.056048 
10 1500 3 0.00021 4 1 0 930.23 10.069 920.11 0.055986 
10 1500 3 0.00021 5 1 0 931.49 10.048 921.38 0.055808 
10 1500 3 0.00021 8 1 0 929.6 10.075 919.47 0.056548 
10 1500 3 0.00021 10 1 0 929.86 10.04 919.76 0.055794 
10 1500 3 0.00021 12 1 0 935.49 10.078 925.35 0.056048 
10 1500 3 0.00021 15 1 0 939.94 10.085 929.8 0.056203 
10 1500 3 0.00021 20 1 0 940.96 10.095 930.81 0.056556 
10 1500 3 0.00021 25 1 0 936.04 10.083 925.9 0.055854 
10 1500 3 0.00021 30 1 0 935.42 10.065 925.3 0.056328 
10 1500 3 0.00021 40 1 0 931.15 10.062 921.03 0.056648 
10 1500 3 0.00021 50 1 0 931.59 10.042 921.49 0.055699 
10 1500 3 0.00021 60 1 0 930.31 10.073 920.18 0.056426 
10 1500 3 0.00021 70 1 0 930.15 10.048 920.04 0.055632 
10 1500 3 0.00021 80 1 0 930.83 10.06 920.71 0.056025 
10 1500 3 0.00021 90 1 0 929.12 10.06 919.01 0.055716 
10 1500 3 0.00021 100 1 0 930.71 10.042 920.61 0.055255 
10 1500 3 0.00021 125 1 0 929.26 10.046 919.16 0.056274 
10 1500 3 0.00021 150 0.998 0.0002 882.1 10.036 872.01 0.054597 
10 1500 3 0.00021 200 0.932 0.038139 164.18 10.053 154.09 0.038803 
10 1500 3 0.00021 250 0.85 0.077245 41.396 10.024 31.337 0.035481 
10 1500 3 0.00021 300 0.808 0.095853 30.295 10.032 20.229 0.03465 
10 1500 3 0.00021 400 0.712 0.14108 23.582 10.027 13.519 0.035891 
10 1500 3 0.00021 500 0.638 0.17098 18.442 9.9988 8.4086 0.034231 
10 2000 3 0.00021 1 1 0 932.23 13.391 918.76 0.077771 
10 2000 3 0.00021 2 1 0 931.3 13.391 917.84 0.078129 
10 2000 3 0.00021 3 1 0 931.1 13.402 917.62 0.077582 
10 2000 3 0.00021 4 1 0 932.87 13.375 919.42 0.07778 
10 2000 3 0.00021 5 1 0 932.49 13.406 919 0.077755 
10 2000 3 0.00021 8 1 0 933.13 13.376 919.68 0.079272 
10 2000 3 0.00021 10 1 0 931.11 13.391 917.64 0.077299 
10 2000 3 0.00021 12 1 0 931.82 13.421 918.32 0.076836 
10 2000 3 0.00021 15 1 0 931.06 13.38 917.6 0.077754 
10 2000 3 0.00021 20 1 0 931.03 13.391 917.56 0.077551 
10 2000 3 0.00021 25 1 0 931.45 13.397 917.98 0.077902 
10 2000 3 0.00021 30 1 0 930.48 13.375 917.02 0.077179 
10 2000 3 0.00021 40 1 0 932.99 13.409 919.5 0.077039 
10 2000 3 0.00021 50 1 0 931.56 13.378 918.1 0.078154 
10 2000 3 0.00021 60 1 0 932.32 13.392 918.85 0.077528 
10 2000 3 0.00021 70 1 0 932.15 13.38 918.7 0.078002 
10 2000 3 0.00021 80 1 0 931.99 13.404 918.51 0.077919 
10 2000 3 0.00021 90 1 0 932.79 13.363 919.35 0.078024 
10 2000 3 0.00021 100 1 0 930.98 13.386 917.51 0.07759 
10 2000 3 0.00021 125 1 0 933.04 13.382 919.58 0.077023 
10 2000 3 0.00021 150 1 0 929.81 13.38 916.35 0.078469 
10 2000 3 0.00021 200 1 0 892.68 13.395 879.21 0.076699 
10 2000 3 0.00021 250 0.94 0.031837 301.61 13.374 288.18 0.057107 
10 2000 3 0.00021 300 0.884 0.06178 62.035 13.38 48.608 0.046738 
10 2000 3 0.00021 400 0.81 0.093571 34.013 13.377 20.592 0.043936 
10 2000 3 0.00021 500 0.744 0.12823 27.861 13.328 14.487 0.046704 
