10 15000 1 2.1e-05 4000 1 0 1108 3.6896 1103.5 0.83094 
10 15000 1 2.1e-05 5000 1 0 1107.3 3.6892 1102.8 0.83426 
10 15000 1 2.1e-05 6000 1 0 1105.8 3.6939 1101.3 0.82806 
10 15000 1 2.1e-05 7000 0.99 0.0033673 1087.8 3.69 1083.3 0.8316 
10 15000 1 2.1e-05 8000 0.91 0.058469 68.793 3.6833 64.452 0.65704 
10 15000 1 2.1e-05 9000 0.818 0.090486 26.642 3.6793 22.33 0.6318 
10 15000 1 2.1e-05 10000 0.716 0.13933 18.923 3.6789 14.61 0.63248 
10 15000 1 2.1e-05 12500 0.204 0.11794 7.4059 3.7022 3.0581 0.64469 
10 15000 1 2.1e-05 15000 0 0 4.342 3.6814 1.5047e-05 0.65972 
10 17500 1 2.1e-05 4000 1 0 1103.2 4.3042 1097.9 0.97024 
10 17500 1 2.1e-05 5000 1 0 1102.1 4.3013 1096.8 0.96336 
10 17500 1 2.1e-05 6000 1 0 1100.9 4.3031 1095.7 0.95658 
10 17500 1 2.1e-05 7000 1 0 1103.1 4.3056 1097.9 0.95473 
10 17500 1 2.1e-05 8000 1 0 1098.4 4.3058 1093.1 0.96413 
10 17500 1 2.1e-05 9000 0.914 0.058371 132.64 4.2913 127.58 0.76787 
10 17500 1 2.1e-05 10000 0.862 0.073424 37.077 4.2948 32.035 0.74555 
10 17500 1 2.1e-05 12500 0.622 0.16787 14.129 4.2856 9.1092 0.7327 
10 17500 1 2.1e-05 15000 0.162 0.11098 7.2349 4.2849 2.2069 0.74203 
10 17500 1 2.1e-05 17500 0 0 5.0197 4.2844 1.7405e-05 0.73424 
10 20000 1 2.1e-05 4000 1 0 1097.8 4.9176 1091.8 1.098 
10 20000 1 2.1e-05 5000 1 0 1099.6 4.9165 1093.6 1.0884 
10 20000 1 2.1e-05 6000 1 0 1099.4 4.9184 1093.4 1.1032 
10 20000 1 2.1e-05 7000 1 0 1098.9 4.9146 1092.9 1.0879 
10 20000 1 2.1e-05 8000 1 0 1099.3 4.9183 1093.3 1.0956 
10 20000 1 2.1e-05 9000 1 0 1097.5 4.9156 1091.5 1.0996 
10 20000 1 2.1e-05 10000 0.914 0.058371 325.13 4.9066 319.3 0.91955 
10 20000 1 2.1e-05 12500 0.776 0.1137 24.309 4.9131 18.54 0.85409 
10 20000 1 2.1e-05 15000 0.472 0.17471 12.054 4.9 6.3147 0.83794 
10 20000 1 2.1e-05 17500 0.132 0.088751 7.3332 4.8971 1.598 0.83706 
10 20000 1 2.1e-05 20000 0 0 5.7351 4.8967 1.493e-05 0.83741 
10 22500 1 2.1e-05 4000 1 0 1096 5.5228 1089.3 1.2352 
10 22500 1 2.1e-05 5000 1 0 1097.2 5.5222 1090.5 1.2218 
10 22500 1 2.1e-05 6000 1 0 1096.2 5.5229 1089.5 1.2335 
10 22500 1 2.1e-05 7000 1 0 1096.1 5.5259 1089.4 1.2239 
10 22500 1 2.1e-05 8000 1 0 1095.6 5.5243 1088.8 1.2241 
10 22500 1 2.1e-05 9000 1 0 1097.1 5.5242 1090.4 1.2257 
10 22500 1 2.1e-05 10000 1 0 1095.6 5.5231 1088.8 1.2333 
10 22500 1 2.1e-05 12500 0.878 0.072363 45.048 5.5187 38.568 0.95957 
10 22500 1 2.1e-05 15000 0.712 0.14149 21.071 5.5091 14.619 0.94243 
10 22500 1 2.1e-05 17500 0.364 0.16439 11.383 5.5253 4.9161 0.94091 
10 22500 1 2.1e-05 20000 0.076 0.047576 7.392 5.5229 0.90188 0.96621 
10 22500 1 2.1e-05 22500 0 0 6.4534 5.5104 1.3211e-05 0.94204 
10 25000 1 2.1e-05 4000 1 0 1092.5 6.1243 1085 1.3837 
10 25000 1 2.1e-05 5000 1 0 1092.8 6.1258 1085.3 1.3675 
10 25000 1 2.1e-05 6000 1 0 1092.7 6.125 1085.2 1.3688 
10 25000 1 2.1e-05 7000 1 0 1091.1 6.1241 1083.6 1.3753 
10 25000 1 2.1e-05 8000 1 0 1090.4 6.1262 1082.9 1.3644 
10 25000 1 2.1e-05 9000 1 0 1090.4 6.1249 1082.9 1.3814 
10 25000 1 2.1e-05 10000 1 0 1091.1 6.1271 1083.6 1.3698 
10 25000 1 2.1e-05 12500 0.914 0.058371 321.09 6.1202 313.83 1.1419 
10 25000 1 2.1e-05 15000 0.824 0.088392 29.071 6.1156 21.89 1.0646 
10 25000 1 2.1e-05 17500 0.656 0.17027 17.918 6.1138 10.762 1.041 
10 25000 1 2.1e-05 20000 0.3 0.14286 11.412 6.1297 4.2057 1.0762 
10 25000 1 2.1e-05 22500 0.06 0.039184 7.75 6.1152 0.59119 1.0427 
10 25000 1 2.1e-05 25000 0 0 7.158 6.1136 2.1235e-05 1.0435 
10 30000 1 2.1e-05 4000 1 0 1090.1 7.4812 1081 1.6243 
10 30000 1 2.1e-05 5000 1 0 1093.2 7.4816 1084.1 1.6198 
10 30000 1 2.1e-05 6000 1 0 1092.3 7.4822 1083.2 1.6384 
10 30000 1 2.1e-05 7000 1 0 1092.3 7.4816 1083.2 1.6158 
10 30000 1 2.1e-05 8000 1 0 1092.5 7.4816 1083.4 1.6179 
10 30000 1 2.1e-05 9000 1 0 1093.1 7.485 1084 1.6131 
10 30000 1 2.1e-05 10000 1 0 1092.3 7.4835 1083.2 1.6301 
10 30000 1 2.1e-05 12500 1 0 1091.3 7.4824 1082.2 1.6161 
10 30000 1 2.1e-05 15000 0.914 0.058371 316.18 7.4716 307.33 1.3768 
10 30000 1 2.1e-05 17500 0.844 0.08129 35.296 7.4601 26.575 1.2594 
10 30000 1 2.1e-05 20000 0.712 0.1423 23.535 7.4736 14.771 1.2892 
10 30000 1 2.1e-05 22500 0.472 0.17308 15.057 7.4619 6.342 1.2523 
10 30000 1 2.1e-05 25000 0.202 0.11693 11.631 7.4608 2.9208 1.2481 
10 30000 1 2.1e-05 27500 0.034 0.019841 8.9836 7.4627 0.2704 1.2495 
10 30000 1 2.1e-05 30000 0 0 8.7454 7.4658 1.4929e-05 1.2786 
10 40000 1 2.1e-05 4000 1 0 1089.6 9.819 1077.6 2.1805 
10 40000 1 2.1e-05 5000 1 0 1090.8 9.8153 1078.8 2.1718 
10 40000 1 2.1e-05 6000 1 0 1091.6 9.8116 1079.6 2.1448 
10 40000 1 2.1e-05 7000 1 0 1091.3 9.8133 1079.3 2.1732 
10 40000 1 2.1e-05 8000 1 0 1091.1 9.8152 1079.2 2.1513 
10 40000 1 2.1e-05 9000 1 0 1091.3 9.8133 1079.3 2.147 
10 40000 1 2.1e-05 10000 1 0 1090.5 9.8133 1078.5 2.1456 
10 40000 1 2.1e-05 12500 1 0 1091 9.8127 1079 2.1642 
10 40000 1 2.1e-05 15000 1 0 1091 9.8119 1079.1 2.154 
10 40000 1 2.1e-05 17500 1 0 1091.4 9.8146 1079.4 2.1537 
10 40000 1 2.1e-05 20000 0.914 0.058371 317.39 9.8019 305.75 1.8322 
10 40000 1 2.1e-05 22500 0.872 0.073078 46.249 9.8003 34.762 1.6858 
10 40000 1 2.1e-05 25000 0.78 0.1102 29.343 9.7946 17.891 1.6559 
10 40000 1 2.1e-05 27500 0.68 0.16 23.934 9.8022 12.435 1.6956 
10 40000 1 2.1e-05 30000 0.474 0.17666 17.817 9.7943 6.3629 1.6592 
10 40000 1 2.1e-05 40000 0 0 11.455 9.7933 1.3965e-05 1.6602 
10 50000 1 2.1e-05 4000 1 0 1095.1 12.251 1080 2.7826 
10 50000 1 2.1e-05 5000 1 0 1095.1 12.253 1080.1 2.7995 
10 50000 1 2.1e-05 6000 1 0 1094.1 12.252 1079.1 2.7866 
10 50000 1 2.1e-05 7000 1 0 1095 12.25 1080 2.7905 
10 50000 1 2.1e-05 8000 1 0 1095 12.25 1079.9 2.8015 
10 50000 1 2.1e-05 9000 1 0 1095 12.252 1080 2.787 
10 50000 1 2.1e-05 10000 1 0 1094.9 12.254 1079.8 2.7942 
10 50000 1 2.1e-05 12500 1 0 1095.2 12.252 1080.2 2.82 
10 50000 1 2.1e-05 15000 1 0 1094.9 12.256 1079.9 2.7626 
10 50000 1 2.1e-05 17500 1 0 1093.6 12.254 1078.6 2.7905 
10 50000 1 2.1e-05 20000 1 0 1094.7 12.252 1079.7 2.7999 
10 50000 1 2.1e-05 22500 1 0 1094 12.253 1079 2.7859 
10 50000 1 2.1e-05 25000 0.914 0.058371 321.49 12.236 306.93 2.3276 
10 50000 1 2.1e-05 27500 0.888 0.071282 56.263 12.23 41.918 2.1141 
10 50000 1 2.1e-05 30000 0.822 0.088282 35.981 12.231 21.638 2.1099 
10 50000 1 2.1e-05 40000 0.3 0.1498 18.533 12.227 4.2358 2.0696 
10 50000 1 2.1e-05 50000 0 0 14.344 12.232 1.4232e-05 2.1111 
10 60000 1 2.1e-05 4000 1 0 1095.5 14.718 1077.5 3.2839 
10 60000 1 2.1e-05 5000 1 0 1094 14.725 1076 3.2809 
10 60000 1 2.1e-05 6000 1 0 1095.5 14.722 1077.5 3.2434 
10 60000 1 2.1e-05 7000 1 0 1095.3 14.726 1077.3 3.2672 
10 60000 1 2.1e-05 8000 1 0 1095.6 14.723 1077.7 3.242 
10 60000 1 2.1e-05 9000 1 0 1095.3 14.724 1077.3 3.2839 
10 60000 1 2.1e-05 10000 1 0 1095.6 14.718 1077.7 3.236 
10 60000 1 2.1e-05 12500 1 0 1095.3 14.719 1077.3 3.2651 
10 60000 1 2.1e-05 15000 1 0 1095.5 14.723 1077.5 3.2387 
10 60000 1 2.1e-05 17500 1 0 1096.1 14.72 1078.1 3.2632 
10 60000 1 2.1e-05 20000 1 0 1096.4 14.722 1078.4 3.2523 
10 60000 1 2.1e-05 22500 1 0 1096.2 14.722 1078.2 3.2686 
10 60000 1 2.1e-05 25000 1 0 1096.4 14.719 1078.4 3.2309 
10 60000 1 2.1e-05 27500 1 0 1092.8 14.723 1074.8 3.2702 
10 60000 1 2.1e-05 30000 0.914 0.058371 323.7 14.701 306.26 2.7417 
10 60000 1 2.1e-05 40000 0.712 0.1423 31.968 14.69 14.781 2.4946 
10 60000 1 2.1e-05 50000 0.204 0.11713 20.241 14.703 3.0104 2.5265 
10 60000 1 2.1e-05 60000 0 0 17.18 14.689 1.473e-05 2.4896 
10 70000 1 2.1e-05 4000 1 0 1102.8 17.131 1081.9 3.8206 
10 70000 1 2.1e-05 5000 1 0 1103.1 17.134 1082.2 3.7938 
10 70000 1 2.1e-05 6000 1 0 1102.7 17.133 1081.8 3.8425 
10 70000 1 2.1e-05 7000 1 0 1103 17.13 1082.1 3.7854 
10 70000 1 2.1e-05 8000 1 0 1102.7 17.133 1081.8 3.8244 
10 70000 1 2.1e-05 9000 1 0 1102.2 17.135 1081.3 3.8182 
10 70000 1 2.1e-05 10000 1 0 1102.7 17.13 1081.8 3.8117 
10 70000 1 2.1e-05 12500 1 0 1098.2 17.133 1077.2 3.8414 
10 70000 1 2.1e-05 15000 1 0 1097.8 17.129 1076.9 3.7784 
10 70000 1 2.1e-05 17500 1 0 1098.3 17.134 1077.3 3.7747 
10 70000 1 2.1e-05 20000 1 0 1097.8 17.132 1076.8 3.8314 
10 70000 1 2.1e-05 22500 1 0 1097.4 17.136 1076.5 3.7906 
10 70000 1 2.1e-05 25000 1 0 1097.9 17.135 1076.9 3.8254 
10 70000 1 2.1e-05 27500 1 0 1098.3 17.132 1077.4 3.7807 
10 70000 1 2.1e-05 30000 1 0 1098 17.133 1077 3.8168 
10 70000 1 2.1e-05 40000 0.862 0.073833 51.445 17.107 31.374 2.9625 
10 70000 1 2.1e-05 50000 0.624 0.16839 29.179 17.115 9.1184 2.9444 
10 70000 1 2.1e-05 60000 0.162 0.11098 22.205 17.102 2.2101 2.8916 
10 70000 1 2.1e-05 70000 0 0 20.048 17.113 1.3732e-05 2.9334 
10 80000 1 2.1e-05 4000 1 0 1097.8 19.619 1073.9 4.3221 
10 80000 1 2.1e-05 5000 1 0 1097.3 19.616 1073.3 4.3382 
10 80000 1 2.1e-05 6000 1 0 1097.9 19.619 1074 4.2936 
10 80000 1 2.1e-05 7000 1 0 1097.3 19.616 1073.4 4.3256 
10 80000 1 2.1e-05 8000 1 0 1097.9 19.617 1073.9 4.3086 
10 80000 1 2.1e-05 9000 1 0 1096.2 19.627 1072.3 4.3228 
10 80000 1 2.1e-05 10000 1 0 1097.8 19.618 1073.9 4.2879 
10 80000 1 2.1e-05 12500 1 0 1097.2 19.615 1073.3 4.3369 
10 80000 1 2.1e-05 15000 1 0 1097.8 19.618 1073.9 4.2808 
10 80000 1 2.1e-05 17500 1 0 1097.3 19.619 1073.3 4.3297 
10 80000 1 2.1e-05 20000 1 0 1097.9 19.615 1073.9 4.327 
10 80000 1 2.1e-05 22500 1 0 1097.1 19.614 1073.2 4.3003 
10 80000 1 2.1e-05 25000 1 0 1097.9 19.618 1073.9 4.3253 
10 80000 1 2.1e-05 27500 1 0 1094.8 19.622 1070.9 4.2905 
10 80000 1 2.1e-05 30000 1 0 1096.5 19.622 1072.5 4.3294 
10 80000 1 2.1e-05 40000 0.914 0.058371 320.66 19.601 297.44 3.6197 
10 80000 1 2.1e-05 50000 0.776 0.11166 40.908 19.602 17.947 3.3581 
10 80000 1 2.1e-05 60000 0.47 0.1752 29.14 19.6 6.193 3.3461 
10 80000 1 2.1e-05 70000 0.128 0.086955 24.442 19.591 1.5348 3.315 
10 80000 1 2.1e-05 80000 0 0 23.039 19.618 1.4943e-05 3.4209 
10 90000 1 2.1e-05 4000 1 0 1097.2 22.018 1070.3 4.9197 
10 90000 1 2.1e-05 5000 1 0 1097.3 22.018 1070.4 4.9243 
10 90000 1 2.1e-05 6000 1 0 1097.2 22.012 1070.3 4.883 
10 90000 1 2.1e-05 7000 1 0 1097.4 22.018 1070.4 4.9121 
10 90000 1 2.1e-05 8000 1 0 1096.1 22.019 1069.2 4.8786 
10 90000 1 2.1e-05 9000 1 0 1097.4 22.017 1070.4 4.8913 
10 90000 1 2.1e-05 10000 1 0 1097.1 22.014 1070.2 4.9255 
10 90000 1 2.1e-05 12500 1 0 1097.5 22.012 1070.6 4.873 
10 90000 1 2.1e-05 15000 1 0 1097.2 22.023 1070.3 4.9347 
10 90000 1 2.1e-05 17500 1 0 1097.2 22.012 1070.3 4.8833 
10 90000 1 2.1e-05 20000 1 0 1097.1 22.016 1070.1 4.9342 
10 90000 1 2.1e-05 22500 1 0 1096 22.024 1069.1 4.8776 
10 90000 1 2.1e-05 25000 1 0 1097.2 22.014 1070.2 4.9307 
10 90000 1 2.1e-05 27500 1 0 1097.1 22.017 1070.2 4.8841 
10 90000 1 2.1e-05 30000 1 0 1097.4 22.015 1070.5 4.9279 
10 90000 1 2.1e-05 40000 1 0 1096.8 22.016 1070 4.8671 
10 90000 1 2.1e-05 50000 0.878 0.072363 63.716 21.996 37.939 3.7802 
10 90000 1 2.1e-05 60000 0.712 0.1423 40.374 21.997 14.603 3.7727 
10 90000 1 2.1e-05 70000 0.37 0.17031 30.698 22.001 4.9094 3.7865 
10 90000 1 2.1e-05 80000 0.078 0.051139 26.632 21.982 0.94284 3.7066 
10 90000 1 2.1e-05 90000 0 0 25.951 22.031 1.4636e-05 3.919 
10 100000 1 2.1e-05 4000 1 0 1096.4 24.498 1066.4 5.5021 
10 100000 1 2.1e-05 5000 1 0 1096.6 24.501 1066.6 5.4863 
10 100000 1 2.1e-05 6000 1 0 1095.4 24.501 1065.5 5.4243 
10 100000 1 2.1e-05 7000 1 0 1096.6 24.5 1066.6 5.4898 
10 100000 1 2.1e-05 8000 1 0 1096.5 24.498 1066.6 5.4261 
10 100000 1 2.1e-05 9000 1 0 1096.5 24.5 1066.5 5.4889 
10 100000 1 2.1e-05 10000 1 0 1096.6 24.502 1066.7 5.4345 
10 100000 1 2.1e-05 12500 1 0 1096.5 24.497 1066.5 5.4796 
10 100000 1 2.1e-05 15000 1 0 1096.7 24.498 1066.8 5.4372 
10 100000 1 2.1e-05 17500 1 0 1096.6 24.498 1066.6 5.4794 
10 100000 1 2.1e-05 20000 1 0 1095.7 24.502 1065.8 5.4494 
10 100000 1 2.1e-05 22500 1 0 1096.6 24.499 1066.6 5.4811 
10 100000 1 2.1e-05 25000 1 0 1096.7 24.496 1066.7 5.4472 
10 100000 1 2.1e-05 27500 1 0 1096.6 24.497 1066.6 5.4768 
10 100000 1 2.1e-05 30000 1 0 1096.7 24.495 1066.8 5.4634 
10 100000 1 2.1e-05 40000 1 0 1096.4 24.502 1066.4 5.4981 
10 100000 1 2.1e-05 50000 0.914 0.058371 326.06 24.505 297 4.5527 
10 100000 1 2.1e-05 60000 0.822 0.088282 50.072 24.476 21.372 4.2233 
10 100000 1 2.1e-05 70000 0.656 0.1666 39.291 24.478 10.556 4.2559 
10 100000 1 2.1e-05 80000 0.3 0.14653 32.908 24.48 4.1447 4.2825 
10 100000 1 2.1e-05 90000 0.06 0.039184 29.238 24.48 0.5496 4.207 
10 100000 1 2.1e-05 100000 0 0 28.96 24.499 1.3285e-05 4.4598 
10 150000 1 2.1e-05 4000 1 0 1109.3 36.732 1064.3 8.2015 
10 150000 1 2.1e-05 5000 1 0 1108.6 36.733 1063.7 8.1779 
10 150000 1 2.1e-05 6000 1 0 1110 36.732 1065.1 8.1355 
10 150000 1 2.1e-05 7000 1 0 1110.1 36.725 1065.2 8.194 
10 150000 1 2.1e-05 8000 1 0 1110 36.731 1065.1 8.146 
10 150000 1 2.1e-05 9000 1 0 1110 36.731 1065 8.1898 
10 150000 1 2.1e-05 10000 1 0 1110 36.741 1065.1 8.1923 
10 150000 1 2.1e-05 12500 1 0 1109.8 36.732 1065 8.1071 
10 150000 1 2.1e-05 15000 1 0 1109.2 36.742 1064.2 8.1747 
10 150000 1 2.1e-05 17500 1 0 1110 36.726 1065.1 8.1321 
10 150000 1 2.1e-05 20000 1 0 1109.8 36.724 1064.9 8.2318 
10 150000 1 2.1e-05 22500 1 0 1110.2 36.733 1065.2 8.2149 
10 150000 1 2.1e-05 25000 1 0 1110.2 36.739 1065.3 8.1481 
10 150000 1 2.1e-05 27500 1 0 1110.1 36.732 1065.2 8.2488 
10 150000 1 2.1e-05 30000 1 0 1104.9 36.732 1060 8.1253 
10 150000 1 2.1e-05 40000 1 0 1106 36.737 1061.1 8.2013 
10 150000 1 2.1e-05 50000 1 0 1105.7 36.725 1060.9 8.114 
10 150000 1 2.1e-05 60000 1 0 1105.6 36.74 1060.7 8.1814 
10 150000 1 2.1e-05 70000 0.99 0.002551 1089.2 36.749 1044.3 8.1546 
10 150000 1 2.1e-05 80000 0.894 0.071596 104.61 36.706 61.506 6.3936 
10 150000 1 2.1e-05 90000 0.818 0.090078 64.357 36.703 21.334 6.3187 
10 150000 1 2.1e-05 100000 0.712 0.1423 57.596 36.705 14.617 6.2729 
10 150000 1 2.1e-05 150000 0 0 43.155 36.707 1.6537e-05 6.4467 
10 250000 1 2.1e-05 4000 1 0 1135.1 61.203 1060.4 13.545 
10 250000 1 2.1e-05 5000 1 0 1135 61.21 1060.3 13.45 
10 250000 1 2.1e-05 6000 1 0 1136.3 61.407 1061.4 13.527 
10 250000 1 2.1e-05 7000 1 0 1134.2 61.222 1059.4 13.564 
10 250000 1 2.1e-05 8000 1 0 1167.6 64.281 1088.4 14.927 
10 250000 1 2.1e-05 9000 1 0 1177.5 65.286 1096.8 15.365 
10 250000 1 2.1e-05 10000 1 0 1177 65.22 1096.4 15.345 
10 250000 1 2.1e-05 12500 1 0 1176.9 65.281 1096.3 15.39 
10 250000 1 2.1e-05 15000 1 0 1177 65.309 1096.4 15.317 
10 250000 1 2.1e-05 17500 1 0 1177.7 65.374 1096.9 15.444 
10 250000 1 2.1e-05 20000 1 0 1177 65.424 1096.1 15.413 
10 250000 1 2.1e-05 22500 1 0 1176.9 65.299 1096.2 15.4 
10 250000 1 2.1e-05 25000 1 0 1177.3 65.312 1096.5 15.444 
10 250000 1 2.1e-05 27500 1 0 1176.3 65.211 1095.8 15.285 
10 250000 1 2.1e-05 30000 1 0 1176.8 65.291 1096.1 15.379 
10 250000 1 2.1e-05 40000 1 0 1175.7 65.28 1095.1 15.377 
10 250000 1 2.1e-05 50000 1 0 1177.7 65.427 1096.9 15.401 
10 250000 1 2.1e-05 60000 1 0 1177.7 65.354 1096.9 15.462 
10 250000 1 2.1e-05 70000 1 0 1177 65.335 1096.4 15.286 
10 250000 1 2.1e-05 80000 1 0 1177.7 65.293 1097 15.426 
10 250000 1 2.1e-05 90000 1 0 1176.8 65.326 1096.1 15.376 
10 250000 1 2.1e-05 100000 1 0 1176.1 65.285 1095.4 15.394 
10 250000 1 2.1e-05 150000 0.822 0.088282 99.428 65.149 22.171 12.107 
10 250000 1 2.1e-05 200000 0.3 0.14653 82.066 65.176 4.4101 12.478 
10 250000 1 2.1e-05 250000 0 0 78.563 65.229 1.329e-05 13.332 
10 500000 1 2.1e-05 4000 1 0 1214.3 122.49 1064.1 27.731 
10 500000 1 2.1e-05 5000 1 0 1214.9 122.45 1064.7 27.704 
10 500000 1 2.1e-05 6000 1 0 1214.6 122.47 1064.8 27.365 
10 500000 1 2.1e-05 7000 1 0 1214.8 122.48 1064.9 27.348 
10 500000 1 2.1e-05 8000 1 0 1214.7 122.46 1064.6 27.614 
10 500000 1 2.1e-05 9000 1 0 1213.5 122.47 1063.6 27.42 
10 500000 1 2.1e-05 10000 1 0 1214.8 122.52 1064.8 27.426 
10 500000 1 2.1e-05 12500 1 0 1213.9 122.46 1063.9 27.608 
10 500000 1 2.1e-05 15000 1 0 1212.7 122.44 1062.8 27.438 
10 500000 1 2.1e-05 17500 1 0 1212.3 122.43 1062.2 27.611 
10 500000 1 2.1e-05 20000 1 0 1213.6 122.41 1063.5 27.695 
10 500000 1 2.1e-05 22500 1 0 1212.7 122.42 1062.8 27.427 
10 500000 1 2.1e-05 25000 1 0 1211.6 122.45 1062 27.227 
10 500000 1 2.1e-05 27500 1 0 1210.1 122.44 1062.3 25.299 
