10 5 2 3813.37 1 0.98 0.002 2.3726
10 5 2 3813.4 2 0.84 0.023 1.3173
10 5 2 3813.4 3 0.74 0.023 0.96167
10 5 2 3813.4 4 0.74 0.023 0.95615
10 5 2 3813.4 5 0.74 0.023 0.95204
10 5 3 3813.37 1 0.94 0.018 1.5791
10 5 3 3813.4 2 0.76 0.063 0.98104
10 5 3 3813.4 3 0.76 0.063 0.98545
10 5 3 3813.4 4 0.76 0.063 0.98092
10 5 3 3813.4 5 0.76 0.063 0.97728
10 10 2 3813.37 1 0.98 0.002 3.0678
10 10 2 3813.4 2 0.96 0.008 2.4682
10 10 2 3813.4 3 0.92 0.017 1.7693
10 10 2 3813.4 4 0.76 0.053 1.1886
10 10 2 3813.4 5 0.5 0.065 0.81491
10 10 2 3813.4 10 0.5 0.065 0.81759
10 10 3 3813.37 1 0.96 0.003 2.5904
10 10 3 3813.4 2 0.76 0.113 1.5634
10 10 3 3813.4 3 0.6 0.165 1.0723
10 10 3 3813.4 4 0.58 0.147 1.0658
10 10 3 3813.4 5 0.58 0.147 1.0625
10 10 3 3813.4 10 0.58 0.147 1.0847
