10 10 4 3813.37 1 0.96 0.003 1.9265
10 10 4 3813.4 2 0.74 0.043 1.2728
10 10 4 3813.4 3 0.46 0.068 1.0425
10 10 4 3813.4 4 0.22 0.027 0.92535
10 10 4 3813.4 5 0.06 0.003 0.85861
10 10 4 3813.4 8 0 0 0.83916
10 10 4 3813.4 10 0 0 0.83819
10 10 5 3813.37 1 0.68 0.032 1.762
10 10 5 3813.4 2 0.34 0.043 1.2203
10 10 5 3813.4 3 0.14 0.008 1.1091
10 10 5 3813.4 4 0.06 0.003 1.0844
10 10 5 3813.4 5 0 0 1.0683
10 10 5 3813.4 8 0 0 1.0673
10 10 5 3813.4 10 0 0 1.0664
10 20 4 3813.37 1 0.96 0.008 3.4282
10 20 4 3813.4 2 0.82 0.022 2.5729
10 20 4 3813.4 3 0.68 0.087 2.1273
10 20 4 3813.4 4 0.5 0.075 1.9056
10 20 4 3813.4 5 0.36 0.103 1.825
10 20 4 3813.4 8 0.1 0.01 1.7142
10 20 4 3813.4 10 0.02 0.002 1.6942
10 20 5 3813.37 1 0.9 0.015 3.2147
10 20 5 3813.4 2 0.64 0.083 2.5482
10 20 5 3813.4 3 0.48 0.082 2.346
10 20 5 3813.4 4 0.22 0.022 2.2134
10 20 5 3813.4 5 0.12 0.017 2.182
10 20 5 3813.4 8 0.02 0.002 2.1448
10 20 5 3813.4 10 0 0 2.1412
