10 1 3 2.1e-05 1 0.31 0.070714 135.52 0.0026797 135.52 0.00014452 
10 5 3 2.1e-05 1 0.872 0.074302 523.24 0.005878 523.23 0.00036363 
10 5 3 2.1e-05 2 0.694 0.11282 133.61 0.0059305 133.61 0.00031923 
10 5 3 2.1e-05 3 0.46 0.12776 23.915 0.0055601 23.909 0.00021203 
10 5 3 2.1e-05 4 0.236 0.065616 4.874 0.0040404 4.8697 0.0001926 
10 5 3 2.1e-05 5 0.056 0.0082286 0.67035 0.0038249 0.66632 0.00015288 
10 10 3 2.1e-05 1 0.944 0.024147 796.01 0.010217 796 0.00090585 
10 10 3 2.1e-05 2 0.828 0.055935 391.98 0.010007 391.97 0.0009124 
10 10 3 2.1e-05 3 0.686 0.11429 136.75 0.0099468 136.74 0.00063605 
10 10 3 2.1e-05 4 0.558 0.1233 38.432 0.010021 38.421 0.00055891 
10 10 3 2.1e-05 5 0.404 0.11713 10.683 0.0082622 10.674 0.00050957 
10 10 3 2.1e-05 8 0.092 0.045241 1.167 0.0075333 1.159 0.00035375 
10 10 3 2.1e-05 10 0.008 0.0019755 0.10444 0.0073111 0.096852 0.00024647 
10 25 3 2.1e-05 1 0.994 0.0018 1067.1 0.023048 1067 0.0016016 
10 25 3 2.1e-05 2 0.986 0.0040857 908.95 0.022912 908.92 0.0017175 
10 25 3 2.1e-05 3 0.948 0.017649 658.61 0.022513 658.58 0.0014464 
10 25 3 2.1e-05 4 0.908 0.033812 409.04 0.02237 409.01 0.0011909 
10 25 3 2.1e-05 5 0.844 0.058433 214.02 0.022018 214 0.00096361 
10 25 3 2.1e-05 8 0.64 0.14571 21.936 0.02205 21.913 0.00079791 
10 25 3 2.1e-05 10 0.514 0.16898 9.048 0.0211 9.026 0.00075294 
10 25 3 2.1e-05 12 0.372 0.15308 5.5082 0.019764 5.4877 0.00071351 
10 25 3 2.1e-05 15 0.222 0.11808 2.8554 0.019214 2.8355 0.00065854 
10 25 3 2.1e-05 20 0.056 0.031086 0.61747 0.018527 0.59834 0.00056034 
10 25 3 2.1e-05 25 0.002 0.0002 0.036618 0.018217 0.017875 0.00049245 
10 50 3 2.1e-05 1 1 0 1103.8 0.043845 1103.7 0.0026785 
10 50 3 2.1e-05 2 1 0 1091.7 0.043831 1091.6 0.0029292 
10 50 3 2.1e-05 3 0.994 0.00098367 1045.4 0.043541 1045.4 0.0028595 
10 50 3 2.1e-05 4 0.984 0.0054531 951.35 0.043253 951.31 0.0027456 
10 50 3 2.1e-05 5 0.974 0.0097184 805.67 0.043095 805.63 0.0025687 
10 50 3 2.1e-05 8 0.902 0.042241 294.26 0.042223 294.22 0.0018748 
10 50 3 2.1e-05 10 0.836 0.079086 105.64 0.041925 105.6 0.0015466 
10 50 3 2.1e-05 12 0.764 0.1048 38.367 0.042006 38.323 0.001441 
10 50 3 2.1e-05 15 0.698 0.13571 16.234 0.041293 16.191 0.0013455 
10 50 3 2.1e-05 20 0.522 0.174 8.1005 0.039397 8.0597 0.0013316 
10 50 3 2.1e-05 25 0.356 0.14292 5.0641 0.038618 5.0241 0.0012576 
10 50 3 2.1e-05 30 0.202 0.11734 2.6381 0.037721 2.5992 0.0012004 
10 50 3 2.1e-05 40 0.032 0.013649 0.30965 0.036415 0.27211 0.00108 
10 50 3 2.1e-05 50 0 0 0.037126 0.036066 4.5737e-06 0.0010178 
10 75 3 2.1e-05 1 1 0 1103.4 0.063802 1103.3 0.0036844 
10 75 3 2.1e-05 2 1 0 1102.6 0.064139 1102.6 0.0040417 
10 75 3 2.1e-05 3 0.998 0.0002 1098.3 0.063832 1098.2 0.0040053 
10 75 3 2.1e-05 4 0.996 0.00039184 1082.8 0.063818 1082.8 0.0039252 
10 75 3 2.1e-05 5 0.996 0.00039184 1049.4 0.063629 1049.3 0.00387 
10 75 3 2.1e-05 8 0.958 0.01718 753.6 0.063105 753.53 0.0034787 
10 75 3 2.1e-05 10 0.92 0.03551 461.18 0.062087 461.11 0.0029741 
10 75 3 2.1e-05 12 0.876 0.068392 230.31 0.06143 230.24 0.0024364 
10 75 3 2.1e-05 15 0.828 0.077976 64.926 0.061218 64.863 0.0021301 
10 75 3 2.1e-05 20 0.752 0.1152 17.987 0.0608 17.924 0.0019682 
10 75 3 2.1e-05 25 0.658 0.15514 11.79 0.058709 11.729 0.0019115 
10 75 3 2.1e-05 30 0.536 0.15704 8.2155 0.058371 8.1551 0.0018885 
10 75 3 2.1e-05 40 0.268 0.12957 4.2432 0.056659 4.1846 0.001826 
10 75 3 2.1e-05 50 0.136 0.084392 1.6291 0.055108 1.5722 0.0016831 
10 75 3 2.1e-05 60 0.022 0.0082816 0.23885 0.054034 0.18315 0.0016129 
10 75 3 2.1e-05 70 0.002 0.0002 0.073114 0.053578 0.017909 0.0015808 
10 100 3 2.1e-05 1 1 0 1100.9 0.084218 1100.8 0.0052704 
10 100 3 2.1e-05 2 1 0 1100.8 0.084504 1100.7 0.0050812 
10 100 3 2.1e-05 3 1 0 1069.4 0.083789 1069.4 0.0048698 
10 100 3 2.1e-05 4 0.998 0.0002 1064.2 0.083749 1064.1 0.0048304 
10 100 3 2.1e-05 5 0.992 0.0032 1058 0.0836 1057.9 0.0048036 
10 100 3 2.1e-05 8 0.984 0.0058612 968.26 0.083142 968.18 0.0046817 
10 100 3 2.1e-05 10 0.968 0.0112 802.78 0.082929 802.69 0.0044064 
10 100 3 2.1e-05 12 0.944 0.026188 571.22 0.082174 571.14 0.0039489 
10 100 3 2.1e-05 15 0.908 0.048506 257.85 0.08094 257.77 0.003128 
10 100 3 2.1e-05 20 0.848 0.077649 49.164 0.080277 49.081 0.0026615 
10 100 3 2.1e-05 25 0.79 0.098469 20.578 0.079065 20.496 0.0025062 
10 100 3 2.1e-05 30 0.718 0.12396 14.951 0.079014 14.87 0.0025949 
10 100 3 2.1e-05 40 0.534 0.17821 7.9838 0.07796 7.9034 0.0024401 
10 100 3 2.1e-05 50 0.334 0.14882 4.9458 0.075784 4.8676 0.0023998 
10 100 3 2.1e-05 60 0.204 0.10978 2.8686 0.074534 2.7917 0.0023252 
10 100 3 2.1e-05 70 0.084 0.046678 0.82752 0.073361 0.75184 0.0022577 
10 100 3 2.1e-05 80 0.018 0.0043633 0.21949 0.072058 0.14519 0.0021876 
10 100 3 2.1e-05 90 0.004 0.00039184 0.10947 0.071564 0.035691 0.0021703 
10 100 3 2.1e-05 100 0 0 0.073282 0.071091 5.4175e-06 0.0021396 
10 125 3 2.1e-05 1 1 0 1092.5 0.10394 1092.4 0.0090674 
10 125 3 2.1e-05 2 1 0 1050.3 0.10386 1050.2 0.0059433 
10 125 3 2.1e-05 3 1 0 1081.2 0.10712 1081.1 0.0060375 
10 125 3 2.1e-05 4 1 0 1104.2 0.10889 1104.1 0.0061971 
10 125 3 2.1e-05 5 1 0 1103.4 0.10985 1103.3 0.0061448 
10 125 3 2.1e-05 8 0.998 0.0002 1054.3 0.10593 1054.2 0.0059888 
10 125 3 2.1e-05 10 0.996 0.00039184 994.94 0.10518 994.83 0.0058657 
10 125 3 2.1e-05 12 0.976 0.0055347 870.24 0.10515 870.13 0.0055572 
10 125 3 2.1e-05 15 0.932 0.03569 572.62 0.1036 572.51 0.0048171 
10 125 3 2.1e-05 20 0.894 0.058943 158.68 0.10206 158.57 0.0036434 
10 125 3 2.1e-05 25 0.844 0.074351 39.802 0.10174 39.697 0.0032488 
10 125 3 2.1e-05 30 0.786 0.098371 20.497 0.10046 20.393 0.0031405 
10 125 3 2.1e-05 40 0.696 0.14325 12.084 0.098249 11.982 0.0030599 
10 125 3 2.1e-05 50 0.532 0.16181 7.3667 0.097538 7.266 0.0030077 
10 125 3 2.1e-05 60 0.352 0.165 4.7065 0.095979 4.6075 0.0029661 
10 125 3 2.1e-05 70 0.238 0.12281 3.0616 0.096372 2.962 0.0031331 
10 125 3 2.1e-05 80 0.11 0.05398 1.3277 0.097097 1.2276 0.0029765 
10 125 3 2.1e-05 90 0.056 0.042106 0.70567 0.092877 0.60984 0.002894 
10 125 3 2.1e-05 100 0.02 0.0065306 0.24213 0.092675 0.14652 0.0028757 
10 125 3 2.1e-05 125 0 0 0.093623 0.090758 8.8606e-06 0.0028029 
10 150 3 2.1e-05 1 1 0 1098 0.12289 1097.9 0.0072848 
10 150 3 2.1e-05 2 1 0 1097.7 0.1234 1097.6 0.0076847 
10 150 3 2.1e-05 3 1 0 1097.4 0.1229 1097.3 0.0076891 
10 150 3 2.1e-05 4 1 0 1098.6 0.12305 1098.5 0.0076943 
10 150 3 2.1e-05 5 1 0 1099.4 0.12315 1099.3 0.0077371 
10 150 3 2.1e-05 8 1 0 1093.9 0.12388 1093.8 0.0078205 
10 150 3 2.1e-05 10 1 0 1078.4 0.12291 1078.2 0.0076395 
10 150 3 2.1e-05 12 0.99 0.0021429 1031.8 0.12267 1031.7 0.0075674 
10 150 3 2.1e-05 15 0.972 0.0065469 858.83 0.12164 858.7 0.00711 
10 150 3 2.1e-05 20 0.924 0.046351 391.38 0.11953 391.25 0.0055708 
10 150 3 2.1e-05 25 0.886 0.056331 106.15 0.11855 106.02 0.0044285 
10 150 3 2.1e-05 30 0.83 0.081735 35.339 0.11731 35.218 0.0039655 
10 150 3 2.1e-05 40 0.74 0.12898 17.309 0.11608 17.188 0.00413 
10 150 3 2.1e-05 50 0.654 0.16253 12.118 0.11643 11.998 0.0038668 
10 150 3 2.1e-05 60 0.542 0.17106 7.6842 0.11465 7.5656 0.0038897 
10 150 3 2.1e-05 70 0.376 0.15574 5.1962 0.11416 5.078 0.0038896 
10 150 3 2.1e-05 80 0.264 0.13092 3.9309 0.11335 3.8137 0.0038114 
10 150 3 2.1e-05 90 0.188 0.11618 2.6028 0.11275 2.4862 0.0037605 
10 150 3 2.1e-05 100 0.108 0.0632 1.4278 0.11185 1.3122 0.0037656 
10 150 3 2.1e-05 125 0.012 0.0018939 0.20293 0.10946 0.089849 0.0035583 
10 150 3 2.1e-05 150 0 0 0.10912 0.10563 7.1535e-06 0.0034322 
10 200 3 2.1e-05 1 1 0 1130 0.17479 1129.8 0.0099138 
10 200 3 2.1e-05 2 1 0 1124.7 0.17411 1124.5 0.0092214 
10 200 3 2.1e-05 3 1 0 1125.2 0.17497 1125.1 0.0091981 
10 200 3 2.1e-05 4 1 0 1125.4 0.17788 1125.2 0.0092223 
10 200 3 2.1e-05 5 1 0 1126.5 0.17269 1126.3 0.0090925 
10 200 3 2.1e-05 8 1 0 1126.9 0.1762 1126.7 0.0092181 
10 200 3 2.1e-05 10 1 0 1124.8 0.17547 1124.7 0.0092235 
10 200 3 2.1e-05 12 1 0 1121.7 0.17283 1121.5 0.0090839 
10 200 3 2.1e-05 15 1 0 1062.9 0.16761 1062.7 0.0090136 
10 200 3 2.1e-05 20 0.99 0.0013265 856.44 0.16098 856.27 0.0082878 
10 200 3 2.1e-05 25 0.932 0.029976 474.07 0.15828 473.9 0.0068887 
10 200 3 2.1e-05 30 0.904 0.052229 171.43 0.15602 171.26 0.0056055 
10 200 3 2.1e-05 40 0.83 0.083776 30.042 0.15473 29.882 0.0047431 
10 200 3 2.1e-05 50 0.762 0.11465 17.855 0.15537 17.695 0.0049347 
10 200 3 2.1e-05 60 0.706 0.14343 13.895 0.1542 13.736 0.0047438 
10 200 3 2.1e-05 70 0.634 0.1627 10.274 0.15303 10.116 0.0047522 
10 200 3 2.1e-05 80 0.522 0.17726 7.4749 0.15288 7.3172 0.0047182 
10 200 3 2.1e-05 90 0.424 0.17166 5.8208 0.15299 5.663 0.0046955 
10 200 3 2.1e-05 100 0.34 0.15265 4.7645 0.1531 4.6066 0.004685 
10 200 3 2.1e-05 125 0.164 0.10521 2.4122 0.15201 2.2555 0.0045951 
10 200 3 2.1e-05 150 0.036 0.025208 0.48514 0.15022 0.33029 0.0045606 
10 200 3 2.1e-05 200 0 0 0.15303 0.14841 1.1879e-05 0.0045373 
10 250 3 2.1e-05 1 1 0 1077.9 0.20053 1077.7 0.013599 
10 250 3 2.1e-05 2 1 0 1051.5 0.19938 1051.3 0.010824 
10 250 3 2.1e-05 3 1 0 1051.3 0.19947 1051.1 0.010917 
10 250 3 2.1e-05 4 1 0 1051.5 0.19949 1051.3 0.010887 
10 250 3 2.1e-05 5 1 0 1051 0.19952 1050.8 0.010893 
10 250 3 2.1e-05 8 1 0 1051.2 0.19899 1051 0.010755 
10 250 3 2.1e-05 10 1 0 1051.4 0.19948 1051.2 0.010938 
10 250 3 2.1e-05 12 1 0 1051.6 0.19946 1051.4 0.010893 
10 250 3 2.1e-05 15 1 0 1048.9 0.19904 1048.7 0.010815 
10 250 3 2.1e-05 20 1 0 1016 0.1988 1015.8 0.010758 
10 250 3 2.1e-05 25 0.99 0.0021429 867.53 0.20195 867.32 0.010289 
10 250 3 2.1e-05 30 0.944 0.020473 552.35 0.20025 552.14 0.0087504 
10 250 3 2.1e-05 40 0.892 0.059118 92.847 0.19705 92.644 0.0065691 
10 250 3 2.1e-05 50 0.848 0.075608 29.064 0.19546 28.862 0.0062118 
10 250 3 2.1e-05 60 0.778 0.11849 18.862 0.19502 18.661 0.0059036 
10 250 3 2.1e-05 70 0.734 0.13086 15.122 0.19337 14.923 0.0059152 
10 250 3 2.1e-05 80 0.69 0.14622 12.215 0.19499 12.014 0.005888 
10 250 3 2.1e-05 90 0.624 0.16186 9.441 0.19503 9.2397 0.006167 
10 250 3 2.1e-05 100 0.528 0.17063 7.1292 0.19567 6.9276 0.0058764 
10 250 3 2.1e-05 125 0.31 0.15071 4.5459 0.19376 4.3462 0.0059121 
10 250 3 2.1e-05 150 0.184 0.11443 2.7942 0.19457 2.5936 0.0059043 
10 250 3 2.1e-05 200 0.03 0.014388 0.43909 0.19384 0.23929 0.0058766 
10 250 3 2.1e-05 250 0 0 0.20019 0.19423 1.6055e-05 0.0058538 
10 300 3 2.1e-05 1 1 0 1104.3 0.25055 1104.1 0.013858 
10 300 3 2.1e-05 2 1 0 1099.2 0.25349 1098.9 0.012837 
10 300 3 2.1e-05 3 1 0 1097.9 0.26711 1097.7 0.010736 
10 300 3 2.1e-05 4 1 0 1098.6 0.26651 1098.4 0.010729 
10 300 3 2.1e-05 5 1 0 1099.8 0.27077 1099.5 0.010718 
10 300 3 2.1e-05 8 1 0 1100.1 0.2659 1099.8 0.010757 
10 300 3 2.1e-05 10 1 0 1074.5 0.26192 1074.2 0.0081997 
10 300 3 2.1e-05 12 1 0 1079.4 0.26403 1079.1 0.0077003 
10 300 3 2.1e-05 15 1 0 1068.3 0.26136 1068 0.0076911 
10 300 3 2.1e-05 20 0.994 0.00057551 1049.1 0.25794 1048.8 0.0076311 
10 300 3 2.1e-05 25 0.988 0.0027102 1021.9 0.25985 1021.6 0.0076646 
10 300 3 2.1e-05 30 0.958 0.022078 875.73 0.25842 875.47 0.007523 
10 300 3 2.1e-05 40 0.91 0.046224 307.53 0.25751 307.27 0.0070124 
10 300 3 2.1e-05 50 0.874 0.072576 60.66 0.25586 60.397 0.0067619 
10 300 3 2.1e-05 60 0.812 0.092506 26.779 0.2553 26.517 0.0067301 
10 300 3 2.1e-05 70 0.766 0.11984 19.168 0.25521 18.906 0.0066803 
10 300 3 2.1e-05 80 0.724 0.139 16.245 0.25577 15.982 0.0067483 
10 300 3 2.1e-05 90 0.696 0.14896 13.597 0.25398 13.337 0.0067213 
10 300 3 2.1e-05 100 0.656 0.16292 11.352 0.25387 11.092 0.0067095 
10 300 3 2.1e-05 125 0.48 0.17837 6.4846 0.25361 6.2242 0.0067102 
10 300 3 2.1e-05 150 0.298 0.14224 4.3784 0.25443 4.1172 0.0066558 
10 300 3 2.1e-05 200 0.088 0.052098 1.2318 0.25633 0.9687 0.0067312 
10 300 3 2.1e-05 250 0.01 0.0017347 0.33271 0.25499 0.071004 0.0066549 
10 300 3 2.1e-05 300 0 0 0.26234 0.25557 1.4883e-05 0.006697 
10 350 3 2.1e-05 1 1 0 1096.4 0.2792 1096.1 0.014704 
10 350 3 2.1e-05 2 1 0 1095.7 0.27844 1095.5 0.014878 
10 350 3 2.1e-05 3 1 0 1095.4 0.279 1095.1 0.015125 
10 350 3 2.1e-05 4 1 0 1094.8 0.27914 1094.5 0.014973 
10 350 3 2.1e-05 5 1 0 1095.3 0.27913 1095 0.015041 
10 350 3 2.1e-05 8 1 0 1095.3 0.279 1095 0.015107 
10 350 3 2.1e-05 10 1 0 1095.2 0.27907 1094.9 0.015003 
10 350 3 2.1e-05 12 1 0 1093.6 0.27901 1093.3 0.015071 
10 350 3 2.1e-05 15 1 0 1088.5 0.27824 1088.2 0.014845 
10 350 3 2.1e-05 20 1 0 1088.5 0.27911 1088.2 0.014898 
10 350 3 2.1e-05 25 1 0 1088.6 0.27873 1088.3 0.015107 
10 350 3 2.1e-05 30 0.996 0.00039184 1050.3 0.27741 1050 0.014671 
10 350 3 2.1e-05 40 0.962 0.013016 666.48 0.27292 666.19 0.012623 
10 350 3 2.1e-05 50 0.926 0.043188 177.38 0.26782 177.1 0.0095591 
10 350 3 2.1e-05 60 0.874 0.064004 49.219 0.26494 48.946 0.0083086 
10 350 3 2.1e-05 70 0.838 0.082404 27.568 0.26632 27.293 0.0085453 
10 350 3 2.1e-05 80 0.794 0.10302 19.637 0.26374 19.365 0.0081164 
10 350 3 2.1e-05 90 0.75 0.12296 16.393 0.26292 16.122 0.0080648 
10 350 3 2.1e-05 100 0.72 0.13755 14.655 0.26486 14.382 0.0085044 
10 350 3 2.1e-05 125 0.606 0.17404 9.0072 0.26378 8.7353 0.0080342 
10 350 3 2.1e-05 150 0.454 0.17845 6.2951 0.26311 6.0238 0.008115 
10 350 3 2.1e-05 200 0.212 0.11944 3.0525 0.26308 2.7812 0.0080887 
10 350 3 2.1e-05 250 0.062 0.044037 0.84079 0.26307 0.56955 0.0080681 
10 350 3 2.1e-05 300 0.006 0.00098367 0.32253 0.2636 0.050756 0.0080831 
10 400 3 2.1e-05 1 1 0 1099.4 0.37276 1099 0.027003 
10 400 3 2.1e-05 2 1 0 1098.5 0.37582 1098 0.029573 
10 400 3 2.1e-05 3 1 0 1098.6 0.37227 1098.2 0.027151 
10 400 3 2.1e-05 4 1 0 1098.9 0.36635 1098.5 0.027784 
10 400 3 2.1e-05 5 1 0 1097.5 0.36487 1097.1 0.023937 
10 400 3 2.1e-05 8 1 0 1097.8 0.36293 1097.4 0.023779 
10 400 3 2.1e-05 10 1 0 1096.7 0.36131 1096.3 0.02318 
10 400 3 2.1e-05 12 1 0 1097.1 0.36013 1096.7 0.022895 
10 400 3 2.1e-05 15 1 0 1097.3 0.36161 1096.9 0.023325 
10 400 3 2.1e-05 20 1 0 1097.7 0.36228 1097.3 0.023366 
10 400 3 2.1e-05 25 1 0 1095.9 0.36162 1095.5 0.023222 
10 400 3 2.1e-05 30 0.996 0.00039184 1088.9 0.36003 1088.5 0.022879 
10 400 3 2.1e-05 40 0.972 0.0077714 927.64 0.35743 927.26 0.02187 
10 400 3 2.1e-05 50 0.924 0.046759 443.43 0.34776 443.07 0.017331 
10 400 3 2.1e-05 60 0.904 0.058351 119.95 0.34027 119.6 0.013018 
10 400 3 2.1e-05 70 0.868 0.067935 44.372 0.3389 44.021 0.012106 
10 400 3 2.1e-05 80 0.832 0.085078 27.1 0.33689 26.751 0.011489 
10 400 3 2.1e-05 90 0.798 0.10306 21.691 0.33866 21.34 0.012119 
10 400 3 2.1e-05 100 0.778 0.11114 18.082 0.3363 17.734 0.011539 
10 400 3 2.1e-05 125 0.702 0.13898 13.371 0.33633 13.023 0.011486 
10 400 3 2.1e-05 150 0.584 0.17688 9.0583 0.33855 8.7074 0.01229 
10 400 3 2.1e-05 200 0.304 0.14692 4.7168 0.33802 4.3671 0.01147 
10 400 3 2.1e-05 250 0.132 0.076506 1.8297 0.33604 1.482 0.011525 
10 400 3 2.1e-05 300 0.028 0.01471 0.56265 0.33603 0.21504 0.011471 
10 400 3 2.1e-05 400 0 0 0.34765 0.33608 1.5373e-05 0.011449 
10 500 3 2.1e-05 1 1 0 1046.3 0.42212 1045.8 0.019063 
10 500 3 2.1e-05 2 1 0 1044.7 0.42127 1044.3 0.018722 
10 500 3 2.1e-05 3 1 0 1044.8 0.42131 1044.4 0.018708 
10 500 3 2.1e-05 4 1 0 1044.7 0.42084 1044.3 0.018537 
10 500 3 2.1e-05 5 1 0 1044 0.42154 1043.5 0.018691 
10 500 3 2.1e-05 8 1 0 1044.4 0.42083 1044 0.018663 
10 500 3 2.1e-05 10 1 0 1044.5 0.42141 1044.1 0.018627 
10 500 3 2.1e-05 12 1 0 1044.6 0.42138 1044.2 0.01856 
10 500 3 2.1e-05 15 1 0 1044.6 0.42073 1044.2 0.018531 
10 500 3 2.1e-05 20 1 0 1044.6 0.42125 1044.1 0.018571 
10 500 3 2.1e-05 25 1 0 1044.7 0.42138 1044.3 0.018639 
10 500 3 2.1e-05 30 1 0 1044.4 0.42178 1044 0.018598 
10 500 3 2.1e-05 40 1 0 1043.1 0.42877 1042.6 0.018686 
10 500 3 2.1e-05 50 0.98 0.0044898 944.09 0.45094 943.62 0.018638 
10 500 3 2.1e-05 60 0.94 0.029796 543.8 0.44523 543.34 0.017449 
10 500 3 2.1e-05 70 0.92 0.04898 188.28 0.44047 187.82 0.015949 
10 500 3 2.1e-05 80 0.894 0.058943 64.999 0.44488 64.539 0.015445 
10 500 3 2.1e-05 90 0.868 0.072016 37.92 0.44145 37.463 0.015405 
10 500 3 2.1e-05 100 0.836 0.083984 28.002 0.44104 27.546 0.015151 
10 500 3 2.1e-05 125 0.772 0.11144 18.647 0.44083 18.191 0.015358 
10 500 3 2.1e-05 150 0.706 0.14547 14.731 0.44078 14.275 0.015047 
10 500 3 2.1e-05 200 0.536 0.17949 7.6934 0.43614 7.2422 0.015011 
10 500 3 2.1e-05 250 0.324 0.15329 4.8232 0.43987 4.3681 0.015114 
10 500 3 2.1e-05 300 0.172 0.10328 2.7041 0.43906 2.2498 0.015118 
10 500 3 2.1e-05 400 0.022 0.0082816 0.6364 0.43718 0.18409 0.015027 
10 500 3 2.1e-05 500 0 0 0.45349 0.43831 1.6038e-05 0.015063 
10 600 3 2.1e-05 1 1 0 1091.2 0.55575 1090.6 0.04223 
10 600 3 2.1e-05 2 1 0 1106.6 0.56717 1106 0.043243 
10 600 3 2.1e-05 3 1 0 1109.8 0.56792 1109.2 0.042646 
10 600 3 2.1e-05 4 1 0 1108.6 0.56706 1108 0.042348 
10 600 3 2.1e-05 5 1 0 1109 0.56615 1108.4 0.042216 
10 600 3 2.1e-05 8 1 0 1108.8 0.56693 1108.2 0.042661 
10 600 3 2.1e-05 10 1 0 1108.6 0.56467 1108 0.041436 
10 600 3 2.1e-05 12 1 0 1108.7 0.56518 1108.1 0.042935 
10 600 3 2.1e-05 15 1 0 1057.2 0.50137 1056.7 0.032823 
10 600 3 2.1e-05 20 1 0 1048.4 0.47633 1047.9 0.025959 
10 600 3 2.1e-05 25 1 0 1047.4 0.47736 1046.9 0.02637 
10 600 3 2.1e-05 30 1 0 1068.8 0.4978 1068.3 0.026406 
10 600 3 2.1e-05 40 1 0 1068.5 0.49888 1068 0.026279 
10 600 3 2.1e-05 50 1 0 1056.9 0.49784 1056.4 0.026216 
10 600 3 2.1e-05 60 0.984 0.0030041 946.57 0.49578 946.05 0.025344 
10 600 3 2.1e-05 70 0.946 0.03029 604.26 0.49304 603.74 0.021641 
10 600 3 2.1e-05 80 0.922 0.05522 247.16 0.48601 246.65 0.017014 
10 600 3 2.1e-05 90 0.898 0.058976 88.537 0.48442 88.038 0.015339 
10 600 3 2.1e-05 100 0.878 0.070731 46.041 0.48322 45.544 0.014259 
10 600 3 2.1e-05 125 0.828 0.088588 24.23 0.48067 23.735 0.013858 
10 600 3 2.1e-05 150 0.762 0.11547 17.299 0.47985 16.805 0.013699 
10 600 3 2.1e-05 200 0.654 0.15641 11.106 0.47886 10.614 0.013566 
10 600 3 2.1e-05 250 0.482 0.17538 6.9241 0.48213 6.4276 0.014333 
10 600 3 2.1e-05 300 0.31 0.14827 4.8386 0.48146 4.3433 0.013714 
10 600 3 2.1e-05 400 0.084 0.052392 1.4041 0.47703 0.91339 0.01359 
10 600 3 2.1e-05 500 0.016 0.0042286 0.6128 0.47785 0.12117 0.013681 
10 700 3 2.1e-05 1 1 0 1091.7 0.56873 1091.1 0.023144 
10 700 3 2.1e-05 2 1 0 1091.1 0.57516 1090.5 0.022856 
10 700 3 2.1e-05 3 1 0 1081 0.58286 1080.4 0.021843 
10 700 3 2.1e-05 4 1 0 1051.2 0.56169 1050.6 0.021492 
10 700 3 2.1e-05 5 1 0 1051 0.55976 1050.4 0.021602 
10 700 3 2.1e-05 8 1 0 1051.2 0.55975 1050.6 0.021631 
10 700 3 2.1e-05 10 1 0 1050.9 0.55967 1050.4 0.021642 
10 700 3 2.1e-05 12 1 0 1050.4 0.55975 1049.8 0.021619 
10 700 3 2.1e-05 15 1 0 1050.9 0.55963 1050.3 0.02157 
10 700 3 2.1e-05 20 1 0 1051.1 0.55994 1050.5 0.021584 
10 700 3 2.1e-05 25 1 0 1051.2 0.55959 1050.6 0.021634 
10 700 3 2.1e-05 30 1 0 1051 0.55962 1050.5 0.02169 
10 700 3 2.1e-05 40 1 0 1051.2 0.55964 1050.7 0.021627 
10 700 3 2.1e-05 50 1 0 1050.3 0.55981 1049.8 0.021792 
10 700 3 2.1e-05 60 1 0 1035.8 0.55962 1035.3 0.021532 
10 700 3 2.1e-05 70 0.984 0.0066776 935.29 0.55961 934.71 0.021189 
10 700 3 2.1e-05 80 0.962 0.026078 653.77 0.55876 653.19 0.020186 
10 700 3 2.1e-05 90 0.93 0.038061 315.78 0.56031 315.2 0.018759 
10 700 3 2.1e-05 100 0.912 0.049241 126.77 0.55794 126.19 0.017925 
10 700 3 2.1e-05 125 0.876 0.072473 35.063 0.55776 34.488 0.017648 
10 700 3 2.1e-05 150 0.814 0.088167 21.485 0.5561 20.912 0.017299 
10 700 3 2.1e-05 200 0.714 0.14531 14.898 0.55681 14.324 0.01755 
10 700 3 2.1e-05 250 0.618 0.17089 9.4168 0.55678 8.8426 0.01731 
10 700 3 2.1e-05 300 0.43 0.17398 6.2008 0.55571 5.6278 0.017214 
10 700 3 2.1e-05 400 0.2 0.11469 3.1786 0.5559 2.6054 0.017184 
10 700 3 2.1e-05 500 0.044 0.031086 0.93144 0.55579 0.35832 0.01724 
10 800 3 2.1e-05 1 1 0 1097.1 0.72858 1096.3 0.043737 
10 800 3 2.1e-05 2 1 0 1097.2 0.72651 1096.4 0.044925 
10 800 3 2.1e-05 3 1 0 1097.5 0.72494 1096.7 0.043767 
10 800 3 2.1e-05 4 1 0 1096.2 0.72393 1095.4 0.043628 
10 800 3 2.1e-05 5 1 0 1097.3 0.72654 1096.6 0.043989 
10 800 3 2.1e-05 8 1 0 1097.4 0.72538 1096.6 0.044607 
10 800 3 2.1e-05 10 1 0 1096.8 0.72677 1096 0.044353 
10 800 3 2.1e-05 12 1 0 1096.8 0.72521 1096 0.043841 
10 800 3 2.1e-05 15 1 0 1097.2 0.72738 1096.4 0.044565 
10 800 3 2.1e-05 20 1 0 1096.9 0.72739 1096.2 0.044641 
10 800 3 2.1e-05 25 1 0 1096.2 0.72725 1095.5 0.045688 
10 800 3 2.1e-05 30 1 0 1097 0.72578 1096.2 0.044243 
10 800 3 2.1e-05 40 1 0 1096.8 0.72367 1096 0.043634 
10 800 3 2.1e-05 50 1 0 1097.2 0.72718 1096.4 0.044434 
10 800 3 2.1e-05 60 1 0 1095.5 0.72359 1094.7 0.043059 
10 800 3 2.1e-05 70 1 0 1078.2 0.72548 1077.4 0.043149 
10 800 3 2.1e-05 80 0.996 0.00039184 984.52 0.72493 983.75 0.044125 
10 800 3 2.1e-05 90 0.96 0.013469 733.26 0.71456 732.5 0.040311 
10 800 3 2.1e-05 100 0.928 0.044914 397.56 0.70854 396.82 0.035355 
10 800 3 2.1e-05 125 0.896 0.061616 62.991 0.69675 62.266 0.02761 
10 800 3 2.1e-05 150 0.862 0.075057 31.269 0.69629 30.545 0.027139 
10 800 3 2.1e-05 200 0.764 0.11541 18.402 0.6951 17.68 0.026171 
10 800 3 2.1e-05 250 0.684 0.15035 13.526 0.69319 12.807 0.026243 
10 800 3 2.1e-05 300 0.558 0.1731 8.6742 0.69338 7.9547 0.026071 
10 800 3 2.1e-05 400 0.304 0.14815 4.9234 0.69247 4.2049 0.025834 
10 800 3 2.1e-05 500 0.15 0.099286 2.5335 0.69223 1.8153 0.025849 
10 900 3 2.1e-05 1 1 0 1046.9 0.68049 1046.1 0.038681 
10 900 3 2.1e-05 2 1 0 1046.9 0.68011 1046.2 0.036248 
10 900 3 2.1e-05 3 1 0 1046.9 0.67955 1046.2 0.035761 
10 900 3 2.1e-05 4 1 0 1046.9 0.68025 1046.2 0.036081 
10 900 3 2.1e-05 5 1 0 1046.2 0.68045 1045.5 0.036127 
10 900 3 2.1e-05 8 1 0 1047 0.67973 1046.3 0.035732 
10 900 3 2.1e-05 10 1 0 1047 0.68027 1046.3 0.03609 
10 900 3 2.1e-05 12 1 0 1047 0.68043 1046.3 0.036073 
10 900 3 2.1e-05 15 1 0 1047 0.6796 1046.3 0.035694 
10 900 3 2.1e-05 20 1 0 1047 0.68019 1046.2 0.036213 
10 900 3 2.1e-05 25 1 0 1046.6 0.68021 1045.9 0.03615 
10 900 3 2.1e-05 30 1 0 1043.5 0.67942 1042.8 0.035929 
10 900 3 2.1e-05 40 1 0 1042.6 0.68067 1041.9 0.036202 
10 900 3 2.1e-05 50 1 0 1044.2 0.68199 1043.4 0.035987 
10 900 3 2.1e-05 60 1 0 1049.7 0.68866 1049 0.036088 
10 900 3 2.1e-05 70 1 0 1045.3 0.68625 1044.6 0.036333 
10 900 3 2.1e-05 80 0.996 0.0008 1053.6 0.733 1052.8 0.036498 
10 900 3 2.1e-05 90 0.972 0.017976 965.46 0.73001 964.69 0.035668 
10 900 3 2.1e-05 100 0.936 0.037045 752.39 0.71968 751.64 0.033788 
10 900 3 2.1e-05 125 0.914 0.055106 153.1 0.71826 152.35 0.026722 
10 900 3 2.1e-05 150 0.876 0.069208 45.869 0.71737 45.127 0.024949 
10 900 3 2.1e-05 200 0.814 0.089392 22.173 0.71446 21.434 0.024433 
10 900 3 2.1e-05 250 0.734 0.12882 16.128 0.71525 15.388 0.024222 
10 900 3 2.1e-05 300 0.662 0.15465 11.817 0.7163 11.077 0.024477 
10 900 3 2.1e-05 400 0.412 0.16638 6.4149 0.71835 5.6722 0.024228 
10 900 3 2.1e-05 500 0.226 0.11707 4.01 0.71806 3.2669 0.024942 
10 1000 3 2.1e-05 1 1 0 1096.8 0.812 1095.9 0.034415 
10 1000 3 2.1e-05 2 1 0 1085.8 0.79818 1085 0.033471 
10 1000 3 2.1e-05 3 1 0 1055.3 0.75071 1054.5 0.032655 
10 1000 3 2.1e-05 4 1 0 1064.9 0.76196 1064.1 0.032988 
10 1000 3 2.1e-05 5 1 0 1107.1 0.80864 1106.3 0.033499 
10 1000 3 2.1e-05 8 1 0 1100 0.8004 1099.2 0.033283 
10 1000 3 2.1e-05 10 1 0 1103.9 0.80403 1103.1 0.033154 
10 1000 3 2.1e-05 12 1 0 1105.7 0.80888 1104.8 0.033509 
10 1000 3 2.1e-05 15 1 0 1101.9 0.80542 1101.1 0.033458 
10 1000 3 2.1e-05 20 1 0 1100.8 0.81847 1100 0.033877 
10 1000 3 2.1e-05 25 1 0 1100.4 0.81644 1099.6 0.033909 
10 1000 3 2.1e-05 30 1 0 1099.7 0.81521 1098.8 0.033607 
10 1000 3 2.1e-05 40 1 0 1100.9 0.81626 1100.1 0.03396 
10 1000 3 2.1e-05 50 1 0 1101 0.82037 1100.2 0.034025 
10 1000 3 2.1e-05 60 1 0 1100.7 0.81639 1099.9 0.03369 
10 1000 3 2.1e-05 70 1 0 1083.2 0.7986 1082.3 0.033412 
10 1000 3 2.1e-05 80 1 0 1071.6 0.78618 1070.8 0.033577 
10 1000 3 2.1e-05 90 1 0 1051.3 0.78604 1050.5 0.033251 
10 1000 3 2.1e-05 100 0.986 0.0036776 973.3 0.78313 972.49 0.032965 
10 1000 3 2.1e-05 125 0.924 0.0488 370.57 0.75782 369.78 0.028301 
10 1000 3 2.1e-05 150 0.904 0.059984 76.38 0.75474 75.599 0.026074 
10 1000 3 2.1e-05 200 0.844 0.077208 26.419 0.75404 25.639 0.025343 
10 1000 3 2.1e-05 250 0.766 0.1129 17.894 0.75195 17.117 0.025018 
10 1000 3 2.1e-05 300 0.7 0.14571 14.483 0.75324 13.704 0.025618 
10 1000 3 2.1e-05 400 0.524 0.18309 7.7872 0.75402 7.0079 0.025176 
10 1000 3 2.1e-05 500 0.312 0.15006 5.1128 0.75191 4.3357 0.025129 
10 1250 3 2.1e-05 1 1 0 1082.9 1.0431 1081.9 0.044023 
10 1250 3 2.1e-05 2 1 0 1083.1 1.0431 1082 0.044918 
10 1250 3 2.1e-05 3 1 0 1083.3 1.0437 1082.2 0.045223 
10 1250 3 2.1e-05 4 1 0 1083.2 1.0435 1082.1 0.044796 
10 1250 3 2.1e-05 5 1 0 1083.1 1.0424 1082 0.044577 
10 1250 3 2.1e-05 8 1 0 1080.7 1.0477 1079.6 0.044784 
10 1250 3 2.1e-05 10 1 0 1082.6 1.0542 1081.5 0.044668 
10 1250 3 2.1e-05 12 1 0 1084.8 1.0566 1083.7 0.045266 
10 1250 3 2.1e-05 15 1 0 1065.1 1.0547 1064 0.044604 
10 1250 3 2.1e-05 20 1 0 1051.3 1.05 1050.2 0.044339 
10 1250 3 2.1e-05 25 1 0 1049.1 1.0415 1048 0.044351 
10 1250 3 2.1e-05 30 1 0 1049.1 1.0403 1048 0.04433 
10 1250 3 2.1e-05 40 1 0 1048.3 1.0416 1047.2 0.044441 
10 1250 3 2.1e-05 50 1 0 1049.2 1.0412 1048.1 0.044546 
10 1250 3 2.1e-05 60 1 0 1049.2 1.0401 1048.1 0.044327 
10 1250 3 2.1e-05 70 1 0 1049.2 1.041 1048.1 0.044428 
10 1250 3 2.1e-05 80 1 0 1049.1 1.041 1048 0.044591 
10 1250 3 2.1e-05 90 1 0 1048.3 1.0423 1047.2 0.044651 
10 1250 3 2.1e-05 100 1 0 1044.6 1.0409 1043.5 0.044358 
10 1250 3 2.1e-05 125 0.994 0.00057551 964.99 1.0407 963.91 0.044231 
10 1250 3 2.1e-05 150 0.928 0.042057 490.52 1.0339 489.44 0.041744 
10 1250 3 2.1e-05 200 0.898 0.063465 50.932 1.0253 49.868 0.038554 
10 1250 3 2.1e-05 250 0.844 0.082514 26.195 1.0236 25.133 0.038006 
10 1250 3 2.1e-05 300 0.788 0.10679 18.82 1.0249 17.756 0.038442 
10 1250 3 2.1e-05 400 0.678 0.15685 12.946 1.0226 11.886 0.037873 
10 1250 3 2.1e-05 500 0.516 0.17811 7.9739 1.0227 6.9131 0.03797 
10 1500 3 2.1e-05 1 1 0 1083.6 1.3219 1082.2 0.06966 
10 1500 3 2.1e-05 2 1 0 1083.7 1.3199 1082.3 0.066783 
10 1500 3 2.1e-05 3 1 0 1083.6 1.3198 1082.2 0.06444 
10 1500 3 2.1e-05 4 1 0 1082.6 1.309 1081.2 0.060525 
10 1500 3 2.1e-05 5 1 0 1083.8 1.2918 1082.4 0.054853 
10 1500 3 2.1e-05 8 1 0 1084 1.2916 1082.6 0.054912 
10 1500 3 2.1e-05 10 1 0 1083.6 1.2918 1082.2 0.054817 
10 1500 3 2.1e-05 12 1 0 1083.9 1.2919 1082.5 0.054919 
10 1500 3 2.1e-05 15 1 0 1083.9 1.2918 1082.6 0.054868 
10 1500 3 2.1e-05 20 1 0 1084 1.2923 1082.7 0.054935 
10 1500 3 2.1e-05 25 1 0 1082.9 1.292 1081.5 0.054839 
10 1500 3 2.1e-05 30 1 0 1083.9 1.2915 1082.6 0.055074 
10 1500 3 2.1e-05 40 1 0 1083.8 1.2919 1082.5 0.05494 
10 1500 3 2.1e-05 50 1 0 1084 1.292 1082.6 0.054901 
10 1500 3 2.1e-05 60 1 0 1083.7 1.2918 1082.4 0.05497 
10 1500 3 2.1e-05 70 1 0 1084 1.2912 1082.7 0.055001 
10 1500 3 2.1e-05 80 1 0 1083.8 1.2913 1082.4 0.055042 
10 1500 3 2.1e-05 90 1 0 1083.8 1.2914 1082.5 0.054917 
10 1500 3 2.1e-05 100 1 0 1082.4 1.2908 1081.1 0.055 
10 1500 3 2.1e-05 125 1 0 1078.8 1.2914 1077.4 0.055208 
10 1500 3 2.1e-05 150 0.99 0.0021429 999.67 1.2911 998.33 0.054212 
10 1500 3 2.1e-05 200 0.914 0.058371 194.39 1.2841 193.06 0.04662 
10 1500 3 2.1e-05 250 0.888 0.071282 45.448 1.2826 44.12 0.044648 
10 1500 3 2.1e-05 300 0.836 0.081943 26.871 1.2814 25.546 0.043809 
10 1500 3 2.1e-05 400 0.738 0.13261 17.32 1.2809 15.994 0.044443 
10 1500 3 2.1e-05 500 0.658 0.158 12.059 1.2815 10.734 0.043929 
10 2000 3 2.1e-05 1 1 0 1060.6 1.4829 1059.1 0.048721 
10 2000 3 2.1e-05 2 1 0 1060.6 1.4826 1059 0.049145 
10 2000 3 2.1e-05 3 1 0 1059.6 1.4834 1058.1 0.049101 
10 2000 3 2.1e-05 4 1 0 1060.4 1.4836 1058.9 0.049117 
10 2000 3 2.1e-05 5 1 0 1060.5 1.4832 1059 0.049057 
10 2000 3 2.1e-05 8 1 0 1060.6 1.4831 1059.1 0.049054 
10 2000 3 2.1e-05 10 1 0 1060.7 1.4834 1059.1 0.049106 
10 2000 3 2.1e-05 12 1 0 1059.6 1.4837 1058.1 0.049115 
10 2000 3 2.1e-05 15 1 0 1060.4 1.4833 1058.9 0.049192 
10 2000 3 2.1e-05 20 1 0 1060.5 1.4833 1059 0.049169 
10 2000 3 2.1e-05 25 1 0 1061.3 1.4829 1059.7 0.049175 
10 2000 3 2.1e-05 30 1 0 1063.9 1.4933 1062.3 0.049254 
10 2000 3 2.1e-05 40 1 0 1074.2 1.5339 1072.6 0.049357 
10 2000 3 2.1e-05 50 1 0 1074.3 1.5333 1072.7 0.049399 
10 2000 3 2.1e-05 60 1 0 1072.4 1.5288 1070.9 0.049351 
10 2000 3 2.1e-05 70 1 0 1061.1 1.4833 1059.5 0.049379 
10 2000 3 2.1e-05 80 1 0 1061.2 1.4831 1059.6 0.049291 
10 2000 3 2.1e-05 90 1 0 1061 1.4831 1059.5 0.04929 
10 2000 3 2.1e-05 100 1 0 1061.1 1.4831 1059.6 0.04937 
10 2000 3 2.1e-05 125 1 0 1061.2 1.4832 1059.6 0.04937 
10 2000 3 2.1e-05 150 1 0 1060.7 1.4833 1059.2 0.049375 
10 2000 3 2.1e-05 200 0.994 0.00098367 992.29 1.4825 990.76 0.048823 
10 2000 3 2.1e-05 250 0.922 0.046241 336.61 1.4777 335.09 0.044826 
10 2000 3 2.1e-05 300 0.9 0.065714 67.77 1.476 66.251 0.0431 
10 2000 3 2.1e-05 400 0.828 0.088588 26.588 1.4756 25.07 0.042266 
10 2000 3 2.1e-05 500 0.758 0.118 18.35 1.4735 16.834 0.042376 
