10 10 6 0.00021 1 0.736 0.075004 165.89 1.3234 164.56 0.00048593 
10 10 6 0.00021 2 0.522 0.11114 19.098 0.17654 18.921 0.00043554 
10 10 6 0.00021 3 0.316 0.094024 5.6176 0.15892 5.4582 0.00044378 
10 10 6 0.00021 5 0.07 0.019694 0.93905 0.17545 0.76317 0.00039221 
10 10 6 0.00021 8 0.004 0.00039184 0.18749 0.15473 0.03236 0.00035774 
10 10 6 0.00021 10 0 0 0.15498 0.15458 6.1337e-06 0.00035169 
10 10 7 0.00021 1 0.556 0.088637 83.724 0.182 83.542 0.00037744 
10 10 7 0.00021 2 0.292 0.068506 6.427 0.18141 6.2452 0.00036707 
10 10 7 0.00021 3 0.128 0.033894 1.6321 0.17924 1.4525 0.00034177 
10 10 7 0.00021 5 0.04 0.0077551 0.50724 0.17879 0.32809 0.00031716 
10 10 7 0.00021 8 0.008 0.0011592 0.24126 0.1786 0.0623 0.00030782 
10 10 7 0.00021 10 0 0 0.17729 0.17696 8.0857e-06 0.00028679 
10 10 8 0.00021 1 0.418 0.088853 40.495 0.44969 40.045 0.00055959 
10 10 8 0.00021 2 0.174 0.048902 3.1987 0.20743 2.9906 0.0006056 
10 10 8 0.00021 3 0.068 0.014057 0.89748 0.21061 0.68629 0.00052646 
10 10 8 0.00021 5 0.006 0.00057551 0.25674 0.20425 0.051966 0.0004811 
10 10 8 0.00021 8 0 0 0.20608 0.20555 1.2925e-05 0.00047733 
10 10 8 0.00021 10 0 0 0.20664 0.20612 1.2699e-05 0.0004752 
10 25 6 0.00021 1 0.858 0.052282 352.3 0.38479 351.91 0.0015847 
10 25 6 0.00021 2 0.714 0.10041 70.752 0.38373 70.367 0.0011421 
10 25 6 0.00021 3 0.584 0.12504 18.483 0.37988 18.102 0.0010876 
10 25 6 0.00021 5 0.366 0.11862 5.5674 0.37782 5.1885 0.00097842 
10 25 6 0.00021 8 0.164 0.07582 2.3856 0.37637 2.0081 0.0010003 
10 25 6 0.00021 10 0.08 0.029388 1.2113 0.37616 0.8341 0.00099129 
10 25 6 0.00021 15 0.014 0.0024531 0.49006 0.37607 0.11291 0.00098705 
10 25 6 0.00021 25 0 0 0.37707 0.37599 1.4538e-05 0.00098939 
10 25 7 0.00021 1 0.784 0.077698 185.78 0.44599 185.34 0.00084309 
10 25 7 0.00021 2 0.592 0.11993 25.334 0.44569 24.888 0.00068261 
10 25 7 0.00021 3 0.456 0.12333 7.7328 0.44148 7.2906 0.00060995 
10 25 7 0.00021 5 0.254 0.087024 3.0338 0.43943 2.5937 0.00060789 
10 25 7 0.00021 8 0.082 0.023547 1.144 0.43907 0.70428 0.00059792 
10 25 7 0.00021 10 0.024 0.003902 0.62358 0.43883 0.18407 0.00060764 
10 25 7 0.00021 15 0.002 0.0002 0.45733 0.43875 0.017914 0.00060064 
10 25 7 0.00021 25 0 0 0.43927 0.43859 1.5448e-05 0.00059931 
10 25 8 0.00021 1 0.668 0.094873 99.027 0.52895 98.496 0.0010527 
10 25 8 0.00021 2 0.46 0.11918 11.929 0.52099 11.407 0.00091196 
10 25 8 0.00021 3 0.298 0.089588 4.351 0.51901 3.8311 0.00087183 
10 25 8 0.00021 5 0.132 0.037322 1.6612 0.51779 1.1425 0.00085304 
10 25 8 0.00021 8 0.024 0.0030857 0.72368 0.51799 0.20478 0.00084326 
10 25 8 0.00021 10 0.012 0.0014857 0.61068 0.51746 0.092337 0.00083208 
10 25 8 0.00021 15 0.002 0.0002 0.53653 0.51796 0.017693 0.00083379 
10 25 8 0.00021 25 0 0 0.51898 0.51809 1.0394e-05 0.00082915 
10 50 6 0.00021 1 0.932 0.021404 627.4 0.80532 626.59 0.0020738 
10 50 6 0.00021 2 0.838 0.078322 206.2 0.79293 205.4 0.0014591 
10 50 6 0.00021 3 0.752 0.10785 62.866 0.78626 62.079 0.0011137 
10 50 6 0.00021 5 0.618 0.12559 14.284 0.78428 13.498 0.00098645 
10 50 6 0.00021 8 0.422 0.14216 6.9241 0.78281 6.1402 0.00097098 
10 50 6 0.00021 10 0.354 0.13968 5.5325 0.78265 4.7488 0.00096557 
10 50 6 0.00021 15 0.166 0.087188 2.822 0.78324 2.0377 0.00096574 
10 50 6 0.00021 25 0.032 0.012833 1.0464 0.78711 0.25829 0.00096966 
10 50 7 0.00021 1 0.88 0.03551 324.25 0.87858 323.37 0.0018337 
10 50 7 0.00021 2 0.766 0.080249 66.584 0.87265 65.71 0.0012723 
10 50 7 0.00021 3 0.668 0.10916 19.341 0.87272 18.468 0.0010727 
10 50 7 0.00021 5 0.476 0.13247 7.6393 0.88406 6.7541 0.0010476 
10 50 7 0.00021 8 0.276 0.098596 3.9716 0.87037 3.1001 0.0010547 
10 50 7 0.00021 10 0.19 0.068673 2.8597 0.87298 1.9855 0.0011547 
10 50 7 0.00021 15 0.07 0.025816 1.4479 0.87096 0.57578 0.0010504 
10 50 7 0.00021 25 0.012 0.0035265 0.96166 0.86945 0.0911 0.0010347 
10 50 8 0.00021 1 0.81 0.051531 171.04 1.0043 170.04 0.0026434 
10 50 8 0.00021 2 0.61 0.10745 25.215 0.99503 24.217 0.0021165 
10 50 8 0.00021 3 0.49 0.12296 8.5516 0.99327 7.5562 0.0020576 
10 50 8 0.00021 5 0.308 0.090955 4.4196 0.9932 3.4243 0.0020426 
10 50 8 0.00021 8 0.148 0.044996 2.2491 0.99937 1.2476 0.0020499 
10 50 8 0.00021 10 0.082 0.019465 1.6491 0.99934 0.64761 0.0020404 
10 50 8 0.00021 15 0.02 0.0065306 1.1696 1.0008 0.1667 0.0020365 
10 50 8 0.00021 25 0.002 0.0002 1.0228 1.0027 0.017964 0.0020366 
10 75 6 0.00021 1 0.944 0.019657 703.68 1.1256 702.55 0.0029075 
10 75 6 0.00021 2 0.888 0.048833 311.64 1.1239 310.52 0.0021937 
10 75 6 0.00021 3 0.826 0.06931 115.79 1.1192 114.67 0.0016985 
10 75 6 0.00021 5 0.724 0.12717 23.996 1.1175 22.877 0.0013838 
10 75 6 0.00021 8 0.62 0.16163 11.297 1.1157 10.18 0.001377 
10 75 6 0.00021 10 0.554 0.15111 8.9478 1.1227 7.8237 0.0013635 
10 75 6 0.00021 15 0.352 0.13112 5.5371 1.1341 4.4016 0.0013547 
10 75 6 0.00021 25 0.118 0.06518 2.2177 1.1194 1.0968 0.0014714 
10 75 7 0.00021 1 0.902 0.033261 416.38 1.3109 415.07 0.0027253 
10 75 7 0.00021 2 0.804 0.082024 110.54 1.3066 109.23 0.0019296 
10 75 7 0.00021 3 0.742 0.11269 32.567 1.3065 31.259 0.0017039 
10 75 7 0.00021 5 0.636 0.13582 11.333 1.3027 10.028 0.0015368 
10 75 7 0.00021 8 0.462 0.14567 7.0334 1.3014 5.7304 0.0015119 
10 75 7 0.00021 10 0.362 0.14689 5.3865 1.3014 4.0835 0.0015128 
10 75 7 0.00021 15 0.21 0.089898 3.2615 1.3007 1.9592 0.0015047 
10 75 7 0.00021 25 0.026 0.0080857 1.489 1.3002 0.18724 0.0015118 
10 75 8 0.00021 1 0.852 0.04418 224.04 1.493 222.54 0.002531 
10 75 8 0.00021 2 0.75 0.085816 41.145 1.4913 39.652 0.0018941 
10 75 8 0.00021 3 0.646 0.11151 14.266 1.4887 12.776 0.0016832 
10 75 8 0.00021 5 0.466 0.1227 7.0723 1.4957 5.5749 0.0016633 
10 75 8 0.00021 8 0.262 0.088527 4.2294 1.4908 2.7367 0.0018594 
10 75 8 0.00021 10 0.18 0.056735 3.1327 1.4895 1.6414 0.0016501 
10 75 8 0.00021 15 0.05 0.012347 1.8478 1.4882 0.35782 0.0016444 
10 75 8 0.00021 25 0.012 0.0018939 1.5713 1.4884 0.081272 0.0016467 
10 100 6 0.00021 1 0.986 0.0016367 773.55 1.4955 772.05 0.0034059 
10 100 6 0.00021 2 0.93 0.022959 418.21 1.4938 416.72 0.0028512 
10 100 6 0.00021 3 0.884 0.047086 187.24 1.4939 185.75 0.0022279 
10 100 6 0.00021 5 0.79 0.092755 36.788 1.4888 35.297 0.0017605 
10 100 6 0.00021 8 0.68 0.13265 14.434 1.491 12.941 0.001826 
10 100 6 0.00021 10 0.632 0.15038 11.157 1.4873 9.6679 0.0017307 
10 100 6 0.00021 15 0.488 0.15291 7.362 1.4864 5.8738 0.0017306 
10 100 6 0.00021 25 0.228 0.11185 4.08 1.4865 2.5917 0.0017236 
10 100 7 0.00021 1 0.934 0.015759 500.01 1.8768 498.13 0.0025044 
10 100 7 0.00021 2 0.862 0.059955 164.75 1.8712 162.88 0.0021384 
10 100 7 0.00021 3 0.802 0.0802 53.676 1.8699 51.804 0.0019505 
10 100 7 0.00021 5 0.692 0.12565 16.028 1.8731 14.153 0.001857 
10 100 7 0.00021 8 0.544 0.14537 9.4504 1.8694 7.5791 0.0019 
10 100 7 0.00021 10 0.452 0.13561 7.365 1.8673 5.4957 0.0018477 
10 100 7 0.00021 15 0.284 0.12015 4.7335 1.8669 2.8647 0.0018384 
10 100 7 0.00021 25 0.114 0.047759 2.7698 1.8668 0.90107 0.0018374 
10 100 8 0.00021 1 0.886 0.030616 287.4 2.0317 285.36 0.0037876 
10 100 8 0.00021 2 0.762 0.086078 61.21 2.026 59.181 0.0027125 
10 100 8 0.00021 3 0.698 0.11204 20.517 2.0251 18.49 0.0023513 
10 100 8 0.00021 5 0.54 0.12898 9.4469 2.0238 7.4207 0.0023413 
10 100 8 0.00021 8 0.36 0.11714 5.8194 2.0233 3.7937 0.0023163 
10 100 8 0.00021 10 0.278 0.098894 4.7846 2.0243 2.7578 0.0023234 
10 100 8 0.00021 15 0.124 0.041045 3.0095 2.0248 0.98232 0.0023187 
10 100 8 0.00021 25 0.028 0.0057306 2.215 2.0234 0.18926 0.0023139 
