10 1 3 0.0021 1 0.348 0.066629 136.39 0.11316 136.27 0.00021381 
10 1 4 0.0021 1 0.326 0.10278 68.839 0.11372 68.725 0.00015707 
10 1 5 0.0021 1 0.266 0.072902 34.578 0.1401 34.437 0.00013495 
10 1 6 0.0021 1 0.138 0.032608 17.516 0.16667 17.349 0.00015839 
10 1 7 0.0021 1 0.1 0.023265 8.7534 0.19418 8.559 0.00017335 
10 5 3 0.0021 1 0.862 0.031384 534.68 0.36023 534.32 0.00054609 
10 5 3 0.0021 2 0.582 0.13416 134.89 0.34873 134.55 0.00042092 
10 5 3 0.0021 3 0.35 0.094796 22.54 0.34637 22.194 0.000284 
10 5 3 0.0021 4 0.124 0.039004 3.3437 0.34583 2.9975 0.00026112 
10 5 3 0.0021 5 0.028 0.0057306 0.74494 0.34335 0.40127 0.00024846 
10 5 4 0.0021 1 0.752 0.077241 298.64 0.52587 298.11 0.00039731 
10 5 4 0.0021 2 0.476 0.12145 42.607 0.50957 42.097 0.00029826 
10 5 4 0.0021 3 0.238 0.077914 6.6715 0.50436 6.1668 0.00023096 
10 5 4 0.0021 4 0.096 0.033045 1.8515 0.50318 1.348 0.00022913 
10 5 4 0.0021 5 0.016 0.0021878 0.67116 0.50295 0.16792 0.00022655 
10 5 5 0.0021 1 0.588 0.10638 159.61 0.67942 158.93 0.0003998 
10 5 5 0.0021 2 0.276 0.082269 14.089 0.67499 13.414 0.00037099 
10 5 5 0.0021 3 0.092 0.028506 2.393 0.67272 1.72 0.00028716 
10 5 5 0.0021 4 0.018 0.0043633 0.94364 0.67241 0.27092 0.00026594 
10 5 5 0.0021 5 0 0 0.71634 0.67249 0.043547 0.00026111 
10 5 6 0.0021 1 0.526 0.10523 82.048 1.5792 80.469 0.00026554 
10 5 6 0.0021 2 0.23 0.060918 6.0678 0.69288 5.3745 0.00027154 
10 5 6 0.0021 3 0.07 0.017653 1.5099 0.69263 0.81696 0.00023992 
10 5 6 0.0021 4 0.012 0.0027102 0.77915 0.68215 0.096741 0.00020908 
10 5 6 0.0021 5 0 0 0.6829 0.68263 1.4337e-05 0.00021223 
10 5 7 0.0021 1 0.342 0.069016 42.244 0.94669 41.297 0.00034918 
10 5 7 0.0021 2 0.088 0.017812 2.7242 0.93436 1.7895 0.00034062 
10 5 7 0.0021 3 0.014 0.0016367 1.0864 0.93241 0.15367 0.00029438 
10 5 7 0.0021 4 0.002 0.0002 0.94573 0.93038 0.015018 0.00028276 
10 5 7 0.0021 5 0 0 0.93112 0.93077 1.2889e-05 0.00028148 
10 10 3 0.0021 1 0.956 0.0090449 812.3 0.78412 811.52 0.0010185 
10 10 3 0.0021 2 0.858 0.0482 392.34 0.77857 391.56 0.00086516 
10 10 3 0.0021 3 0.696 0.095902 136.4 0.77614 135.62 0.00056412 
10 10 3 0.0021 4 0.538 0.12281 38.569 0.77472 37.794 0.00043437 
10 10 3 0.0021 5 0.356 0.10578 11.143 0.77452 10.368 0.00040081 
10 10 3 0.0021 8 0.064 0.033371 1.6676 0.77212 0.89506 0.00038062 
10 10 3 0.0021 10 0.004 0.00039184 0.80243 0.77211 0.029851 0.00038121 
10 10 4 0.0021 1 0.886 0.02531 511.59 1.0797 510.51 0.00075463 
10 10 4 0.0021 2 0.67 0.10133 140.23 1.0681 139.16 0.00054482 
10 10 4 0.0021 3 0.522 0.134 32.11 1.0669 31.042 0.0004289 
10 10 4 0.0021 4 0.338 0.14036 9.3351 1.0644 8.2702 0.00036457 
10 10 4 0.0021 5 0.238 0.11302 4.9027 1.0625 3.8398 0.00035167 
10 10 4 0.0021 8 0.034 0.0075959 1.4084 1.0633 0.34472 0.00035196 
10 10 4 0.0021 10 0 0 1.0636 1.0631 1.4629e-05 0.00035032 
10 10 5 0.0021 1 0.794 0.058535 288.62 1.347 287.27 0.00049472 
10 10 5 0.0021 2 0.566 0.12107 49.358 1.3368 48.02 0.00036015 
10 10 5 0.0021 3 0.4 0.10449 11.151 1.3357 9.8148 0.00029044 
10 10 5 0.0021 4 0.248 0.071935 5.0475 1.3339 3.7132 0.0002785 
10 10 5 0.0021 5 0.12 0.04 2.7382 1.334 1.4039 0.00027931 
10 10 5 0.0021 8 0.01 0.0033673 1.4387 1.3338 0.10453 0.00027981 
10 10 5 0.0021 10 0 0 1.3344 1.3341 1.3419e-05 0.00027753 
10 10 6 0.0021 1 0.716 0.093616 153.54 1.5873 151.95 0.00049559 
10 10 6 0.0021 2 0.46 0.12163 17.82 1.5694 16.25 0.00038873 
10 10 6 0.0021 3 0.276 0.086759 5.8095 1.559 4.25 0.00035835 
10 10 6 0.0021 4 0.126 0.04278 3.1531 1.558 1.5947 0.00032244 
10 10 6 0.0021 5 0.074 0.026045 2.3441 1.5574 0.78625 0.00031957 
10 10 6 0.0021 8 0.002 0.0002 1.5728 1.5576 0.014844 0.00029987 
10 10 6 0.0021 10 0 0 1.5565 1.5562 1.3604e-05 0.00030232 
10 10 7 0.0021 1 0.558 0.10575 79.522 1.851 77.671 0.00042124 
10 10 7 0.0021 2 0.32 0.091429 8.4956 1.8496 6.6455 0.00040034 
10 10 7 0.0021 3 0.164 0.048065 3.6428 1.8465 1.7959 0.00035952 
10 10 7 0.0021 4 0.074 0.015841 2.5337 1.8466 0.68673 0.00031566 
10 10 7 0.0021 5 0.03 0.007449 2.1052 1.8465 0.25832 0.0003233 
10 10 7 0.0021 8 0.002 0.0002 1.865 1.8467 0.017919 0.00031572 
10 10 7 0.0021 10 0 0 1.847 1.8467 1.3371e-05 0.00030721 
10 25 3 0.0021 1 0.992 0.0019755 1074.4 2.0046 1072.4 0.0019034 
10 25 3 0.0021 2 0.982 0.0055878 915.25 2.0028 913.24 0.0020282 
10 25 3 0.0021 3 0.948 0.013567 663.62 1.9994 661.62 0.0017191 
10 25 3 0.0021 4 0.9 0.032653 409.4 1.9953 407.41 0.0013663 
10 25 3 0.0021 5 0.834 0.067596 219.81 1.9938 217.81 0.0011002 
10 25 3 0.0021 8 0.62 0.15184 25.311 1.991 23.319 0.00083444 
10 25 3 0.0021 10 0.502 0.1651 12.211 1.9887 10.221 0.00079997 
10 25 3 0.0021 12 0.388 0.14638 8.4862 1.9888 6.4965 0.00081074 
10 25 3 0.0021 15 0.222 0.10787 5.5139 1.9893 3.5237 0.0008273 
10 25 3 0.0021 20 0.024 0.0055347 2.2995 1.9895 0.30908 0.00077916 
10 25 3 0.0021 25 0 0 1.9868 1.9859 1.3618e-05 0.00078472 
10 25 4 0.0021 1 0.964 0.011331 880.35 2.7104 877.64 0.0019278 
10 25 4 0.0021 2 0.912 0.032914 503.19 2.703 500.48 0.0016709 
10 25 4 0.0021 3 0.844 0.057616 222.65 2.6976 219.95 0.0011366 
10 25 4 0.0021 4 0.756 0.088637 85.186 2.6957 82.489 0.0009245 
10 25 4 0.0021 5 0.672 0.12042 34.548 2.6946 31.852 0.0008693 
10 25 4 0.0021 8 0.416 0.13525 9.3474 2.6929 6.6536 0.00077907 
10 25 4 0.0021 10 0.266 0.11045 6.4555 2.6909 3.7638 0.0007763 
10 25 4 0.0021 12 0.182 0.10028 5.2542 2.6891 2.5643 0.0007871 
10 25 4 0.0021 15 0.084 0.03729 3.6119 2.6919 0.91913 0.00077545 
10 25 4 0.0021 20 0.006 0.00098367 2.7361 2.6917 0.043612 0.00077341 
10 25 4 0.0021 25 0 0 2.6923 2.6915 1.3926e-05 0.00076918 
10 25 5 0.0021 1 0.908 0.028506 584.73 3.0677 581.66 0.0011512 
10 25 5 0.0021 2 0.814 0.071433 194.64 3.0611 191.57 0.00085941 
10 25 5 0.0021 3 0.718 0.10885 56.168 3.0579 53.109 0.0006296 
10 25 5 0.0021 4 0.632 0.11855 21.426 3.0576 18.368 0.00060607 
10 25 5 0.0021 5 0.528 0.14614 12.912 3.057 9.854 0.00055012 
10 25 5 0.0021 8 0.278 0.11563 7.0598 3.0549 4.0042 0.00055226 
10 25 5 0.0021 10 0.17 0.085408 5.4206 3.0554 2.3646 0.00054814 
10 25 5 0.0021 12 0.104 0.057535 4.5316 3.0548 1.4761 0.00055151 
10 25 5 0.0021 15 0.044 0.022106 3.5941 3.0548 0.5387 0.00054348 
10 25 5 0.0021 20 0.002 0.0002 3.0735 3.0549 0.017974 0.00055425 
10 25 5 0.0021 25 0 0 3.0555 3.0549 1.3778e-05 0.00055143 
10 25 6 0.0021 1 0.848 0.0552 333.23 4.0537 329.17 0.00094809 
10 25 6 0.0021 2 0.708 0.093404 69.728 4.052 65.675 0.0007289 
10 25 6 0.0021 3 0.576 0.11574 20.768 4.0496 16.717 0.00058606 
10 25 6 0.0021 4 0.486 0.12368 12.39 4.0474 8.3419 0.00056675 
10 25 6 0.0021 5 0.356 0.13313 9.3641 4.0501 5.3133 0.0006107 
10 25 6 0.0021 8 0.172 0.080833 6.1027 4.0506 2.0514 0.00055842 
10 25 6 0.0021 10 0.1 0.045714 5.1519 4.0492 1.1021 0.00056273 
10 25 6 0.0021 12 0.05 0.018469 4.5255 4.0497 0.47514 0.00056197 
10 25 6 0.0021 15 0.016 0.0025959 4.1717 4.0494 0.12171 0.00056563 
10 25 6 0.0021 20 0.002 0.0002 4.0678 4.0493 0.017882 0.00057083 
10 25 6 0.0021 25 0 0 4.0497 4.049 1.3859e-05 0.00056053 
10 25 7 0.0021 1 0.78 0.070204 182.42 4.7169 177.7 0.00084623 
10 25 7 0.0021 2 0.604 0.11713 28.861 4.7113 24.148 0.00067761 
10 25 7 0.0021 3 0.432 0.13161 12.091 4.7094 7.3805 0.00059549 
10 25 7 0.0021 4 0.308 0.097078 8.7293 4.7097 4.0189 0.00059319 
10 25 7 0.0021 5 0.21 0.072755 7.1988 4.7092 2.489 0.00058029 
10 25 7 0.0021 8 0.06 0.020408 5.2555 4.7092 0.54567 0.00058249 
10 25 7 0.0021 10 0.02 0.0040816 4.8661 4.7093 0.15609 0.0005775 
10 25 7 0.0021 12 0.006 0.00057551 4.7635 4.7091 0.053781 0.00058103 
10 25 7 0.0021 15 0.002 0.0002 4.7253 4.7068 0.01785 0.00063289 
10 25 7 0.0021 20 0 0 4.7108 4.7102 1.499e-05 0.00057698 
10 25 7 0.0021 25 0 0 4.7102 4.7095 1.3746e-05 0.00057052 
10 50 3 0.0021 1 1 0 1132.1 4.0476 1128.1 0.0029607 
10 50 3 0.0021 2 0.994 0.00098367 1118.3 4.0471 1114.3 0.0031956 
10 50 3 0.0021 3 0.992 0.0011592 1073.9 4.0484 1069.8 0.0031151 
10 50 3 0.0021 4 0.978 0.0042 977.42 4.0471 973.37 0.0029866 
10 50 3 0.0021 5 0.956 0.0098612 828.92 4.0461 824.87 0.0028176 
10 50 3 0.0021 8 0.868 0.045894 305.43 4.0393 301.39 0.0019731 
10 50 3 0.0021 10 0.816 0.075657 111.57 4.0364 107.53 0.0015974 
10 50 3 0.0021 12 0.756 0.10537 41.157 4.0364 37.119 0.0014569 
10 50 3 0.0021 15 0.648 0.14949 18.98 4.0343 14.944 0.0014419 
10 50 3 0.0021 20 0.474 0.17217 11.892 4.0348 7.8553 0.0013838 
10 50 3 0.0021 25 0.292 0.13422 8.5824 4.0332 4.5478 0.0013684 
10 50 3 0.0021 30 0.152 0.089078 6.3559 4.0331 2.3214 0.0013694 
10 50 3 0.0021 40 0.016 0.0034122 4.1865 4.0334 0.15169 0.0013738 
10 50 3 0.0021 50 0 0 4.0336 4.0321 1.4539e-05 0.001363 
10 50 4 0.0021 1 0.996 0.00039184 1080.7 5.404 1075.3 0.0027803 
10 50 4 0.0021 2 0.982 0.0019143 906.12 5.4022 900.72 0.0027606 
10 50 4 0.0021 3 0.94 0.015918 651.64 5.3999 646.23 0.0023239 
10 50 4 0.0021 4 0.904 0.031412 401.71 5.3969 396.31 0.0018855 
10 50 4 0.0021 5 0.872 0.045731 219.8 5.3999 214.4 0.0015137 
10 50 4 0.0021 8 0.752 0.10663 35.072 5.396 29.675 0.0011772 
10 50 4 0.0021 10 0.682 0.13457 20.622 5.3963 15.224 0.0011043 
10 50 4 0.0021 12 0.594 0.1418 15.964 5.396 10.567 0.001084 
10 50 4 0.0021 15 0.436 0.14113 12.031 5.3978 6.6323 0.0011857 
10 50 4 0.0021 20 0.264 0.11868 9.1715 5.3935 3.7768 0.0011084 
10 50 4 0.0021 25 0.15 0.081327 7.2296 5.3948 1.8337 0.0010777 
10 50 4 0.0021 30 0.06 0.027755 5.9457 5.397 0.54761 0.0010754 
10 50 4 0.0021 40 0.004 0.00039184 5.4306 5.3961 0.033269 0.0010831 
10 50 4 0.0021 50 0 0 5.3974 5.3962 1.559e-05 0.0010776 
10 50 5 0.0021 1 0.96 0.013061 860.98 6.7625 854.21 0.0024237 
10 50 5 0.0021 2 0.912 0.036996 481.26 6.753 474.5 0.0019092 
10 50 5 0.0021 3 0.856 0.058841 217.8 6.7522 211.04 0.0014129 
10 50 5 0.0021 4 0.806 0.078127 90.12 6.7491 83.37 0.0010632 
10 50 5 0.0021 5 0.748 0.105 42.532 6.7506 35.78 0.0010294 
10 50 5 0.0021 8 0.604 0.15141 17.546 6.7498 10.795 0.0010128 
10 50 5 0.0021 10 0.496 0.1559 14.511 6.7505 7.7596 0.00093533 
10 50 5 0.0021 12 0.408 0.14361 12.891 6.7483 6.1414 0.00093978 
10 50 5 0.0021 15 0.286 0.12368 11.004 6.7461 4.257 0.00094283 
10 50 5 0.0021 20 0.178 0.099302 8.9953 6.7476 2.2466 0.00099662 
10 50 5 0.0021 25 0.088 0.047608 7.6689 6.7468 0.9211 0.00092872 
10 50 5 0.0021 30 0.018 0.0051796 6.8909 6.7474 0.14247 0.0009278 
10 50 5 0.0021 40 0 0 6.7507 6.7496 1.439e-05 0.00097607 
10 50 5 0.0021 50 0 0 6.7522 6.7512 1.4053e-05 0.00092602 
10 50 6 0.0021 1 0.904 0.02978 568.52 9.0072 559.51 0.0022022 
10 50 6 0.0021 2 0.824 0.066351 193.02 9.0027 184.02 0.0015397 
10 50 6 0.0021 3 0.758 0.09922 64.725 9.0008 55.722 0.0013328 
10 50 6 0.0021 4 0.682 0.12355 30.358 8.9995 21.358 0.0011204 
10 50 6 0.0021 5 0.616 0.13484 21.765 9.0017 12.762 0.0012038 
10 50 6 0.0021 8 0.426 0.14074 15.194 8.99 6.2028 0.0010916 
10 50 6 0.0021 10 0.328 0.13471 13.291 8.988 4.3013 0.0010922 
10 50 6 0.0021 12 0.254 0.11315 12.257 9.0007 3.255 0.0011773 
10 50 6 0.0021 15 0.154 0.083759 10.914 9.0013 1.9113 0.0011043 
10 50 6 0.0021 20 0.07 0.030306 9.6668 8.9973 0.66836 0.0010919 
10 50 6 0.0021 25 0.016 0.0038204 9.1429 8.999 0.14266 0.0011913 
10 50 6 0.0021 30 0.008 0.0015673 9.0668 9.0027 0.062814 0.0011685 
10 50 6 0.0021 40 0 0 9.003 9.0018 1.4383e-05 0.0011773 
10 50 6 0.0021 50 0 0 9.0016 9.0003 1.3707e-05 0.0011835 
10 50 7 0.0021 1 0.864 0.033371 330.81 9.4479 321.36 0.0018317 
10 50 7 0.0021 2 0.722 0.097261 76.031 9.4446 66.585 0.0012163 
10 50 7 0.0021 3 0.626 0.13543 28.199 9.4445 18.753 0.0011563 
10 50 7 0.0021 4 0.564 0.13909 19.563 9.4425 10.12 0.0010182 
10 50 7 0.0021 5 0.478 0.13685 16.708 9.4455 7.2608 0.0011383 
10 50 7 0.0021 8 0.288 0.099037 12.862 9.4369 3.4244 0.0010265 
10 50 7 0.0021 10 0.18 0.067755 11.37 9.4442 1.9245 0.001006 
10 50 7 0.0021 12 0.106 0.043024 10.502 9.4411 1.0594 0.0011061 
10 50 7 0.0021 15 0.046 0.016412 9.8462 9.4421 0.40302 0.00101 
10 50 7 0.0021 20 0.018 0.0047714 9.6006 9.445 0.15444 0.0011073 
10 50 7 0.0021 25 0.008 0.0019755 9.5126 9.4452 0.066235 0.0011077 
10 50 7 0.0021 30 0.004 0.00039184 9.4821 9.4473 0.033541 0.0011016 
10 50 7 0.0021 40 0 0 9.4432 9.442 1.4417e-05 0.0010975 
10 50 7 0.0021 50 0 0 9.4452 9.444 1.3404e-05 0.0011071 
10 75 3 0.0021 1 1 0 1152.4 6.088 1146.3 0.0040139 
10 75 3 0.0021 2 1 0 1151.3 6.0887 1145.2 0.0041814 
10 75 3 0.0021 3 1 0 1145.8 6.0882 1139.8 0.0041796 
10 75 3 0.0021 4 1 0 1127.9 6.0826 1121.8 0.0041327 
10 75 3 0.0021 5 0.998 0.0002 1092.7 6.0831 1086.6 0.0040858 
10 75 3 0.0021 8 0.974 0.0040041 790.49 6.0807 784.41 0.0036081 
10 75 3 0.0021 10 0.912 0.032098 491.75 6.078 485.67 0.0030502 
10 75 3 0.0021 12 0.868 0.060588 244.95 6.0768 238.87 0.0025239 
10 75 3 0.0021 15 0.818 0.082322 73.538 6.0757 67.46 0.0020766 
10 75 3 0.0021 20 0.708 0.13463 25.683 6.0752 19.606 0.0019811 
10 75 3 0.0021 25 0.628 0.15512 18.591 6.0739 12.515 0.0019326 
10 75 3 0.0021 30 0.516 0.16096 14.117 6.0744 8.0409 0.0020462 
10 75 3 0.0021 40 0.242 0.1233 9.4393 6.0729 3.3644 0.0019177 
10 75 3 0.0021 50 0.086 0.048576 7.0567 6.0724 0.98236 0.0019149 
10 75 3 0.0021 60 0.01 0.0033673 6.1542 6.0688 0.083339 0.0019239 
10 75 3 0.0021 70 0 0 6.0743 6.0723 1.9222e-05 0.0019252 
10 75 4 0.0021 1 0.996 0.0008 1030.9 7.8678 1023.1 0.0034658 
10 75 4 0.0021 2 0.99 0.0013265 974.8 7.8677 966.93 0.0036477 
10 75 4 0.0021 3 0.974 0.0056367 850.07 7.8654 842.2 0.0033241 
10 75 4 0.0021 4 0.938 0.018731 672.92 7.864 665.05 0.002981 
10 75 4 0.0021 5 0.918 0.035384 480.54 7.8618 472.68 0.0026338 
10 75 4 0.0021 8 0.826 0.077065 110.57 7.8557 102.71 0.0017094 
10 75 4 0.0021 10 0.776 0.10145 43.509 7.8555 35.652 0.0016217 
10 75 4 0.0021 12 0.742 0.12044 26.993 7.8535 19.138 0.0016466 
10 75 4 0.0021 15 0.664 0.13704 20.255 7.8549 12.399 0.0015448 
10 75 4 0.0021 20 0.544 0.15639 15.567 7.854 7.7115 0.0015416 
10 75 4 0.0021 25 0.38 0.14694 12.846 7.8497 4.9942 0.0016407 
10 75 4 0.0021 30 0.256 0.1168 10.803 7.856 2.9456 0.0015558 
10 75 4 0.0021 40 0.084 0.047494 8.735 7.8531 0.88031 0.0015215 
10 75 4 0.0021 50 0.02 0.0053061 7.9978 7.854 0.14222 0.0015158 
10 75 4 0.0021 60 0.002 0.0002 7.8708 7.8542 0.014998 0.0015224 
10 75 4 0.0021 70 0 0 7.8581 7.8564 1.7932e-05 0.0016094 
10 75 5 0.0021 1 0.992 0.0011592 957.01 8.5249 948.49 0.0039373 
10 75 5 0.0021 2 0.974 0.0076776 682.23 8.4982 673.72 0.0035741 
10 75 5 0.0021 3 0.928 0.024098 403.17 8.4987 394.67 0.0026757 
10 75 5 0.0021 4 0.888 0.043935 208.36 8.4971 199.86 0.0021223 
10 75 5 0.0021 5 0.85 0.069082 102.95 8.4961 94.453 0.0018729 
10 75 5 0.0021 8 0.73 0.11765 27.231 8.4951 18.734 0.001554 
10 75 5 0.0021 10 0.67 0.1401 21.361 8.4851 12.874 0.0016578 
10 75 5 0.0021 12 0.62 0.15224 18.758 8.4949 10.261 0.0015331 
10 75 5 0.0021 15 0.504 0.15427 15.701 8.4847 7.2145 0.00153 
10 75 5 0.0021 20 0.352 0.14663 13.254 8.4853 4.7667 0.0016497 
10 75 5 0.0021 25 0.228 0.1094 11.511 8.4957 3.0132 0.0015349 
10 75 5 0.0021 30 0.146 0.073963 10.207 8.4847 1.7202 0.0015245 
10 75 5 0.0021 40 0.036 0.023576 8.7724 8.4853 0.28547 0.0015311 
10 75 5 0.0021 50 0.008 0.0015673 8.5546 8.4867 0.066168 0.0016792 
10 75 5 0.0021 60 0.002 0.0002 8.5093 8.4966 0.011188 0.0015134 
10 75 5 0.0021 70 0 0 8.4942 8.4925 1.8111e-05 0.0016773 
10 75 6 0.0021 1 0.958 0.010649 703.14 12.221 690.92 0.0051209 
10 75 6 0.0021 2 0.898 0.030812 319.68 12.16 307.52 0.0036942 
10 75 6 0.0021 3 0.842 0.058404 127.99 12.164 115.82 0.002866 
10 75 6 0.0021 4 0.77 0.09602 56.365 12.163 44.199 0.0023764 
10 75 6 0.0021 5 0.726 0.11339 33.771 12.162 21.607 0.0021436 
10 75 6 0.0021 8 0.586 0.14613 21.446 12.163 9.2804 0.0023259 
10 75 6 0.0021 10 0.498 0.13938 19.248 12.161 7.0844 0.0021156 
10 75 6 0.0021 12 0.408 0.15136 17.756 12.16 5.5942 0.0021147 
10 75 6 0.0021 15 0.322 0.12542 16.297 12.162 4.1325 0.0023114 
10 75 6 0.0021 20 0.192 0.10034 14.293 12.156 2.1352 0.0021054 
10 75 6 0.0021 25 0.106 0.059351 13.265 12.156 1.1067 0.0023495 
10 75 6 0.0021 30 0.07 0.042551 12.785 12.158 0.62508 0.0023244 
10 75 6 0.0021 40 0.016 0.0030041 12.28 12.16 0.11738 0.0023271 
10 75 6 0.0021 50 0.002 0.0002 12.183 12.162 0.018273 0.0023546 
10 75 6 0.0021 60 0 0 12.169 12.166 1.4084e-05 0.0025625 
10 75 6 0.0021 70 0 0 12.167 12.165 1.3568e-05 0.0023442 
10 75 7 0.0021 1 0.914 0.031024 433.87 14.229 419.64 0.003262 
10 75 7 0.0021 2 0.814 0.077147 126.71 14.22 112.49 0.0023279 
10 75 7 0.0021 3 0.744 0.11762 46.6 14.215 32.383 0.0019103 
10 75 7 0.0021 4 0.672 0.129 29.539 14.217 15.321 0.0016816 
10 75 7 0.0021 5 0.61 0.14255 24.543 14.213 10.328 0.001872 
10 75 7 0.0021 8 0.46 0.14408 20.217 14.22 5.9953 0.0016803 
10 75 7 0.0021 10 0.384 0.13851 18.683 14.219 4.4621 0.001796 
10 75 7 0.0021 12 0.278 0.10542 17.39 14.218 3.1697 0.0016898 
10 75 7 0.0021 15 0.192 0.071771 16.17 14.22 1.9478 0.0018396 
10 75 7 0.0021 20 0.074 0.026045 14.887 14.222 0.664 0.0016728 
10 75 7 0.0021 25 0.032 0.0095673 14.489 14.224 0.2631 0.0020202 
10 75 7 0.0021 30 0.018 0.0051796 14.348 14.197 0.1493 0.0018396 
10 75 7 0.0021 40 0.004 0.0008 14.259 14.22 0.037069 0.002026 
10 75 7 0.0021 50 0 0 14.226 14.224 1.3128e-05 0.001845 
10 75 7 0.0021 60 0 0 14.227 14.225 1.4727e-05 0.0020321 
10 75 7 0.0021 70 0 0 14.226 14.224 1.4053e-05 0.002021 
10 100 3 0.0021 1 1 0 1108 8.9982 1099 0.0054058 
10 100 3 0.0021 2 1 0 1108.1 8.9952 1099.1 0.0055572 
10 100 3 0.0021 3 1 0 1107.3 8.9717 1098.3 0.0054901 
10 100 3 0.0021 4 1 0 1104.5 8.9645 1095.5 0.0055257 
10 100 3 0.0021 5 1 0 1100.4 8.9658 1091.4 0.0055385 
10 100 3 0.0021 8 0.994 0.0018 1014.5 8.9648 1005.5 0.0053489 
10 100 3 0.0021 10 0.972 0.014302 847.97 8.9604 839 0.0051082 
10 100 3 0.0021 12 0.952 0.025404 610.96 8.9605 601.99 0.0045044 
10 100 3 0.0021 15 0.89 0.045 276.91 8.9555 267.95 0.0036347 
10 100 3 0.0021 20 0.806 0.096086 53.718 8.9534 44.762 0.0028298 
10 100 3 0.0021 25 0.74 0.13184 27.095 8.9464 18.146 0.0026482 
10 100 3 0.0021 30 0.674 0.15502 22.142 8.9522 13.187 0.002783 
10 100 3 0.0021 40 0.466 0.1627 15.638 8.9445 6.6907 0.002627 
10 100 3 0.0021 50 0.25 0.12051 12.806 8.9506 3.8525 0.002636 
10 100 3 0.0021 60 0.132 0.096098 11.052 8.9502 2.0989 0.002744 
10 100 3 0.0021 70 0.058 0.026567 9.4925 8.9472 0.54255 0.0026553 
10 100 3 0.0021 80 0.01 0.0021429 9.0346 8.9489 0.083069 0.0026118 
10 100 3 0.0021 90 0 0 8.9552 8.9523 1.4011e-05 0.0027559 
10 100 3 0.0021 100 0 0 8.9563 8.9534 1.4714e-05 0.0027364 
10 100 4 0.0021 1 1 0 1107.7 10.818 1096.9 0.0048196 
10 100 4 0.0021 2 0.998 0.0002 1086.2 10.818 1075.4 0.0049567 
10 100 4 0.0021 3 0.99 0.0021429 1029.6 10.82 1018.8 0.0047891 
10 100 4 0.0021 4 0.976 0.0083918 923.59 10.816 912.77 0.0045288 
10 100 4 0.0021 5 0.962 0.013016 773.32 10.818 762.5 0.0041798 
10 100 4 0.0021 8 0.88 0.045306 288.72 10.812 277.91 0.0028119 
10 100 4 0.0021 10 0.836 0.067657 119.3 10.816 108.48 0.0024644 
10 100 4 0.0021 12 0.782 0.10028 55.211 10.815 44.394 0.0022076 
10 100 4 0.0021 15 0.746 0.12621 31.496 10.815 20.679 0.0020711 
10 100 4 0.0021 20 0.68 0.1498 23.781 10.814 12.965 0.0021633 
10 100 4 0.0021 25 0.548 0.16459 19.383 10.81 8.5705 0.0020544 
10 100 4 0.0021 30 0.434 0.16025 17 10.814 6.1834 0.002057 
10 100 4 0.0021 40 0.254 0.13437 14.505 10.811 3.6921 0.0021587 
10 100 4 0.0021 50 0.134 0.089229 12.565 10.814 1.7496 0.0020509 
10 100 4 0.0021 60 0.056 0.031086 11.327 10.812 0.51314 0.002162 
10 100 4 0.0021 70 0.01 0.0021429 10.888 10.816 0.070304 0.0020788 
10 100 4 0.0021 80 0 0 10.813 10.811 2.459e-05 0.0021698 
10 100 4 0.0021 90 0 0 10.816 10.814 2.3346e-05 0.0021729 
10 100 4 0.0021 100 0 0 10.817 10.815 2.4435e-05 0.0022983 
10 100 5 0.0021 1 0.998 0.0002 1047.3 15.103 1032.2 0.0047568 
10 100 5 0.0021 2 0.978 0.0070571 857.64 15.098 842.54 0.0045057 
10 100 5 0.0021 3 0.954 0.022127 605.58 15.092 590.48 0.00387 
10 100 5 0.0021 4 0.916 0.038106 373.78 15.083 358.69 0.0030991 
10 100 5 0.0021 5 0.872 0.062057 210.45 15.06 195.39 0.00252 
10 100 5 0.0021 8 0.78 0.098367 48.613 15.07 33.54 0.0020057 
10 100 5 0.0021 10 0.736 0.11868 34.02 15.068 18.95 0.0019678 
10 100 5 0.0021 12 0.714 0.12531 30.175 15.071 15.102 0.0018341 
10 100 5 0.0021 15 0.636 0.15664 26.163 15.075 11.086 0.0019554 
10 100 5 0.0021 20 0.51 0.18173 22.583 15.075 7.5065 0.0019409 
10 100 5 0.0021 25 0.374 0.13584 20.398 15.064 5.3311 0.0018362 
10 100 5 0.0021 30 0.262 0.11791 18.917 15.062 3.8526 0.0019596 
10 100 5 0.0021 40 0.134 0.083514 16.969 15.072 1.8955 0.0018128 
10 100 5 0.0021 50 0.058 0.03718 15.867 15.074 0.79102 0.0019506 
10 100 5 0.0021 60 0.024 0.011657 15.299 15.079 0.2174 0.0021181 
10 100 5 0.0021 70 0.008 0.0011592 15.15 15.08 0.067344 0.0019597 
10 100 5 0.0021 80 0.002 0.0002 15.086 15.066 0.018283 0.0021045 
10 100 5 0.0021 90 0 0 15.081 15.079 1.4215e-05 0.0021071 
10 100 5 0.0021 100 0 0 15.068 15.066 1.3077e-05 0.002084 
10 100 6 0.0021 1 0.97 0.0066327 824.22 16.843 807.37 0.0072796 
10 100 6 0.0021 2 0.918 0.029669 451.46 16.363 435.09 0.0056648 
10 100 6 0.0021 3 0.866 0.06229 208.7 16.361 192.33 0.004177 
10 100 6 0.0021 4 0.824 0.079004 97.838 16.354 81.481 0.0035166 
10 100 6 0.0021 5 0.79 0.099286 55.384 16.358 39.023 0.0032023 
10 100 6 0.0021 8 0.698 0.12918 30.611 16.351 14.257 0.0028721 
10 100 6 0.0021 10 0.646 0.14172 27.189 16.342 10.844 0.0031273 
10 100 6 0.0021 12 0.574 0.14809 25.119 16.35 8.7657 0.0028583 
10 100 6 0.0021 15 0.464 0.14031 22.758 16.342 6.413 0.0031529 
10 100 6 0.0021 20 0.29 0.13316 20.2 16.351 3.8463 0.0031073 
10 100 6 0.0021 25 0.21 0.097653 18.907 16.356 2.5482 0.0028396 
10 100 6 0.0021 30 0.14 0.069796 17.836 16.343 1.4905 0.0031437 
10 100 6 0.0021 40 0.052 0.027853 16.79 16.36 0.4264 0.0031687 
10 100 6 0.0021 50 0.012 0.0027102 16.459 16.36 0.094954 0.0034426 
10 100 6 0.0021 60 0.004 0.00039184 16.372 16.343 0.025532 0.0034422 
10 100 6 0.0021 70 0.002 0.0002 16.361 16.343 0.01462 0.003431 
10 100 6 0.0021 80 0 0 16.347 16.344 1.3989e-05 0.0034465 
10 100 6 0.0021 90 0 0 16.347 16.343 1.558e-05 0.0034151 
10 100 6 0.0021 100 0 0 16.346 16.343 1.9043e-05 0.0033213 
10 100 7 0.0021 1 0.942 0.015139 535.65 18.848 516.8 0.0043253 
10 100 7 0.0021 2 0.852 0.050302 191.31 18.84 172.46 0.0030085 
10 100 7 0.0021 3 0.792 0.081159 73.089 18.839 54.247 0.0025367 
10 100 7 0.0021 4 0.736 0.11296 41.345 18.827 22.516 0.0020991 
10 100 7 0.0021 5 0.696 0.12488 32.839 18.836 14 0.0022988 
10 100 7 0.0021 8 0.546 0.13519 26.859 18.836 8.0206 0.0022882 
10 100 7 0.0021 10 0.462 0.13996 24.968 18.835 6.1309 0.0020824 
10 100 7 0.0021 12 0.374 0.13543 23.616 18.829 4.7846 0.0022686 
10 100 7 0.0021 15 0.284 0.10872 22.259 18.838 3.4183 0.0022765 
10 100 7 0.0021 20 0.162 0.068527 20.522 18.838 1.6825 0.0022877 
10 100 7 0.0021 25 0.086 0.040004 19.592 18.834 0.7559 0.0022659 
10 100 7 0.0021 30 0.044 0.016392 19.206 18.843 0.36079 0.0024619 
10 100 7 0.0021 40 0.01 0.0021429 18.929 18.842 0.084066 0.002499 
10 100 7 0.0021 50 0.004 0.00039184 18.875 18.836 0.036477 0.0024967 
10 100 7 0.0021 60 0 0 18.839 18.836 1.3878e-05 0.0026198 
10 100 7 0.0021 70 0 0 18.846 18.843 1.5407e-05 0.002526 
10 100 7 0.0021 80 0 0 18.845 18.842 1.5272e-05 0.0024822 
10 100 7 0.0021 90 0 0 18.845 18.843 1.3846e-05 0.0024731 
10 100 7 0.0021 100 0 0 18.847 18.845 1.3578e-05 0.0024802 
10 125 3 0.0021 1 1 0 1114.6 10.162 1104.5 0.0061401 
10 125 3 0.0021 2 1 0 1114.8 10.163 1104.7 0.0062632 
10 125 3 0.0021 3 1 0 1115.6 10.165 1105.4 0.0063172 
10 125 3 0.0021 4 1 0 1115.5 10.164 1105.3 0.006257 
10 125 3 0.0021 5 1 0 1115 10.163 1104.9 0.006298 
10 125 3 0.0021 8 1 0 1097.2 10.164 1087 0.0062421 
10 125 3 0.0021 10 0.994 0.00098367 1039.8 10.163 1029.6 0.0060808 
10 125 3 0.0021 12 0.98 0.0065306 912.57 10.16 902.4 0.005833 
10 125 3 0.0021 15 0.95 0.026224 607.01 10.158 596.85 0.0050843 
10 125 3 0.0021 20 0.874 0.066453 169.48 10.157 159.32 0.0036247 
10 125 3 0.0021 25 0.816 0.087494 47.276 10.156 37.117 0.0031799 
10 125 3 0.0021 30 0.768 0.11487 30.132 10.153 19.975 0.0031973 
10 125 3 0.0021 40 0.656 0.15068 21.482 10.154 11.324 0.0030129 
10 125 3 0.0021 50 0.486 0.16041 17.088 10.155 6.9297 0.0031645 
10 125 3 0.0021 60 0.306 0.13486 14.74 10.151 4.5857 0.0030172 
10 125 3 0.0021 70 0.178 0.11767 13.144 10.154 2.987 0.0030119 
10 125 3 0.0021 80 0.116 0.082596 11.634 10.156 1.4754 0.0031612 
10 125 3 0.0021 90 0.046 0.018045 10.563 10.155 0.40421 0.0029838 
10 125 3 0.0021 100 0.004 0.00039184 10.19 10.153 0.033412 0.0031696 
10 125 4 0.0021 1 1 0 1112.9 13.49 1099.4 0.0056833 
10 125 4 0.0021 2 1 0 1106.9 13.486 1093.4 0.0058745 
10 125 4 0.0021 3 1 0 1085.3 13.478 1071.8 0.0057737 
10 125 4 0.0021 4 0.992 0.0011592 1032.9 13.478 1019.4 0.0056216 
10 125 4 0.0021 5 0.982 0.0031388 945.22 13.476 931.74 0.0053478 
10 125 4 0.0021 8 0.936 0.015004 516.63 13.468 503.16 0.0041013 
10 125 4 0.0021 10 0.884 0.045453 257.64 13.462 244.17 0.0033877 
10 125 4 0.0021 12 0.84 0.069388 117.31 13.461 103.85 0.002818 
10 125 4 0.0021 15 0.798 0.094078 48.481 13.457 35.021 0.0026118 
10 125 4 0.0021 20 0.746 0.11029 30.855 13.459 17.394 0.0024491 
10 125 4 0.0021 25 0.688 0.14189 26.508 13.46 13.045 0.0025873 
10 125 4 0.0021 30 0.626 0.15502 23.19 13.457 9.7297 0.0024616 
10 125 4 0.0021 40 0.384 0.14749 18.974 13.459 5.5125 0.0026002 
10 125 4 0.0021 50 0.254 0.12947 16.923 13.459 3.461 0.0024353 
10 125 4 0.0021 60 0.142 0.090649 15.402 13.461 1.938 0.0025635 
10 125 4 0.0021 70 0.08 0.060816 14.383 13.46 0.91997 0.0025696 
10 125 4 0.0021 80 0.034 0.012086 13.755 13.462 0.29025 0.0025617 
10 125 4 0.0021 90 0.006 0.00057551 13.51 13.463 0.044456 0.002557 
10 125 4 0.0021 100 0.002 0.0002 13.485 13.464 0.018322 0.0027056 
10 125 5 0.0021 1 0.998 0.0002 1083 16.958 1066 0.0057457 
10 125 5 0.0021 2 0.99 0.002551 961.37 16.95 944.42 0.005569 
10 125 5 0.0021 3 0.98 0.0044898 762.05 16.932 745.11 0.0047727 
10 125 5 0.0021 4 0.944 0.015984 536.2 16.919 519.28 0.0040926 
10 125 5 0.0021 5 0.922 0.025016 342.72 16.918 325.8 0.0033201 
10 125 5 0.0021 8 0.852 0.056424 78.54 16.916 61.621 0.0024881 
10 125 5 0.0021 10 0.79 0.091531 44.15 16.916 27.232 0.0023215 
10 125 5 0.0021 12 0.76 0.10286 35.705 16.911 18.792 0.0021846 
10 125 5 0.0021 15 0.688 0.13496 30.927 16.915 14.01 0.0023155 
10 125 5 0.0021 20 0.608 0.14769 26.816 16.913 9.9009 0.0023376 
10 125 5 0.0021 25 0.492 0.16483 24.131 16.911 7.2171 0.0021675 
10 125 5 0.0021 30 0.376 0.15737 22.174 16.915 5.2557 0.0023115 
10 125 5 0.0021 40 0.248 0.11928 20.08 16.917 3.1611 0.0021518 
10 125 5 0.0021 50 0.118 0.067629 18.473 16.906 1.5638 0.0023163 
10 125 5 0.0021 60 0.07 0.051122 17.568 16.918 0.6483 0.0024378 
10 125 5 0.0021 70 0.026 0.0072694 17.142 16.92 0.21984 0.0023055 
10 125 5 0.0021 80 0.008 0.0011592 16.982 16.92 0.059412 0.0024476 
10 125 5 0.0021 90 0.002 0.0002 16.94 16.92 0.018235 0.0024436 
10 125 5 0.0021 100 0.002 0.0002 16.938 16.917 0.018208 0.0024361 
10 125 6 0.0021 1 0.982 0.0027306 846.43 16.977 829.45 0.0051004 
10 125 6 0.0021 2 0.938 0.019955 536.69 16.97 519.72 0.0042338 
10 125 6 0.0021 3 0.872 0.051037 283.8 16.968 266.83 0.0033223 
10 125 6 0.0021 4 0.838 0.068935 138.62 16.966 121.65 0.0026913 
10 125 6 0.0021 5 0.814 0.08082 73.329 16.964 56.363 0.0024306 
10 125 6 0.0021 8 0.746 0.10988 33.283 16.964 16.317 0.0024134 
10 125 6 0.0021 10 0.698 0.12591 29.363 16.961 12.4 0.0022196 
10 125 6 0.0021 12 0.648 0.14214 27.025 16.964 10.058 0.0024094 
10 125 6 0.0021 15 0.562 0.16159 24.812 16.961 7.8485 0.002224 
10 125 6 0.0021 20 0.422 0.15318 22.167 16.964 5.2009 0.0024046 
10 125 6 0.0021 25 0.312 0.13414 20.772 16.963 3.8069 0.002218 
10 125 6 0.0021 30 0.238 0.10281 19.688 16.965 2.7209 0.0023977 
10 125 6 0.0021 40 0.118 0.061914 18.16 16.966 1.1915 0.0024017 
10 125 6 0.0021 50 0.048 0.021731 17.358 16.968 0.38751 0.0025613 
10 125 6 0.0021 60 0.016 0.0038204 17.097 16.968 0.12649 0.002402 
10 125 6 0.0021 70 0.008 0.0011592 17.035 16.969 0.062912 0.0025902 
10 125 6 0.0021 80 0.002 0.0002 16.985 16.968 0.014539 0.0025914 
10 125 6 0.0021 90 0.002 0.0002 16.986 16.969 0.014585 0.0025969 
10 125 6 0.0021 100 0 0 16.971 16.969 1.415e-05 0.0025732 
10 125 7 0.0021 1 0.946 0.015188 604.25 20.937 583.31 0.0048484 
10 125 7 0.0021 2 0.878 0.043792 245.88 20.891 224.98 0.0035841 
10 125 7 0.0021 3 0.826 0.06931 100.72 20.886 79.828 0.0026447 
10 125 7 0.0021 4 0.784 0.087902 54.365 20.886 33.476 0.0025774 
10 125 7 0.0021 5 0.736 0.10929 40.01 20.885 19.122 0.0025775 
10 125 7 0.0021 8 0.64 0.13347 30.566 20.884 9.6795 0.002331 
10 125 7 0.0021 10 0.556 0.13721 28.585 20.874 7.7087 0.0025601 
10 125 7 0.0021 12 0.506 0.13853 27.177 20.886 6.2875 0.0025212 
10 125 7 0.0021 15 0.388 0.12965 25.476 20.884 4.5891 0.0023304 
10 125 7 0.0021 20 0.278 0.10624 23.938 20.878 3.0581 0.0025588 
10 125 7 0.0021 25 0.166 0.059841 22.553 20.889 1.6617 0.0025556 
10 125 7 0.0021 30 0.1 0.038367 21.721 20.892 0.82575 0.00278 
10 125 7 0.0021 40 0.024 0.0051265 21.069 20.892 0.17417 0.0027839 
10 125 7 0.0021 50 0.01 0.0013265 20.967 20.892 0.072259 0.0027833 
10 125 7 0.0021 60 0.004 0.00039184 20.937 20.899 0.035078 0.003016 
10 125 7 0.0021 70 0.002 0.0002 20.914 20.894 0.017498 0.0027855 
10 125 7 0.0021 80 0.002 0.0002 20.917 20.896 0.017488 0.0029932 
10 125 7 0.0021 90 0 0 20.903 20.9 1.1496e-05 0.0028032 
10 125 7 0.0021 100 0 0 20.903 20.9 1.2355e-05 0.0027902 
10 150 3 0.0021 1 1 0 1107.2 12.238 1095 0.010666 
10 150 3 0.0021 2 1 0 1107.4 12.239 1095.2 0.010951 
10 150 3 0.0021 3 1 0 1107.6 12.23 1095.4 0.0101 
10 150 3 0.0021 4 1 0 1107.4 12.226 1095.2 0.010063 
10 150 3 0.0021 5 1 0 1107.3 12.222 1095.1 0.0099735 
10 150 3 0.0021 8 1 0 1103.5 12.222 1091.3 0.0099016 
10 150 3 0.0021 10 1 0 1091 12.223 1078.8 0.009843 
10 150 3 0.0021 12 0.996 0.0008 1047.4 12.226 1035.2 0.009865 
10 150 3 0.0021 15 0.986 0.0028612 881.26 12.217 869.04 0.0092249 
10 150 3 0.0021 20 0.922 0.031547 402.64 12.21 390.43 0.0070596 
10 150 3 0.0021 25 0.866 0.065963 113.97 12.204 101.76 0.0051785 
10 150 3 0.0021 30 0.804 0.090596 44.363 12.196 32.162 0.0048273 
10 150 3 0.0021 40 0.736 0.11949 28.911 12.2 16.706 0.0045514 
10 150 3 0.0021 50 0.61 0.16092 22.54 12.201 10.335 0.0046998 
10 150 3 0.0021 60 0.484 0.15892 18.938 12.2 6.7332 0.004526 
10 150 3 0.0021 70 0.31 0.13969 16.791 12.201 4.5857 0.004771 
10 150 3 0.0021 80 0.188 0.11006 15.337 12.2 3.132 0.0044671 
10 150 3 0.0021 90 0.142 0.10616 14.12 12.202 1.9135 0.0047852 
10 150 3 0.0021 100 0.086 0.051024 13.001 12.203 0.79307 0.0047323 
10 150 4 0.0021 1 1 0 1114.2 16.273 1098 0.010574 
10 150 4 0.0021 2 1 0 1112.4 16.272 1096.1 0.010558 
10 150 4 0.0021 3 1 0 1102.8 16.273 1086.5 0.010633 
10 150 4 0.0021 4 1 0 1082.7 16.305 1066.4 0.010562 
10 150 4 0.0021 5 0.998 0.0002 1035.9 16.283 1019.6 0.010244 
10 150 4 0.0021 8 0.974 0.0064531 715.68 16.273 699.4 0.0086859 
10 150 4 0.0021 10 0.934 0.021473 444.03 16.25 427.78 0.0070433 
10 150 4 0.0021 12 0.902 0.038159 237.01 16.244 220.76 0.0060123 
10 150 4 0.0021 15 0.834 0.074535 87.97 16.237 71.728 0.0050133 
10 150 4 0.0021 20 0.774 0.11013 39.671 16.234 23.432 0.0043771 
10 150 4 0.0021 25 0.72 0.13796 32.896 16.232 16.659 0.004698 
10 150 4 0.0021 30 0.678 0.15726 29.701 16.231 13.465 0.0047136 
10 150 4 0.0021 40 0.57 0.16827 24.651 16.234 8.4134 0.0043499 
10 150 4 0.0021 50 0.39 0.15847 21.753 16.232 5.5159 0.0046763 
10 150 4 0.0021 60 0.264 0.12602 19.853 16.23 3.6191 0.0043886 
10 150 4 0.0021 70 0.166 0.10556 18.443 16.236 2.2021 0.0046669 
10 150 4 0.0021 80 0.102 0.069588 17.318 16.237 1.0757 0.0046675 
10 150 4 0.0021 90 0.05 0.021735 16.691 16.238 0.44766 0.0046468 
10 150 4 0.0021 100 0.018 0.0051796 16.405 16.241 0.15892 0.0049725 
10 150 5 0.0021 1 0.996 0.0008 1097.1 20.172 1077 0.010305 
10 150 5 0.0021 2 0.994 0.00098367 1021.9 20.273 1001.6 0.0098801 
10 150 5 0.0021 3 0.986 0.0040857 872.58 20.254 852.32 0.0091579 
10 150 5 0.0021 4 0.968 0.010384 679.7 20.25 659.44 0.0082304 
10 150 5 0.0021 5 0.936 0.022759 482.13 20.241 461.88 0.0070239 
10 150 5 0.0021 8 0.854 0.058453 127.96 20.232 107.73 0.0047085 
10 150 5 0.0021 10 0.822 0.081751 63.395 20.231 43.16 0.0042339 
10 150 5 0.0021 12 0.796 0.093453 44.849 20.226 24.618 0.0041446 
10 150 5 0.0021 15 0.752 0.11683 37.741 20.228 17.509 0.0038015 
10 150 5 0.0021 20 0.682 0.13906 33.09 20.231 12.855 0.0041394 
10 150 5 0.0021 25 0.576 0.16594 29.132 20.229 8.8985 0.0040814 
10 150 5 0.0021 30 0.486 0.16735 27.011 20.227 6.78 0.0038123 
10 150 5 0.0021 40 0.336 0.14807 24.646 20.225 4.4161 0.0041332 
10 150 5 0.0021 50 0.226 0.12482 23.115 20.228 2.8822 0.004106 
10 150 5 0.0021 60 0.136 0.086433 21.622 20.227 1.39 0.0041318 
10 150 5 0.0021 70 0.068 0.043037 20.776 20.227 0.5445 0.0041531 
10 150 5 0.0021 80 0.032 0.0112 20.496 20.238 0.25246 0.0048067 
10 150 5 0.0021 90 0.014 0.0028612 20.353 20.237 0.11136 0.004474 
10 150 5 0.0021 100 0.004 0.00039184 20.273 20.235 0.033468 0.0044663 
10 150 6 0.0021 1 0.992 0.00075102 963.81 24.345 939.46 0.0065442 
10 150 6 0.0021 2 0.96 0.016327 669.08 24.336 644.73 0.0055524 
10 150 6 0.0021 3 0.918 0.043139 397.74 24.313 373.42 0.0045239 
10 150 6 0.0021 4 0.892 0.050547 215.26 24.304 190.96 0.0035755 
10 150 6 0.0021 5 0.848 0.068261 117.2 24.307 92.885 0.0032188 
10 150 6 0.0021 8 0.768 0.098139 46.071 24.306 21.761 0.0025988 
10 150 6 0.0021 10 0.724 0.12104 40.09 24.3 15.787 0.0027778 
10 150 6 0.0021 12 0.692 0.13096 37.138 24.306 12.829 0.002766 
10 150 6 0.0021 15 0.634 0.15453 34.026 24.296 9.7278 0.002763 
10 150 6 0.0021 20 0.522 0.16461 31.431 24.306 7.1229 0.0025572 
10 150 6 0.0021 25 0.392 0.1481 29.549 24.299 5.2475 0.0027705 
10 150 6 0.0021 30 0.31 0.13765 28.292 24.303 3.9864 0.0027678 
10 150 6 0.0021 40 0.194 0.094045 26.613 24.304 2.3063 0.0027672 
10 150 6 0.0021 50 0.1 0.06 25.277 24.311 0.96301 0.0029774 
10 150 6 0.0021 60 0.06 0.036327 24.783 24.312 0.4678 0.0031754 
10 150 6 0.0021 70 0.02 0.0053061 24.475 24.306 0.16594 0.0031698 
10 150 6 0.0021 80 0.012 0.0018939 24.417 24.311 0.10285 0.0029766 
10 150 6 0.0021 90 0.008 0.00075102 24.377 24.307 0.06675 0.0031854 
10 150 6 0.0021 100 0.002 0.0002 24.335 24.313 0.018303 0.003174 
10 150 7 0.0021 1 0.956 0.012718 692.76 28.295 664.45 0.0068673 
10 150 7 0.0021 2 0.912 0.027608 315.82 28.292 287.52 0.0050091 
10 150 7 0.0021 3 0.86 0.053469 139.27 28.29 110.98 0.0038613 
10 150 7 0.0021 4 0.814 0.073882 73.295 28.286 45.006 0.0032666 
10 150 7 0.0021 5 0.782 0.08722 52.885 28.283 24.599 0.0031043 
10 150 7 0.0021 8 0.674 0.12441 40.325 28.278 12.044 0.0031156 
10 150 7 0.0021 10 0.608 0.13014 37.606 28.278 9.3248 0.0030683 
10 150 7 0.0021 12 0.532 0.14385 35.759 28.27 7.4858 0.0030995 
10 150 7 0.0021 15 0.442 0.14698 34.03 28.282 5.7448 0.0030424 
10 150 7 0.0021 20 0.326 0.13176 32.165 28.277 3.8849 0.003087 
10 150 7 0.0021 25 0.244 0.10088 30.745 28.279 2.4633 0.0030912 
10 150 7 0.0021 30 0.16 0.064082 29.851 28.284 1.5629 0.0033506 
10 150 7 0.0021 40 0.062 0.021588 28.787 28.287 0.49634 0.0036662 
10 150 7 0.0021 50 0.024 0.0067592 28.5 28.288 0.20909 0.0036483 
10 150 7 0.0021 60 0.012 0.0018939 28.388 28.288 0.095073 0.0039223 
10 150 7 0.0021 70 0.01 0.0013265 28.364 28.283 0.077456 0.0036755 
10 150 7 0.0021 80 0.002 0.0002 28.312 28.29 0.018231 0.0036603 
10 150 7 0.0021 90 0.002 0.0002 28.313 28.29 0.018266 0.0039284 
10 150 7 0.0021 100 0 0 28.292 28.289 1.3043e-05 0.0036683 
10 200 3 0.0021 1 1 0 1116.9 16.233 1100.7 0.0093134 
10 200 3 0.0021 2 1 0 1117.1 16.234 1100.9 0.0095476 
10 200 3 0.0021 3 1 0 1115.9 16.232 1099.7 0.0094201 
10 200 3 0.0021 4 1 0 1117.1 16.228 1100.8 0.0094737 
10 200 3 0.0021 5 1 0 1117 16.231 1100.8 0.0094022 
10 200 3 0.0021 8 1 0 1117.2 16.233 1100.9 0.0094642 
10 200 3 0.0021 10 1 0 1116.6 16.232 1100.4 0.0094565 
10 200 3 0.0021 12 1 0 1113.3 16.23 1097 0.0093599 
10 200 3 0.0021 15 0.998 0.0002 1092 16.234 1075.8 0.0092973 
10 200 3 0.0021 20 0.984 0.0030041 910.68 16.229 894.44 0.0088001 
10 200 3 0.0021 25 0.942 0.022894 506.46 16.225 490.23 0.007341 
10 200 3 0.0021 30 0.886 0.061229 187.9 16.217 171.68 0.0058792 
10 200 3 0.0021 40 0.806 0.089963 45.013 16.216 28.792 0.0050883 
10 200 3 0.0021 50 0.748 0.11683 33.873 16.214 17.654 0.0048614 
10 200 3 0.0021 60 0.67 0.14867 29.81 16.215 13.589 0.0050666 
10 200 3 0.0021 70 0.586 0.16776 26.192 16.215 9.9716 0.004846 
10 200 3 0.0021 80 0.482 0.17253 23.172 16.217 6.9498 0.0050583 
10 200 3 0.0021 90 0.386 0.17143 21.561 16.214 5.3416 0.0048085 
10 200 3 0.0021 100 0.284 0.1377 20.298 16.215 4.0778 0.0050351 
10 200 4 0.0021 1 1 0 1121.4 20.64 1100.7 0.0085446 
10 200 4 0.0021 2 1 0 1121.2 20.64 1100.5 0.0087629 
10 200 4 0.0021 3 1 0 1120 20.641 1099.3 0.0087561 
10 200 4 0.0021 4 1 0 1114.5 20.638 1093.8 0.0086026 
10 200 4 0.0021 5 0.998 0.0002 1104.7 20.639 1084 0.0086488 
10 200 4 0.0021 8 0.988 0.0035265 986.73 20.634 966.09 0.0081598 
10 200 4 0.0021 10 0.972 0.0094041 805.03 20.634 784.39 0.0074338 
10 200 4 0.0021 12 0.948 0.020098 570.87 20.629 550.23 0.0064605 
10 200 4 0.0021 15 0.908 0.037486 273.39 20.623 252.76 0.0052584 
10 200 4 0.0021 20 0.842 0.068608 75.576 20.618 54.954 0.0041816 
10 200 4 0.0021 25 0.79 0.095204 45.268 20.62 24.643 0.0041596 
10 200 4 0.0021 30 0.748 0.11847 38.971 20.616 18.351 0.0041573 
10 200 4 0.0021 40 0.674 0.1538 33.514 20.617 12.893 0.0039222 
10 200 4 0.0021 50 0.562 0.17179 29.354 20.616 8.7339 0.0041386 
10 200 4 0.0021 60 0.46 0.1698 27.102 20.618 6.4798 0.0041516 
10 200 4 0.0021 70 0.336 0.15827 25.4 20.616 4.7792 0.0039302 
10 200 4 0.0021 80 0.254 0.12498 24.256 20.614 3.6374 0.0041539 
10 200 4 0.0021 90 0.184 0.10872 23.267 20.622 2.6413 0.0043114 
10 200 4 0.0021 100 0.13 0.085408 22.321 20.621 1.6962 0.0041828 
10 200 5 0.0021 1 1 0 1118.6 27.097 1091.5 0.0085459 
10 200 5 0.0021 2 1 0 1088.8 27.098 1061.7 0.0084978 
10 200 5 0.0021 3 0.998 0.0002 1014.7 27.093 987.59 0.007888 
10 200 5 0.0021 4 0.992 0.0019755 892.4 27.094 865.3 0.0073075 
10 200 5 0.0021 5 0.982 0.0035469 733.16 27.09 706.06 0.006856 
10 200 5 0.0021 8 0.916 0.032392 284.62 27.083 257.53 0.0047218 
10 200 5 0.0021 10 0.886 0.044902 134.86 27.078 107.78 0.004152 
10 200 5 0.0021 12 0.844 0.070678 77.084 27.077 50.004 0.0035879 
10 200 5 0.0021 15 0.786 0.1049 52.563 27.082 25.477 0.0034685 
10 200 5 0.0021 20 0.728 0.12777 44.046 27.079 16.964 0.0035722 
10 200 5 0.0021 25 0.684 0.14586 40.566 27.073 13.49 0.003598 
10 200 5 0.0021 30 0.63 0.15847 37.874 27.073 10.797 0.0035779 
10 200 5 0.0021 40 0.498 0.17081 34.08 27.078 6.9979 0.0035422 
10 200 5 0.0021 50 0.362 0.14444 31.881 27.078 4.7992 0.0033796 
10 200 5 0.0021 60 0.26 0.11878 30.568 27.077 3.4869 0.0037962 
10 200 5 0.0021 70 0.182 0.098649 29.442 27.036 2.4026 0.0035681 
10 200 5 0.0021 80 0.132 0.079771 28.684 27.035 1.6456 0.0040203 
10 200 5 0.0021 90 0.076 0.049616 27.87 27.039 0.82706 0.0038114 
10 200 5 0.0021 100 0.058 0.04371 27.626 27.033 0.58859 0.0040252 
10 200 6 0.0021 1 0.996 0.0008 1046.9 32.574 1014.4 0.0089801 
10 200 6 0.0021 2 0.98 0.0040816 837.1 32.555 804.53 0.0080462 
10 200 6 0.0021 3 0.946 0.016004 582.4 32.551 549.84 0.0067791 
10 200 6 0.0021 4 0.916 0.024229 363.43 32.539 330.88 0.0054328 
10 200 6 0.0021 5 0.888 0.041486 216.37 32.535 183.83 0.0047855 
10 200 6 0.0021 8 0.818 0.081914 69.538 32.537 36.996 0.0038009 
10 200 6 0.0021 10 0.788 0.10108 54.601 32.536 22.062 0.0037138 
10 200 6 0.0021 12 0.754 0.11274 49.562 32.542 17.016 0.0037011 
10 200 6 0.0021 15 0.696 0.13386 46.044 32.531 13.508 0.0037166 
10 200 6 0.0021 20 0.62 0.15714 42.419 32.536 9.88 0.0037113 
10 200 6 0.0021 25 0.53 0.16827 40.172 32.542 7.6261 0.0037199 
10 200 6 0.0021 30 0.442 0.15963 38.588 32.54 6.0449 0.0036946 
10 200 6 0.0021 40 0.302 0.13857 36.313 32.528 3.7811 0.0039757 
10 200 6 0.0021 50 0.208 0.10524 35.071 32.54 2.5265 0.0039812 
10 200 6 0.0021 60 0.14 0.074694 34.013 32.549 1.4592 0.004237 
10 200 6 0.0021 70 0.084 0.060963 33.379 32.54 0.83464 0.0042768 
10 200 6 0.0021 80 0.036 0.01582 32.857 32.551 0.3014 0.0045087 
10 200 6 0.0021 90 0.026 0.008902 32.769 32.551 0.21298 0.0045042 
10 200 6 0.0021 100 0.022 0.0058327 32.732 32.55 0.17789 0.0045101 
10 200 7 0.0021 1 0.986 0.0024531 758.18 31.667 726.5 0.0085125 
10 200 7 0.0021 2 0.946 0.015596 411.26 31.67 379.58 0.0064563 
10 200 7 0.0021 3 0.894 0.047514 200.78 31.666 169.11 0.0049435 
10 200 7 0.0021 4 0.86 0.063673 106.22 31.664 74.55 0.0043984 
10 200 7 0.0021 5 0.826 0.083596 69.7 31.662 38.034 0.0040042 
10 200 7 0.0021 8 0.752 0.11112 46.914 31.665 15.246 0.0039741 
10 200 7 0.0021 10 0.702 0.1202 44.022 31.664 12.354 0.0040151 
10 200 7 0.0021 12 0.656 0.13517 41.731 31.664 10.062 0.0038383 
10 200 7 0.0021 15 0.584 0.14831 39.482 31.686 7.7926 0.0036881 
10 200 7 0.0021 20 0.458 0.14044 37.34 31.696 5.6407 0.0039958 
10 200 7 0.0021 25 0.338 0.13098 35.496 31.683 3.8087 0.0043307 
10 200 7 0.0021 30 0.27 0.11724 34.62 31.665 2.9507 0.0040249 
10 200 7 0.0021 40 0.176 0.078596 33.336 31.668 1.6633 0.0047384 
10 200 7 0.0021 50 0.086 0.036331 32.365 31.673 0.68765 0.0047654 
10 200 7 0.0021 60 0.036 0.010106 31.97 31.673 0.29143 0.005084 
10 200 7 0.0021 70 0.018 0.0043633 31.813 31.672 0.1363 0.004785 
10 200 7 0.0021 80 0.016 0.0042286 31.803 31.672 0.12569 0.0050984 
10 200 7 0.0021 90 0.006 0.00057551 31.721 31.672 0.044205 0.0050706 
10 200 7 0.0021 100 0.004 0.00039184 31.707 31.672 0.029333 0.0049944 
10 250 3 0.0021 1 1 0 1106.2 19.667 1086.5 0.015051 
10 250 3 0.0021 2 1 0 1106.4 19.296 1087.1 0.012462 
10 250 3 0.0021 3 1 0 1106.5 19.298 1087.2 0.011159 
10 250 3 0.0021 4 1 0 1106.5 19.295 1087.2 0.011197 
10 250 3 0.0021 5 1 0 1105.4 19.292 1086 0.01121 
10 250 3 0.0021 8 1 0 1106.3 19.291 1087 0.011082 
10 250 3 0.0021 10 1 0 1106 19.291 1086.7 0.011182 
10 250 3 0.0021 12 1 0 1106.2 19.297 1086.9 0.011049 
10 250 3 0.0021 15 1 0 1104.3 19.294 1085 0.011144 
10 250 3 0.0021 20 1 0 1077.7 19.291 1058.3 0.011003 
10 250 3 0.0021 25 0.99 0.00091837 925.04 19.294 905.73 0.010289 
10 250 3 0.0021 30 0.962 0.010159 590.27 19.289 570.97 0.0090584 
10 250 3 0.0021 40 0.866 0.06882 103.6 19.281 84.311 0.0064334 
10 250 3 0.0021 50 0.812 0.09169 44.777 19.282 25.489 0.0063395 
10 250 3 0.0021 60 0.748 0.12622 37.177 19.28 17.89 0.0063512 
10 250 3 0.0021 70 0.71 0.14133 34.139 19.278 14.855 0.0060611 
10 250 3 0.0021 80 0.652 0.16091 31.092 19.264 11.822 0.0063149 
10 250 3 0.0021 90 0.578 0.18216 28.033 19.278 8.7489 0.0060376 
10 250 3 0.0021 100 0.468 0.1663 25.832 19.278 6.5473 0.006302 
10 250 4 0.0021 1 1 0 1065.3 26.813 1038.4 0.0098837 
10 250 4 0.0021 2 1 0 1065.2 26.815 1038.4 0.0099937 
10 250 4 0.0021 3 1 0 1065.2 26.817 1038.3 0.0099322 
10 250 4 0.0021 4 1 0 1064.6 26.809 1037.8 0.0099306 
10 250 4 0.0021 5 1 0 1063.5 26.82 1036.7 0.009874 
10 250 4 0.0021 8 1 0 1032.4 26.809 1005.6 0.0096754 
10 250 4 0.0021 10 0.992 0.0015673 960.46 26.814 933.63 0.0093678 
10 250 4 0.0021 12 0.98 0.0073469 825.92 26.811 799.1 0.0088207 
10 250 4 0.0021 15 0.958 0.016771 538.82 26.813 512 0.0074684 
10 250 4 0.0021 20 0.878 0.058486 174.23 26.81 147.41 0.0056696 
10 250 4 0.0021 25 0.842 0.07718 71.304 26.805 44.494 0.0053497 
10 250 4 0.0021 30 0.8 0.1 51.019 26.801 24.213 0.0048539 
10 250 4 0.0021 40 0.75 0.12459 42.176 26.8 15.37 0.0050889 
10 250 4 0.0021 50 0.67 0.15561 38.293 26.803 11.485 0.0050686 
10 250 4 0.0021 60 0.592 0.17504 35.506 26.807 8.6941 0.0048314 
10 250 4 0.0021 70 0.504 0.16692 33.386 26.802 6.5792 0.0050693 
10 250 4 0.0021 80 0.384 0.15566 31.674 26.793 4.8755 0.0051083 
10 250 4 0.0021 90 0.31 0.15724 30.727 26.805 3.9165 0.0050939 
10 250 4 0.0021 100 0.236 0.135 29.892 26.805 3.0808 0.0053449 
10 250 5 0.0021 1 1 0 1116.1 33.81 1082.2 0.017373 
10 250 5 0.0021 2 1 0 1105.3 33.767 1071.6 0.01624 
10 250 5 0.0021 3 0.998 0.0002 1070.2 33.766 1036.5 0.015903 
10 250 5 0.0021 4 0.996 0.00039184 1004.8 33.77 970.97 0.015 
10 250 5 0.0021 5 0.982 0.0039551 901.4 33.768 867.62 0.014554 
10 250 5 0.0021 8 0.942 0.022078 479.59 33.76 445.82 0.010616 
10 250 5 0.0021 10 0.906 0.047106 260.8 33.762 227.03 0.0090226 
10 250 5 0.0021 12 0.864 0.067249 140.99 33.759 107.22 0.007566 
10 250 5 0.0021 15 0.824 0.083494 75.132 33.752 41.372 0.0074469 
10 250 5 0.0021 20 0.78 0.10327 54.793 33.754 21.032 0.0065466 
10 250 5 0.0021 25 0.748 0.1201 50.226 33.743 16.475 0.0070011 
10 250 5 0.0021 30 0.71 0.1352 47.257 33.749 13.501 0.0069853 
10 250 5 0.0021 40 0.628 0.15798 43.276 33.752 9.5171 0.0070113 
10 250 5 0.0021 50 0.502 0.16224 40.55 33.759 6.7838 0.0070284 
10 250 5 0.0021 60 0.398 0.15653 39.028 33.752 5.2688 0.0069867 
10 250 5 0.0021 70 0.312 0.13291 37.925 33.792 4.125 0.0075592 
10 250 5 0.0021 80 0.242 0.12453 36.883 33.777 3.0986 0.0076192 
10 250 5 0.0021 90 0.176 0.10717 36.021 33.789 2.2235 0.008108 
10 250 5 0.0021 100 0.118 0.0762 35.177 33.796 1.3722 0.0081318 
10 250 6 0.0021 1 0.998 0.0002 1081.9 40.777 1041.1 0.020094 
10 250 6 0.0021 2 0.994 0.00057551 936.05 40.73 895.3 0.018609 
10 250 6 0.0021 3 0.982 0.0019143 727.21 40.712 686.49 0.016332 
10 250 6 0.0021 4 0.952 0.013159 512.4 40.711 471.67 0.01393 
10 250 6 0.0021 5 0.924 0.028392 337.49 40.704 296.77 0.011369 
10 250 6 0.0021 8 0.842 0.066567 102.72 40.696 62.012 0.0079982 
10 250 6 0.0021 10 0.816 0.084229 72.397 40.702 31.686 0.0084869 
10 250 6 0.0021 12 0.786 0.10164 62.978 40.699 22.271 0.0078116 
10 250 6 0.0021 15 0.754 0.12131 57.84 40.705 17.127 0.0077723 
10 250 6 0.0021 20 0.708 0.13708 53.506 40.706 12.792 0.0077678 
10 250 6 0.0021 25 0.652 0.15071 50.558 40.702 9.8477 0.0077527 
10 250 6 0.0021 30 0.58 0.15429 48.714 40.713 7.9931 0.0077748 
10 250 6 0.0021 40 0.406 0.15894 46.035 40.705 5.3216 0.0084757 
10 250 6 0.0021 50 0.324 0.14839 44.749 40.709 4.0309 0.0089205 
10 250 6 0.0021 60 0.256 0.12211 43.706 40.72 2.9767 0.0091802 
10 250 6 0.0021 70 0.174 0.08482 42.684 40.717 1.9571 0.0096183 
10 250 6 0.0021 80 0.114 0.065718 41.86 40.708 1.1421 0.0098458 
10 250 6 0.0021 90 0.072 0.035935 41.35 40.723 0.61641 0.0098173 
10 250 6 0.0021 100 0.048 0.024996 41.151 40.723 0.41726 0.01049 
10 250 7 0.0021 1 0.99 0.0013265 851.08 47.344 803.73 0.011272 
10 250 7 0.0021 2 0.96 0.014286 532.01 47.34 484.66 0.0090606 
10 250 7 0.0021 3 0.918 0.033343 292.33 47.303 245.01 0.0071697 
10 250 7 0.0021 4 0.886 0.044494 165.09 47.334 117.75 0.0061354 
10 250 7 0.0021 5 0.85 0.060102 105.11 47.336 57.765 0.0055713 
10 250 7 0.0021 8 0.774 0.10156 66.35 47.334 19.011 0.0051314 
10 250 7 0.0021 10 0.73 0.11806 61.769 47.321 14.442 0.0051106 
10 250 7 0.0021 12 0.71 0.12418 59.436 47.337 12.094 0.0051008 
10 250 7 0.0021 15 0.66 0.14327 57 47.331 9.6639 0.0050476 
10 250 7 0.0021 20 0.542 0.14289 54.457 47.334 7.1178 0.0055341 
10 250 7 0.0021 25 0.462 0.15016 52.941 47.329 5.606 0.0055502 
10 250 7 0.0021 30 0.366 0.13984 51.568 47.343 4.2188 0.0060408 
10 250 7 0.0021 40 0.254 0.10417 50.018 47.342 2.6693 0.0065005 
10 250 7 0.0021 50 0.162 0.068935 48.842 47.344 1.4906 0.0068262 
10 250 7 0.0021 60 0.098 0.045098 48.165 47.344 0.81406 0.0069956 
10 250 7 0.0021 70 0.048 0.016016 47.721 47.343 0.37174 0.0069912 
10 250 7 0.0021 80 0.018 0.0043633 47.493 47.353 0.13283 0.0073938 
10 250 7 0.0021 90 0.016 0.0042286 47.491 47.362 0.12155 0.0073523 
10 250 7 0.0021 100 0.016 0.0042286 47.48 47.351 0.12167 0.0069951 
10 300 3 0.0021 1 1 0 1110 23.272 1086.7 0.023719 
10 300 3 0.0021 2 1 0 1110.1 23.256 1086.8 0.024113 
10 300 3 0.0021 3 1 0 1109.8 23.249 1086.5 0.02413 
10 300 3 0.0021 4 1 0 1109 23.242 1085.7 0.023645 
10 300 3 0.0021 5 1 0 1110 23.248 1086.7 0.023716 
10 300 3 0.0021 8 1 0 1110.9 23.309 1087.6 0.023645 
10 300 3 0.0021 10 1 0 1110.8 23.305 1087.5 0.022983 
10 300 3 0.0021 12 1 0 1110.8 23.306 1087.5 0.023253 
10 300 3 0.0021 15 1 0 1110.6 23.308 1087.3 0.023182 
10 300 3 0.0021 20 1 0 1107.6 23.306 1084.3 0.023378 
10 300 3 0.0021 25 0.998 0.0002 1076.7 23.298 1053.4 0.022803 
10 300 3 0.0021 30 0.98 0.0077551 944.69 23.303 921.36 0.021574 
10 300 3 0.0021 40 0.926 0.037882 341.76 23.288 318.45 0.015391 
10 300 3 0.0021 50 0.848 0.073976 79.128 23.281 55.836 0.011546 
10 300 3 0.0021 60 0.808 0.092996 49.061 23.284 25.766 0.011546 
10 300 3 0.0021 70 0.746 0.11886 42.238 23.285 18.941 0.011529 
10 300 3 0.0021 80 0.702 0.13938 38.834 23.277 15.546 0.010743 
10 300 3 0.0021 90 0.662 0.15547 35.783 23.278 12.494 0.011476 
10 300 3 0.0021 100 0.586 0.17307 33.142 23.279 9.8514 0.011475 
10 300 4 0.0021 1 1 0 1128.3 32.476 1095.9 0.012246 
10 300 4 0.0021 2 1 0 1127.5 32.478 1095 0.012435 
10 300 4 0.0021 3 1 0 1128.6 32.483 1096.1 0.01244 
10 300 4 0.0021 4 1 0 1128.1 32.472 1095.6 0.012235 
10 300 4 0.0021 5 1 0 1127.7 32.476 1095.2 0.01236 
10 300 4 0.0021 8 1 0 1121 32.478 1088.5 0.012311 
10 300 4 0.0021 10 0.998 0.0002 1095.7 32.475 1063.2 0.012155 
10 300 4 0.0021 12 0.994 0.00057551 1031.1 32.479 998.59 0.011808 
10 300 4 0.0021 15 0.984 0.0030041 833.47 32.474 800.98 0.010761 
10 300 4 0.0021 20 0.94 0.022857 391.1 32.452 358.64 0.0082951 
10 300 4 0.0021 25 0.882 0.057833 139.58 32.464 107.1 0.0067 
10 300 4 0.0021 30 0.836 0.077045 73.308 32.46 40.842 0.0060502 
10 300 4 0.0021 40 0.784 0.10015 53.568 32.461 21.101 0.0060511 
10 300 4 0.0021 50 0.724 0.13043 48.129 32.455 15.668 0.0060105 
10 300 4 0.0021 60 0.676 0.14798 45.081 32.461 12.613 0.0060299 
10 300 4 0.0021 70 0.606 0.17772 41.871 32.46 9.4052 0.006013 
10 300 4 0.0021 80 0.534 0.18229 39.929 32.455 7.4683 0.0060208 
10 300 4 0.0021 90 0.454 0.16784 38.673 32.459 6.208 0.0060418 
10 300 4 0.0021 100 0.362 0.16159 37.515 32.462 5.0468 0.0060234 
10 300 5 0.0021 1 1 0 1139.2 40.652 1098.5 0.018541 
10 300 5 0.0021 2 1 0 1135.1 40.655 1094.4 0.018759 
10 300 5 0.0021 3 1 0 1120.6 40.684 1079.9 0.018458 
10 300 5 0.0021 4 0.998 0.0002 1086.2 40.676 1045.5 0.018006 
