10 1 2 2.1e-05 1 0.558 0.12208 285.28 0.0023716 285.28 0.00015598 
10 5 2 2.1e-05 1 0.95 0.026224 868.36 0.0051728 868.35 0.00074419 
10 5 2 2.1e-05 2 0.802 0.058976 418.27 0.0047666 418.27 0.00061865 
10 5 2 2.1e-05 3 0.556 0.11149 118.72 0.0046637 118.71 0.0003762 
10 5 2 2.1e-05 4 0.274 0.1138 19.785 0.0041717 19.78 0.00027885 
10 5 2 2.1e-05 5 0.106 0.044249 2.3034 0.0027825 2.3004 0.00024765 
10 10 2 2.1e-05 1 0.984 0.007902 1077.5 0.0080802 1077.5 0.0011973 
10 10 2 2.1e-05 2 0.936 0.02031 858.31 20.371 837.94 0.0012075 
10 10 2 2.1e-05 3 0.87 0.051939 510.7 0.087992 510.61 0.00092026 
10 10 2 2.1e-05 4 0.758 0.090649 244.73 0.073079 244.65 0.00068451 
10 10 2 2.1e-05 5 0.636 0.11337 93.274 0.043102 93.23 0.00055112 
10 10 2 2.1e-05 8 0.228 0.10165 4.7806 0.033717 4.7463 0.00046026 
10 10 2 2.1e-05 10 0.05 0.024184 0.64568 0.0062691 0.63903 0.00033843 
10 25 2 2.1e-05 1 1 0 1131.9 0.64252 1131.3 0.0019784 
10 25 2 2.1e-05 2 1 0 1120.7 0.027148 1120.6 0.0023121 
10 25 2 2.1e-05 3 0.996 0.00039184 1088.4 0.026397 1088.4 0.0022427 
10 25 2 2.1e-05 4 0.994 0.00098367 1008.3 0.026788 1008.3 0.0021316 
10 25 2 2.1e-05 5 0.984 0.0021878 867.52 0.026347 867.5 0.0020143 
10 25 2 2.1e-05 8 0.842 0.054731 302.4 0.025967 302.37 0.001431 
10 25 2 2.1e-05 10 0.734 0.0978 90.428 0.02569 90.401 0.001164 
10 25 2 2.1e-05 12 0.614 0.14572 24.945 0.025657 24.918 0.0010812 
10 25 2 2.1e-05 15 0.446 0.14907 7.9123 0.014093 7.8971 0.0010532 
10 25 2 2.1e-05 20 0.134 0.074943 2.0004 0.013456 1.986 0.00089359 
10 25 2 2.1e-05 25 0 0 0.013591 0.012839 4.519e-06 0.00071345 
10 50 2 2.1e-05 1 1 0 1143.4 0.067099 1143.3 0.003355 
10 50 2 2.1e-05 2 1 0 1142.7 0.04019 1142.6 0.003736 
10 50 2 2.1e-05 3 1 0 1142 0.039416 1142 0.0036962 
10 50 2 2.1e-05 4 1 0 1140.8 0.039456 1140.7 0.0036462 
10 50 2 2.1e-05 5 1 0 1138.6 0.039827 1138.5 0.0037076 
10 50 2 2.1e-05 8 0.992 0.0011592 1073.4 0.040272 1073.4 0.0036427 
10 50 2 2.1e-05 10 0.976 0.0083918 920.18 0.039402 920.14 0.0034137 
10 50 2 2.1e-05 12 0.936 0.038678 662.83 0.038508 662.79 0.003048 
10 50 2 2.1e-05 15 0.878 0.062159 277.36 0.038653 277.32 0.0023737 
10 50 2 2.1e-05 20 0.774 0.10604 38.455 0.038145 38.414 0.0019649 
10 50 2 2.1e-05 25 0.644 0.14619 12.646 0.036315 12.608 0.001918 
10 50 2 2.1e-05 30 0.424 0.1288 6.5269 0.027124 6.4979 0.0018803 
10 50 2 2.1e-05 40 0.09 0.055204 1.2718 0.035057 1.235 0.0017089 
10 50 2 2.1e-05 50 0 0 0.027152 0.02554 6.62e-06 0.0015649 
10 75 2 2.1e-05 1 1 0 1149 0.10367 1148.9 0.0056376 
10 75 2 2.1e-05 2 1 0 1111.1 0.053503 1111.1 0.0049094 
10 75 2 2.1e-05 3 1 0 1095.9 0.05192 1095.9 0.0048133 
10 75 2 2.1e-05 4 1 0 1096.1 0.052091 1096 0.0047745 
10 75 2 2.1e-05 5 1 0 1095.5 0.051975 1095.5 0.0046986 
10 75 2 2.1e-05 8 1 0 1095.2 0.052207 1095.2 0.0047282 
10 75 2 2.1e-05 10 1 0 1087.2 0.052027 1087.2 0.0047664 
10 75 2 2.1e-05 12 0.998 0.0002 1055.4 0.05235 1055.3 0.0047238 
10 75 2 2.1e-05 15 0.97 0.011939 930.34 0.052807 930.28 0.004572 
10 75 2 2.1e-05 20 0.904 0.051004 424.11 0.052369 424.06 0.0035741 
10 75 2 2.1e-05 25 0.836 0.082759 89.253 0.05141 89.199 0.0028267 
10 75 2 2.1e-05 30 0.738 0.11791 24.345 0.051596 24.29 0.0028122 
10 75 2 2.1e-05 40 0.544 0.17884 9.485 0.049829 9.4326 0.0025654 
10 75 2 2.1e-05 50 0.284 0.13076 4.0877 0.039124 4.046 0.0025104 
10 75 2 2.1e-05 60 0.07 0.037653 0.95924 0.037556 0.91935 0.0022909 
10 75 2 2.1e-05 70 0.004 0.00039184 0.074546 0.036643 0.035745 0.0021245 
10 100 2 2.1e-05 1 1 0 1105 0.06793 1104.9 0.0076354 
10 100 2 2.1e-05 2 1 0 1083.9 0.067256 1083.8 0.0079281 
10 100 2 2.1e-05 3 1 0 1083.3 0.063203 1083.2 0.0078171 
10 100 2 2.1e-05 4 1 0 1087 0.057775 1087 0.0062095 
10 100 2 2.1e-05 5 1 0 1083.4 0.057508 1083.4 0.0061307 
10 100 2 2.1e-05 8 1 0 1049.3 0.057245 1049.2 0.0059273 
10 100 2 2.1e-05 10 1 0 1034.4 0.057013 1034.3 0.0057163 
10 100 2 2.1e-05 12 1 0 1034.5 0.056943 1034.4 0.0057254 
10 100 2 2.1e-05 15 1 0 1025 0.05709 1025 0.0058017 
10 100 2 2.1e-05 20 0.98 0.0085714 891.54 0.056651 891.48 0.0055116 
10 100 2 2.1e-05 25 0.946 0.028657 503.48 0.055841 503.42 0.004654 
10 100 2 2.1e-05 30 0.908 0.050139 163.74 0.055189 163.68 0.0037956 
10 100 2 2.1e-05 40 0.796 0.093453 19.816 0.054806 19.758 0.0033782 
10 100 2 2.1e-05 50 0.63 0.15031 9.4848 0.052731 9.4286 0.0033802 
10 100 2 2.1e-05 60 0.38 0.13469 4.9076 0.051805 4.8525 0.0032725 
10 100 2 2.1e-05 70 0.198 0.10959 2.6059 0.05048 2.5522 0.003148 
10 100 2 2.1e-05 80 0.064 0.03378 0.69587 0.04921 0.64363 0.0029721 
10 100 2 2.1e-05 90 0.012 0.0039347 0.14537 0.04817 0.094355 0.0028061 
10 100 2 2.1e-05 100 0 0 0.050694 0.047907 6.493e-06 0.0027422 
10 125 2 2.1e-05 1 1 0 1088.1 1.3558 1086.7 0.0097231 
10 125 2 2.1e-05 2 1 0 1085.3 0.10266 1085.2 0.010004 
10 125 2 2.1e-05 3 1 0 1086.9 0.098587 1086.8 0.0098291 
10 125 2 2.1e-05 4 1 0 1087.1 0.098787 1087 0.0095471 
10 125 2 2.1e-05 5 1 0 1087 0.1022 1086.9 0.0097932 
10 125 2 2.1e-05 8 1 0 1087.2 0.10182 1087 0.0095059 
10 125 2 2.1e-05 10 1 0 1087 0.10256 1086.9 0.010033 
10 125 2 2.1e-05 12 1 0 1086.9 0.10233 1086.8 0.010106 
10 125 2 2.1e-05 15 1 0 1085.9 0.10074 1085.8 0.0095564 
10 125 2 2.1e-05 20 0.992 0.0032 1073.7 0.10231 1073.6 0.01021 
10 125 2 2.1e-05 25 0.976 0.020229 958.74 0.1014 958.63 0.0094865 
10 125 2 2.1e-05 30 0.942 0.033098 623.75 0.099833 623.65 0.0081107 
10 125 2 2.1e-05 40 0.87 0.067857 76.748 0.096133 76.646 0.0061017 
10 125 2 2.1e-05 50 0.79 0.10459 19.908 0.097053 19.805 0.0053781 
10 125 2 2.1e-05 60 0.682 0.15171 12.192 0.075624 12.11 0.0053913 
10 125 2 2.1e-05 70 0.488 0.15781 6.8108 0.074295 6.7309 0.0055571 
10 125 2 2.1e-05 80 0.298 0.12632 4.2213 0.092298 4.1237 0.0051515 
10 125 2 2.1e-05 90 0.162 0.10649 2.1751 0.066411 2.1039 0.0046474 
10 125 2 2.1e-05 100 0.054 0.032739 0.55455 0.063133 0.48706 0.0043073 
10 125 2 2.1e-05 125 0 0 0.064162 0.060171 1.0161e-05 0.0039432 
10 150 2 2.1e-05 1 1 0 1095.3 0.15891 1095.2 0.011258 
10 150 2 2.1e-05 2 1 0 1096.2 0.11283 1096.1 0.011815 
10 150 2 2.1e-05 3 1 0 1096.5 0.11086 1096.4 0.012252 
10 150 2 2.1e-05 4 1 0 1095.6 0.10799 1095.5 0.011475 
10 150 2 2.1e-05 5 1 0 1096.1 0.10816 1096 0.01165 
10 150 2 2.1e-05 8 1 0 1096.4 0.10794 1096.3 0.011625 
10 150 2 2.1e-05 10 1 0 1097.1 0.10773 1097 0.011388 
10 150 2 2.1e-05 12 1 0 1096.9 0.10783 1096.8 0.011736 
10 150 2 2.1e-05 15 1 0 1096.1 0.10777 1096 0.011477 
10 150 2 2.1e-05 20 1 0 1095.4 0.10753 1095.3 0.011516 
10 150 2 2.1e-05 25 0.998 0.0002 1081.4 0.10766 1081.3 0.011778 
10 150 2 2.1e-05 30 0.988 0.0039347 979.73 0.10763 979.61 0.011132 
10 150 2 2.1e-05 40 0.926 0.028902 348.88 0.10436 348.77 0.0084907 
10 150 2 2.1e-05 50 0.86 0.06449 47.772 0.10242 47.663 0.0063149 
10 150 2 2.1e-05 60 0.78 0.10612 19.28 0.10142 19.173 0.0058446 
10 150 2 2.1e-05 70 0.69 0.15398 13.042 0.086052 12.95 0.0058504 
10 150 2 2.1e-05 80 0.542 0.17514 8.4258 0.08496 8.3347 0.0060266 
10 150 2 2.1e-05 90 0.394 0.1516 5.49 0.098203 5.3859 0.0057668 
10 150 2 2.1e-05 100 0.24 0.12082 3.6244 0.081182 3.5374 0.0056616 
10 150 2 2.1e-05 125 0.034 0.018208 0.35318 0.074265 0.27351 0.0053511 
10 150 2 2.1e-05 150 0 0 0.07641 0.071606 9.579e-06 0.0047544 
10 200 2 2.1e-05 1 1 0 1098.3 0.11995 1098.1 0.014199 
10 200 2 2.1e-05 2 1 0 1098.3 0.11912 1098.2 0.013891 
10 200 2 2.1e-05 3 1 0 1098.6 0.11304 1098.5 0.012482 
10 200 2 2.1e-05 4 1 0 1097.8 0.11079 1097.7 0.011043 
10 200 2 2.1e-05 5 1 0 1098.6 0.11083 1098.5 0.010966 
10 200 2 2.1e-05 8 1 0 1098.3 0.11088 1098.2 0.01102 
10 200 2 2.1e-05 10 1 0 1097.9 0.11094 1097.8 0.011095 
10 200 2 2.1e-05 12 1 0 1098 0.11073 1097.9 0.011028 
10 200 2 2.1e-05 15 1 0 1097.6 0.11108 1097.5 0.011058 
10 200 2 2.1e-05 20 1 0 1098.6 0.11105 1098.5 0.011041 
10 200 2 2.1e-05 25 1 0 1132.7 0.11254 1132.5 0.011236 
10 200 2 2.1e-05 30 1 0 1131.1 0.11232 1130.9 0.011258 
10 200 2 2.1e-05 40 0.982 0.010078 1011.6 0.11069 1011.5 0.010719 
10 200 2 2.1e-05 50 0.942 0.024527 498.12 0.10815 498 0.0089134 
10 200 2 2.1e-05 60 0.884 0.058514 97.796 0.10621 97.683 0.0071003 
10 200 2 2.1e-05 70 0.84 0.081224 28.954 0.10493 28.842 0.0065269 
10 200 2 2.1e-05 80 0.762 0.12036 18.75 0.10524 18.638 0.0066875 
10 200 2 2.1e-05 90 0.702 0.13979 14.569 0.10428 14.458 0.0065042 
10 200 2 2.1e-05 100 0.616 0.17035 10.882 0.10283 10.772 0.0064741 
10 200 2 2.1e-05 125 0.354 0.15151 5.1555 0.10159 5.0474 0.0064501 
10 200 2 2.1e-05 150 0.144 0.1066 2.0625 0.099209 1.9569 0.006307 
10 200 2 2.1e-05 200 0 0 0.10107 0.094896 8.425e-06 0.0061191 
10 250 2 2.1e-05 1 1 0 1120.6 0.1453 1120.4 0.014118 
10 250 2 2.1e-05 2 1 0 1069.3 0.14073 1069.1 0.012911 
10 250 2 2.1e-05 3 1 0 1068 0.13975 1067.8 0.012884 
10 250 2 2.1e-05 4 1 0 1067.6 0.13931 1067.5 0.012873 
10 250 2 2.1e-05 5 1 0 1067.5 0.13897 1067.4 0.012905 
10 250 2 2.1e-05 8 1 0 1067.9 0.13942 1067.8 0.013175 
10 250 2 2.1e-05 10 1 0 1068.3 0.13959 1068.2 0.013047 
10 250 2 2.1e-05 12 1 0 1054.6 0.13809 1054.4 0.012932 
10 250 2 2.1e-05 15 1 0 1040.1 0.13671 1040 0.01283 
10 250 2 2.1e-05 20 1 0 1038 0.13573 1037.9 0.012688 
10 250 2 2.1e-05 25 1 0 1037.9 0.13639 1037.8 0.012902 
10 250 2 2.1e-05 30 1 0 1037.5 0.13574 1037.4 0.012807 
10 250 2 2.1e-05 40 1 0 1038.4 0.13668 1038.3 0.012878 
10 250 2 2.1e-05 50 0.984 0.0025959 970.81 0.13618 970.66 0.012515 
10 250 2 2.1e-05 60 0.934 0.036576 591.96 0.13353 591.82 0.010972 
10 250 2 2.1e-05 70 0.884 0.066678 167.6 0.13168 167.46 0.0088589 
10 250 2 2.1e-05 80 0.84 0.084898 43.584 0.13083 43.445 0.008248 
10 250 2 2.1e-05 90 0.806 0.10302 23.353 0.12953 23.215 0.0082452 
10 250 2 2.1e-05 100 0.772 0.1143 17.834 0.13244 17.694 0.0079909 
10 250 2 2.1e-05 125 0.616 0.17647 10.187 0.12935 10.049 0.0079802 
10 250 2 2.1e-05 150 0.378 0.15849 5.1589 0.12771 5.0231 0.0079591 
10 250 2 2.1e-05 200 0.054 0.038453 0.63507 0.12459 0.50265 0.0077735 
10 250 2 2.1e-05 250 0 0 0.12758 0.11993 1.2153e-05 0.0075858 
10 300 2 2.1e-05 1 1 0 1107.8 2.7346 1105 0.022019 
10 300 2 2.1e-05 2 1 0 1105.8 0.22419 1105.5 0.02116 
10 300 2 2.1e-05 3 1 0 1106.5 0.22836 1106.2 0.020973 
10 300 2 2.1e-05 4 1 0 1106.4 0.22835 1106.1 0.021717 
10 300 2 2.1e-05 5 1 0 1106.7 0.22366 1106.5 0.02068 
10 300 2 2.1e-05 8 1 0 1107 0.22376 1106.8 0.020148 
10 300 2 2.1e-05 10 1 0 1105.8 0.22587 1105.6 0.021189 
10 300 2 2.1e-05 12 1 0 1106.6 0.22607 1106.3 0.020812 
10 300 2 2.1e-05 15 1 0 1106.5 0.22796 1106.3 0.020978 
10 300 2 2.1e-05 20 1 0 1106.9 0.22576 1106.7 0.021067 
10 300 2 2.1e-05 25 1 0 1106.3 0.22769 1106.1 0.021278 
10 300 2 2.1e-05 30 1 0 1106.6 0.22898 1106.3 0.02142 
10 300 2 2.1e-05 40 1 0 1106.8 0.22833 1106.5 0.020511 
10 300 2 2.1e-05 50 1 0 1101.8 0.23032 1101.6 0.020826 
10 300 2 2.1e-05 60 0.986 0.0020449 1034.9 0.22035 1034.7 0.020548 
10 300 2 2.1e-05 70 0.95 0.026633 723.18 0.21045 722.95 0.016543 
10 300 2 2.1e-05 80 0.916 0.052392 269.74 0.20461 269.52 0.013032 
10 300 2 2.1e-05 90 0.876 0.064718 70.369 0.2054 70.152 0.010936 
10 300 2 2.1e-05 100 0.834 0.083514 31.361 0.2056 31.144 0.010817 
10 300 2 2.1e-05 125 0.744 0.12823 16.384 0.20627 16.168 0.010329 
10 300 2 2.1e-05 150 0.646 0.156 10.221 0.16953 10.041 0.010298 
10 300 2 2.1e-05 200 0.226 0.11625 3.7645 0.16847 3.5857 0.010276 
10 300 2 2.1e-05 250 0.036 0.020718 0.46096 0.16747 0.28315 0.010272 
10 300 2 2.1e-05 300 0 0 0.17244 0.16229 1.6421e-05 0.010077 
10 350 2 2.1e-05 1 1 0 1097.6 0.21237 1097.4 0.02313 
10 350 2 2.1e-05 2 1 0 1097.7 0.20983 1097.5 0.023558 
10 350 2 2.1e-05 3 1 0 1098.8 0.19867 1098.6 0.021838 
10 350 2 2.1e-05 4 1 0 1098.3 0.18853 1098.1 0.019195 
10 350 2 2.1e-05 5 1 0 1098.1 0.18901 1097.9 0.018569 
10 350 2 2.1e-05 8 1 0 1099.2 0.18957 1099 0.018781 
10 350 2 2.1e-05 10 1 0 1099 0.18892 1098.8 0.018639 
10 350 2 2.1e-05 12 1 0 1098.9 0.18898 1098.7 0.018736 
10 350 2 2.1e-05 15 1 0 1098.8 0.1895 1098.6 0.018848 
10 350 2 2.1e-05 20 1 0 1099.1 0.18905 1098.9 0.01868 
10 350 2 2.1e-05 25 1 0 1097.9 0.18912 1097.7 0.01865 
10 350 2 2.1e-05 30 1 0 1099.1 0.18878 1098.9 0.018628 
10 350 2 2.1e-05 40 1 0 1099 0.18934 1098.8 0.018793 
10 350 2 2.1e-05 50 1 0 1098 0.18899 1097.8 0.018675 
10 350 2 2.1e-05 60 1 0 1097 0.1892 1096.8 0.018655 
10 350 2 2.1e-05 70 0.988 0.0035265 1057.7 0.18901 1057.5 0.018572 
10 350 2 2.1e-05 80 0.946 0.03029 802.33 0.18705 802.13 0.016984 
10 350 2 2.1e-05 90 0.914 0.056331 363.79 0.18367 363.6 0.014352 
10 350 2 2.1e-05 100 0.89 0.065 107.5 0.18128 107.31 0.012008 
10 350 2 2.1e-05 125 0.814 0.088984 23.337 0.17995 23.146 0.01114 
10 350 2 2.1e-05 150 0.708 0.14198 15.199 0.17913 15.009 0.011501 
10 350 2 2.1e-05 200 0.468 0.16998 6.6673 0.17956 6.4765 0.011105 
10 350 2 2.1e-05 250 0.184 0.11443 2.7223 0.17733 2.5338 0.011059 
10 350 2 2.1e-05 300 0.016 0.0042286 0.31409 0.17585 0.12728 0.010901 
10 400 2 2.1e-05 1 1 0 1101.9 0.25707 1101.7 0.029236 
10 400 2 2.1e-05 2 1 0 1102.1 0.25443 1101.8 0.029012 
10 400 2 2.1e-05 3 1 0 1101.7 0.25048 1101.4 0.02681 
10 400 2 2.1e-05 4 1 0 1102.3 0.2523 1102 0.028087 
10 400 2 2.1e-05 5 1 0 1102.2 0.25343 1102 0.029007 
10 400 2 2.1e-05 8 1 0 1100.9 0.25235 1100.6 0.02803 
10 400 2 2.1e-05 10 1 0 1101.8 0.25303 1101.5 0.028614 
10 400 2 2.1e-05 12 1 0 1101.7 0.25325 1101.4 0.028898 
10 400 2 2.1e-05 15 1 0 1101.7 0.25126 1101.4 0.02763 
10 400 2 2.1e-05 20 1 0 1101.5 0.2525 1101.2 0.028232 
10 400 2 2.1e-05 25 1 0 1101.7 0.25349 1101.5 0.028599 
10 400 2 2.1e-05 30 1 0 1101.9 0.25468 1101.6 0.029222 
10 400 2 2.1e-05 40 1 0 1101 0.25214 1100.7 0.028205 
10 400 2 2.1e-05 50 1 0 1101.7 0.25454 1101.4 0.029591 
10 400 2 2.1e-05 60 1 0 1101.8 0.25064 1101.5 0.029277 
10 400 2 2.1e-05 70 1 0 1098.3 0.24278 1098 0.027599 
10 400 2 2.1e-05 80 0.99 0.0013265 1057.8 0.22945 1057.5 0.026593 
10 400 2 2.1e-05 90 0.95 0.024592 861.74 0.22758 861.49 0.026029 
10 400 2 2.1e-05 100 0.92 0.054694 467.21 0.22295 466.96 0.022091 
10 400 2 2.1e-05 125 0.874 0.066045 47.574 0.21799 47.34 0.015937 
10 400 2 2.1e-05 150 0.786 0.10653 20.661 0.21729 20.428 0.014888 
10 400 2 2.1e-05 200 0.63 0.16541 11.027 0.21535 10.797 0.014777 
10 400 2 2.1e-05 250 0.354 0.16621 5.2755 0.21569 5.044 0.015663 
10 400 2 2.1e-05 300 0.144 0.089861 2.1919 0.21748 1.9595 0.0148 
10 400 2 2.1e-05 400 0 0 0.23004 0.2151 1.5101e-05 0.014856 
10 500 2 2.1e-05 1 1 0 1122.5 0.32725 1122.1 0.038522 
10 500 2 2.1e-05 2 1 0 1129 0.32938 1128.6 0.042951 
10 500 2 2.1e-05 3 1 0 1130.1 0.32826 1129.7 0.041514 
10 500 2 2.1e-05 4 1 0 1126.4 0.32688 1126.1 0.039841 
10 500 2 2.1e-05 5 1 0 1109.5 0.30801 1109.2 0.039233 
10 500 2 2.1e-05 8 1 0 1117.7 0.2714 1117.4 0.026444 
10 500 2 2.1e-05 10 1 0 1124.9 0.27291 1124.6 0.026119 
10 500 2 2.1e-05 12 1 0 1123.5 0.27329 1123.2 0.026417 
10 500 2 2.1e-05 15 1 0 1125.3 0.27269 1125 0.026489 
10 500 2 2.1e-05 20 1 0 1126.3 0.27274 1126 0.026488 
10 500 2 2.1e-05 25 1 0 1133.8 0.27511 1133.5 0.026568 
10 500 2 2.1e-05 30 1 0 1138.8 0.27836 1138.5 0.02662 
10 500 2 2.1e-05 40 1 0 1138.6 0.27789 1138.3 0.026622 
10 500 2 2.1e-05 50 1 0 1137.8 0.27827 1137.5 0.026589 
10 500 2 2.1e-05 60 1 0 1138.8 0.27815 1138.5 0.026592 
10 500 2 2.1e-05 70 1 0 1139.1 0.27816 1138.8 0.026632 
10 500 2 2.1e-05 80 1 0 1139.2 0.27875 1138.9 0.02656 
10 500 2 2.1e-05 90 1 0 1137.1 0.27866 1136.8 0.026457 
10 500 2 2.1e-05 100 0.994 0.0018 1110.6 0.27862 1110.3 0.026494 
10 500 2 2.1e-05 125 0.928 0.04369 464.76 0.26874 464.47 0.02101 
10 500 2 2.1e-05 150 0.878 0.066241 56.684 0.26448 56.403 0.016249 
10 500 2 2.1e-05 200 0.76 0.11796 18.677 0.26293 18.398 0.015727 
10 500 2 2.1e-05 250 0.626 0.16564 10.934 0.26414 10.653 0.01622 
10 500 2 2.1e-05 300 0.382 0.16273 5.7988 0.26165 5.5213 0.015709 
10 500 2 2.1e-05 400 0.062 0.042404 0.93263 0.26094 0.65587 0.015747 
10 500 2 2.1e-05 500 0 0 0.27718 0.26142 1.8289e-05 0.01567 
10 600 2 2.1e-05 1 1 0 1146.5 0.3412 1146.1 0.04548 
10 600 2 2.1e-05 2 1 0 1131.8 0.33387 1131.4 0.043588 
10 600 2 2.1e-05 3 1 0 1106.1 0.31889 1105.8 0.036972 
10 600 2 2.1e-05 4 1 0 1105.1 0.31886 1104.8 0.032995 
10 600 2 2.1e-05 5 1 0 1104.8 0.31775 1104.5 0.032606 
10 600 2 2.1e-05 8 1 0 1104.5 0.31755 1104.2 0.032534 
10 600 2 2.1e-05 10 1 0 1102 0.3194 1101.6 0.032857 
10 600 2 2.1e-05 12 1 0 1098.8 0.31969 1098.4 0.032472 
10 600 2 2.1e-05 15 1 0 1100.5 0.32035 1100.1 0.032499 
10 600 2 2.1e-05 20 1 0 1100.7 0.32105 1100.4 0.032784 
10 600 2 2.1e-05 25 1 0 1102.3 0.31967 1101.9 0.032469 
10 600 2 2.1e-05 30 1 0 1051.6 0.31564 1051.3 0.031032 
10 600 2 2.1e-05 40 1 0 1042.5 0.3155 1042.2 0.031119 
10 600 2 2.1e-05 50 1 0 1042.8 0.31568 1042.4 0.030911 
10 600 2 2.1e-05 60 1 0 1042.5 0.31458 1042.1 0.030665 
10 600 2 2.1e-05 70 1 0 1042.3 0.31534 1041.9 0.031012 
10 600 2 2.1e-05 80 1 0 1042.6 0.31474 1042.3 0.030708 
10 600 2 2.1e-05 90 1 0 1042.5 0.31548 1042.2 0.031035 
10 600 2 2.1e-05 100 1 0 1042.3 0.31542 1042 0.031097 
10 600 2 2.1e-05 125 0.998 0.0002 994.71 0.31397 994.37 0.030119 
10 600 2 2.1e-05 150 0.92 0.052245 409.04 0.30819 408.7 0.024495 
10 600 2 2.1e-05 200 0.84 0.079184 27.821 0.30157 27.5 0.018996 
10 600 2 2.1e-05 250 0.74 0.1302 16.033 0.30032 15.714 0.018764 
10 600 2 2.1e-05 300 0.63 0.16867 10.088 0.30086 9.7679 0.019503 
10 600 2 2.1e-05 400 0.238 0.12444 3.7793 0.30187 3.4586 0.01873 
10 600 2 2.1e-05 500 0.032 0.017322 0.56244 0.29957 0.24405 0.018748 
10 600 2 2.1e-05 600 0 0 0.31825 0.29943 1.3781e-05 0.018736 
10 700 2 2.1e-05 1 1 0 1088 2.1496 1085.8 0.046862 
10 700 2 2.1e-05 2 1 0 1086.1 0.43432 1085.6 0.045056 
10 700 2 2.1e-05 3 1 0 1086.3 0.43212 1085.8 0.047132 
10 700 2 2.1e-05 4 1 0 1086.3 0.43083 1085.8 0.043832 
10 700 2 2.1e-05 5 1 0 1086.5 0.42754 1086.1 0.043642 
10 700 2 2.1e-05 8 1 0 1085.7 0.4283 1085.3 0.045201 
10 700 2 2.1e-05 10 1 0 1086.3 0.43428 1085.8 0.04472 
10 700 2 2.1e-05 12 1 0 1086.8 0.42938 1086.3 0.042991 
10 700 2 2.1e-05 15 1 0 1086.6 0.42949 1086.1 0.043322 
10 700 2 2.1e-05 20 1 0 1086.3 0.4294 1085.9 0.04434 
10 700 2 2.1e-05 25 1 0 1086.2 0.42934 1085.7 0.0427 
10 700 2 2.1e-05 30 1 0 1087 0.43194 1086.5 0.042912 
10 700 2 2.1e-05 40 1 0 1086 0.43156 1085.5 0.042891 
10 700 2 2.1e-05 50 1 0 1086.8 0.42863 1086.3 0.044983 
10 700 2 2.1e-05 60 1 0 1086 0.42759 1085.5 0.042552 
10 700 2 2.1e-05 70 1 0 1086.4 0.42831 1086 0.042788 
10 700 2 2.1e-05 80 1 0 1086.8 0.42771 1086.3 0.043093 
10 700 2 2.1e-05 90 1 0 1086.1 0.43098 1085.7 0.0426 
10 700 2 2.1e-05 100 1 0 1085.8 0.43232 1085.4 0.04292 
10 700 2 2.1e-05 125 1 0 1085.8 0.43073 1085.3 0.042871 
10 700 2 2.1e-05 150 0.984 0.0046367 1009.9 0.42652 1009.5 0.04242 
10 700 2 2.1e-05 200 0.906 0.059351 77.401 0.40355 76.97 0.027166 
10 700 2 2.1e-05 250 0.81 0.090306 23.388 0.40661 22.955 0.026507 
10 700 2 2.1e-05 300 0.73 0.12867 15.798 0.4024 15.37 0.025818 
10 700 2 2.1e-05 400 0.43 0.17153 6.3479 0.38755 5.9345 0.025774 
10 700 2 2.1e-05 500 0.182 0.11783 2.8883 0.38741 2.475 0.025706 
10 700 2 2.1e-05 600 0.02 0.0065306 0.57483 0.3873 0.16173 0.02571 
10 700 2 2.1e-05 700 0 0 0.41302 0.38715 1.5089e-05 0.025787 
10 800 2 2.1e-05 1 1 0 1096.7 0.50839 1096.2 0.045299 
10 800 2 2.1e-05 2 1 0 1096.7 0.50264 1096.1 0.04634 
10 800 2 2.1e-05 3 1 0 1096.8 0.50409 1096.2 0.046385 
10 800 2 2.1e-05 4 1 0 1095.6 0.50075 1095 0.045752 
10 800 2 2.1e-05 5 1 0 1097 0.50194 1096.4 0.046164 
10 800 2 2.1e-05 8 1 0 1096.8 0.50144 1096.2 0.045614 
10 800 2 2.1e-05 10 1 0 1096.6 0.50429 1096 0.046932 
10 800 2 2.1e-05 12 1 0 1096.9 0.50371 1096.3 0.046328 
10 800 2 2.1e-05 15 1 0 1096.7 0.50478 1096.1 0.046998 
10 800 2 2.1e-05 20 1 0 1096.7 0.50311 1096.1 0.04667 
10 800 2 2.1e-05 25 1 0 1095.2 0.50229 1094.7 0.045826 
10 800 2 2.1e-05 30 1 0 1096.6 0.50689 1096 0.047773 
10 800 2 2.1e-05 40 1 0 1096.5 0.50261 1095.9 0.04691 
10 800 2 2.1e-05 50 1 0 1100.5 0.50744 1099.9 0.046266 
10 800 2 2.1e-05 60 1 0 1102.8 0.51176 1102.2 0.045689 
10 800 2 2.1e-05 70 1 0 1103 0.51218 1102.4 0.04686 
10 800 2 2.1e-05 80 1 0 1102.7 0.5117 1102.1 0.045644 
10 800 2 2.1e-05 90 1 0 1096.9 0.50364 1096.3 0.046016 
10 800 2 2.1e-05 100 1 0 1097.5 0.50336 1096.9 0.045344 
10 800 2 2.1e-05 125 1 0 1097.3 0.50505 1096.8 0.046545 
10 800 2 2.1e-05 150 1 0 1096.1 0.50351 1095.6 0.0464 
10 800 2 2.1e-05 200 0.922 0.04869 417.45 0.48813 416.92 0.037725 
10 800 2 2.1e-05 250 0.868 0.072833 40.491 0.47921 39.981 0.030815 
10 800 2 2.1e-05 300 0.794 0.10221 21.005 0.47649 20.499 0.029593 
10 800 2 2.1e-05 400 0.642 0.16289 10.649 0.47895 10.14 0.030623 
10 800 2 2.1e-05 500 0.324 0.14553 5.0901 0.46742 4.5929 0.029723 
10 800 2 2.1e-05 600 0.134 0.089637 2.22 0.46725 1.723 0.029703 
10 800 2 2.1e-05 700 0.016 0.0050449 0.62463 0.46695 0.12789 0.029708 
10 800 2 2.1e-05 800 0 0 0.49679 0.46697 1.4414e-05 0.029725 
10 900 2 2.1e-05 1 1 0 1097.8 0.55526 1097.2 0.054573 
10 900 2 2.1e-05 2 1 0 1096.7 0.55388 1096.1 0.05507 
10 900 2 2.1e-05 3 1 0 1098 0.53541 1097.4 0.05427 
10 900 2 2.1e-05 4 1 0 1097.9 0.53402 1097.3 0.054207 
10 900 2 2.1e-05 5 1 0 1097.7 0.53299 1097.1 0.054039 
10 900 2 2.1e-05 8 1 0 1097.9 0.53521 1097.3 0.054628 
10 900 2 2.1e-05 10 1 0 1098.1 0.53382 1097.5 0.054657 
10 900 2 2.1e-05 12 1 0 1097 0.53358 1096.4 0.053892 
10 900 2 2.1e-05 15 1 0 1098 0.53284 1097.4 0.05308 
10 900 2 2.1e-05 20 1 0 1098.1 0.5333 1097.5 0.053875 
10 900 2 2.1e-05 25 1 0 1098.2 0.53276 1097.6 0.053186 
10 900 2 2.1e-05 30 1 0 1098 0.53221 1097.4 0.05344 
10 900 2 2.1e-05 40 1 0 1098.3 0.53359 1097.7 0.054148 
10 900 2 2.1e-05 50 1 0 1098.2 0.53487 1097.6 0.055409 
10 900 2 2.1e-05 60 1 0 1098.2 0.5324 1097.6 0.052896 
10 900 2 2.1e-05 70 1 0 1097.1 0.53502 1096.6 0.055363 
10 900 2 2.1e-05 80 1 0 1098.2 0.53721 1097.6 0.055974 
10 900 2 2.1e-05 90 1 0 1098.3 0.53204 1097.8 0.052113 
10 900 2 2.1e-05 100 1 0 1098.3 0.53241 1097.7 0.053576 
10 900 2 2.1e-05 125 1 0 1098.3 0.5354 1097.7 0.056082 
10 900 2 2.1e-05 150 1 0 1098.4 0.53553 1097.8 0.055328 
10 900 2 2.1e-05 200 0.986 0.0040857 955.08 0.53031 954.5 0.052713 
10 900 2 2.1e-05 250 0.906 0.058535 99.912 0.51041 99.366 0.036245 
10 900 2 2.1e-05 300 0.854 0.075596 30.034 0.50868 29.49 0.034807 
10 900 2 2.1e-05 400 0.71 0.14173 14.77 0.50574 14.231 0.033465 
10 900 2 2.1e-05 500 0.484 0.18994 7.2285 0.50693 6.6867 0.034793 
10 900 2 2.1e-05 600 0.246 0.12947 4.3133 0.50692 3.7725 0.033735 
10 900 2 2.1e-05 700 0.098 0.061424 1.695 0.5048 1.1568 0.0334 
10 900 2 2.1e-05 800 0.014 0.0040857 0.64787 0.50487 0.10936 0.033563 
10 900 2 2.1e-05 900 0 0 0.53838 0.50472 1.5418e-05 0.033566 
10 1000 2 2.1e-05 1 1 0 1077.6 0.52567 1077 0.041857 
10 1000 2 2.1e-05 2 1 0 1074.1 0.53352 1073.5 0.040718 
10 1000 2 2.1e-05 3 1 0 1053.5 0.50901 1053 0.040267 
10 1000 2 2.1e-05 4 1 0 1053.4 0.50873 1052.8 0.040276 
10 1000 2 2.1e-05 5 1 0 1053.2 0.50811 1052.6 0.039988 
10 1000 2 2.1e-05 8 1 0 1053 0.50866 1052.4 0.040153 
10 1000 2 2.1e-05 10 1 0 1053 0.50843 1052.4 0.040287 
10 1000 2 2.1e-05 12 1 0 1052.8 0.50865 1052.3 0.040359 
10 1000 2 2.1e-05 15 1 0 1053.1 0.5081 1052.6 0.039968 
10 1000 2 2.1e-05 20 1 0 1053.1 0.50851 1052.5 0.040191 
10 1000 2 2.1e-05 25 1 0 1053.1 0.5086 1052.5 0.040222 
10 1000 2 2.1e-05 30 1 0 1053.3 0.5087 1052.8 0.040216 
10 1000 2 2.1e-05 40 1 0 1053 0.50885 1052.4 0.040428 
10 1000 2 2.1e-05 50 1 0 1053.4 0.50791 1052.9 0.040041 
10 1000 2 2.1e-05 60 1 0 1053.2 0.50853 1052.6 0.04032 
10 1000 2 2.1e-05 70 1 0 1053.1 0.50871 1052.5 0.040289 
10 1000 2 2.1e-05 80 1 0 1053.2 0.50851 1052.7 0.040296 
10 1000 2 2.1e-05 90 1 0 1053 0.5079 1052.4 0.039798 
10 1000 2 2.1e-05 100 1 0 1052.7 0.50886 1052.2 0.040297 
10 1000 2 2.1e-05 125 1 0 1053.4 0.50889 1052.8 0.040164 
10 1000 2 2.1e-05 150 1 0 1053.2 0.50881 1052.6 0.040243 
10 1000 2 2.1e-05 200 0.992 0.0015673 1042.6 0.50795 1042 0.040104 
10 1000 2 2.1e-05 250 0.916 0.058514 388.08 0.50182 387.54 0.034783 
10 1000 2 2.1e-05 300 0.898 0.0602 48.169 0.49854 47.639 0.031113 
10 1000 2 2.1e-05 400 0.766 0.11943 17.622 0.49674 17.094 0.030597 
10 1000 2 2.1e-05 500 0.648 0.16296 10.372 0.49735 9.8436 0.031156 
10 1000 2 2.1e-05 600 0.38 0.16408 5.7119 0.49749 5.1837 0.030574 
10 1000 2 2.1e-05 700 0.196 0.11468 3.2819 0.49532 2.7559 0.030559 
10 1000 2 2.1e-05 800 0.056 0.038433 1.0643 0.49476 0.53887 0.030559 
10 1000 2 2.1e-05 900 0.012 0.0027102 0.61175 0.49461 0.086525 0.030548 
10 1000 2 2.1e-05 1000 0 0 0.52522 0.49448 1.4607e-05 0.030658 
10 1250 2 2.1e-05 1 1 0 1086.4 0.74579 1085.6 0.061008 
10 1250 2 2.1e-05 2 1 0 1084.9 0.74104 1084.1 0.062674 
10 1250 2 2.1e-05 3 1 0 1084.6 0.74195 1083.8 0.060224 
10 1250 2 2.1e-05 4 1 0 1085.5 0.74289 1084.7 0.060507 
10 1250 2 2.1e-05 5 1 0 1084.7 0.74104 1083.9 0.059684 
10 1250 2 2.1e-05 8 1 0 1085.4 0.74134 1084.6 0.05999 
10 1250 2 2.1e-05 10 1 0 1085.3 0.74257 1084.5 0.060455 
10 1250 2 2.1e-05 12 1 0 1085 0.74048 1084.2 0.059349 
10 1250 2 2.1e-05 15 1 0 1085.3 0.7416 1084.5 0.060339 
10 1250 2 2.1e-05 20 1 0 1084.5 0.7398 1083.7 0.060074 
10 1250 2 2.1e-05 25 1 0 1085.1 0.7428 1084.3 0.060952 
10 1250 2 2.1e-05 30 1 0 1085.5 0.74032 1084.7 0.059133 
10 1250 2 2.1e-05 40 1 0 1084.7 0.74157 1083.9 0.059929 
10 1250 2 2.1e-05 50 1 0 1085 0.74163 1084.2 0.060205 
10 1250 2 2.1e-05 60 1 0 1085.1 0.74202 1084.3 0.060457 
10 1250 2 2.1e-05 70 1 0 1085.1 0.74119 1084.3 0.059931 
10 1250 2 2.1e-05 80 1 0 1085.1 0.74237 1084.3 0.060774 
10 1250 2 2.1e-05 90 1 0 1085.6 0.74101 1084.8 0.060071 
10 1250 2 2.1e-05 100 1 0 1084.7 0.74265 1083.9 0.060865 
10 1250 2 2.1e-05 125 1 0 1084.8 0.74074 1084 0.060208 
10 1250 2 2.1e-05 150 1 0 1085.5 0.7424 1084.6 0.060345 
10 1250 2 2.1e-05 200 1 0 1085.3 0.74087 1084.5 0.0601 
10 1250 2 2.1e-05 250 0.996 0.00039184 1074.7 0.73915 1073.9 0.05969 
10 1250 2 2.1e-05 300 0.936 0.033371 619.22 0.73454 618.43 0.055538 
10 1250 2 2.1e-05 400 0.86 0.078367 34.523 0.72382 33.751 0.047273 
10 1250 2 2.1e-05 500 0.764 0.11949 17.931 0.722 17.163 0.046021 
10 1250 2 2.1e-05 600 0.658 0.16534 12.39 0.72089 11.623 0.046137 
10 1250 2 2.1e-05 700 0.462 0.18649 7.2517 0.7213 6.4841 0.046231 
10 1250 2 2.1e-05 800 0.3 0.14204 5.0022 0.72077 4.2352 0.046199 
10 1250 2 2.1e-05 900 0.172 0.11716 3.1878 0.72091 2.4207 0.046099 
10 1250 2 2.1e-05 1000 0.062 0.042812 1.3989 0.72185 0.62989 0.047053 
10 1500 2 2.1e-05 1 1 0 1097.2 0.90376 1096.2 0.071744 
10 1500 2 2.1e-05 2 1 0 1098.2 0.88497 1097.2 0.070327 
10 1500 2 2.1e-05 3 1 0 1098.2 0.88637 1097.2 0.07232 
10 1500 2 2.1e-05 4 1 0 1098.3 0.8867 1097.4 0.071826 
10 1500 2 2.1e-05 5 1 0 1097.1 0.88609 1096.2 0.071815 
10 1500 2 2.1e-05 8 1 0 1098.3 0.88587 1097.3 0.071118 
10 1500 2 2.1e-05 10 1 0 1098.2 0.8845 1097.2 0.070644 
10 1500 2 2.1e-05 12 1 0 1098.1 0.88514 1097.2 0.071606 
10 1500 2 2.1e-05 15 1 0 1098.2 0.88388 1097.2 0.070043 
10 1500 2 2.1e-05 20 1 0 1098.2 0.8875 1097.2 0.072647 
10 1500 2 2.1e-05 25 1 0 1098.1 0.88514 1097.1 0.071356 
10 1500 2 2.1e-05 30 1 0 1097.2 0.88689 1096.2 0.07289 
10 1500 2 2.1e-05 40 1 0 1098.2 0.88475 1097.3 0.070741 
10 1500 2 2.1e-05 50 1 0 1098.2 0.88522 1097.3 0.071639 
10 1500 2 2.1e-05 60 1 0 1098 0.88696 1097 0.072225 
10 1500 2 2.1e-05 70 1 0 1098.2 0.88614 1097.2 0.071264 
10 1500 2 2.1e-05 80 1 0 1098.3 0.88526 1097.4 0.070656 
10 1500 2 2.1e-05 90 1 0 1097 0.88633 1096 0.071741 
10 1500 2 2.1e-05 100 1 0 1098.3 0.8873 1097.3 0.072026 
10 1500 2 2.1e-05 125 1 0 1098.3 0.88619 1097.3 0.071863 
10 1500 2 2.1e-05 150 1 0 1098.2 0.88661 1097.3 0.072034 
10 1500 2 2.1e-05 200 1 0 1098.3 0.88635 1097.3 0.071918 
10 1500 2 2.1e-05 250 1 0 1098.3 0.88626 1097.3 0.071602 
10 1500 2 2.1e-05 300 1 0 1091.4 0.88587 1090.5 0.071321 
10 1500 2 2.1e-05 400 0.914 0.058371 145.67 0.87086 144.74 0.059299 
10 1500 2 2.1e-05 500 0.842 0.077996 30.177 0.86935 29.251 0.05727 
10 1500 2 2.1e-05 600 0.758 0.12167 18.143 0.86785 17.219 0.056095 
10 1500 2 2.1e-05 700 0.682 0.1562 13.351 0.85752 12.437 0.056099 
10 1500 2 2.1e-05 800 0.536 0.18031 8.3552 0.85696 7.4419 0.056173 
10 1500 2 2.1e-05 900 0.38 0.16816 6.1703 0.85767 5.2563 0.056192 
10 1500 2 2.1e-05 1000 0.232 0.12385 4.4297 0.85786 3.5144 0.057323 
10 1500 2 2.1e-05 1500 0 0 0.92184 0.86566 1.6182e-05 0.056089 
10 2000 2 2.1e-05 1 1 0 1037.5 1.059 1036.4 0.074749 
10 2000 2 2.1e-05 2 1 0 1037.4 1.057 1036.3 0.072924 
10 2000 2 2.1e-05 3 1 0 1037.4 1.0567 1036.3 0.07242 
10 2000 2 2.1e-05 4 1 0 1037.3 1.0576 1036.2 0.072656 
10 2000 2 2.1e-05 5 1 0 1037.3 1.0566 1036.2 0.072258 
10 2000 2 2.1e-05 8 1 0 1036.3 1.0573 1035.2 0.072687 
10 2000 2 2.1e-05 10 1 0 1037.2 1.0564 1036 0.072307 
10 2000 2 2.1e-05 12 1 0 1037.3 1.0569 1036.2 0.072724 
10 2000 2 2.1e-05 15 1 0 1037 1.0565 1035.9 0.072034 
10 2000 2 2.1e-05 20 1 0 1036.9 1.057 1035.8 0.072494 
10 2000 2 2.1e-05 25 1 0 1037 1.0568 1035.8 0.072034 
10 2000 2 2.1e-05 30 1 0 1036.9 1.0571 1035.8 0.072917 
10 2000 2 2.1e-05 40 1 0 1035.7 1.056 1034.6 0.07196 
10 2000 2 2.1e-05 50 1 0 1036.4 1.0568 1035.3 0.07252 
10 2000 2 2.1e-05 60 1 0 1036.7 1.0564 1035.6 0.072274 
10 2000 2 2.1e-05 70 1 0 1036.7 1.0572 1035.6 0.072814 
10 2000 2 2.1e-05 80 1 0 1036.7 1.0565 1035.6 0.07261 
10 2000 2 2.1e-05 90 1 0 1036.6 1.0572 1035.5 0.072722 
10 2000 2 2.1e-05 100 1 0 1036.7 1.0564 1035.6 0.072018 
10 2000 2 2.1e-05 125 1 0 1036.8 1.0569 1035.7 0.072835 
10 2000 2 2.1e-05 150 1 0 1036.7 1.0568 1035.6 0.072232 
10 2000 2 2.1e-05 200 1 0 1035.7 1.0575 1034.6 0.072712 
10 2000 2 2.1e-05 250 1 0 1036.8 1.0564 1035.6 0.072667 
10 2000 2 2.1e-05 300 1 0 1036.8 1.0573 1035.6 0.072696 
10 2000 2 2.1e-05 400 1 0 1030.3 1.0569 1029.1 0.07221 
10 2000 2 2.1e-05 500 0.916 0.055657 352.07 1.0505 350.96 0.065036 
10 2000 2 2.1e-05 600 0.89 0.068265 44.465 1.048 43.355 0.061177 
10 2000 2 2.1e-05 700 0.832 0.084261 23.977 1.0459 22.87 0.060546 
10 2000 2 2.1e-05 800 0.76 0.12327 17.525 1.0472 16.416 0.061176 
10 2000 2 2.1e-05 900 0.708 0.14402 14.87 1.0451 13.764 0.060691 
10 2000 2 2.1e-05 1000 0.63 0.1699 10.629 1.0449 9.5236 0.060528 
10 2000 2 2.1e-05 1500 0.134 0.08882 2.7144 1.0441 1.6099 0.060394 
10 2000 2 2.1e-05 2000 0 0 1.104 1.0434 1.5175e-05 0.060459 
10 3000 2 2.1e-05 1 1 0 1090.1 3.8103 1086.2 0.13132 
10 3000 2 2.1e-05 2 1 0 1090.2 1.7788 1088.3 0.13072 
10 3000 2 2.1e-05 3 1 0 1089.6 1.7789 1087.6 0.13232 
10 3000 2 2.1e-05 4 1 0 1089.8 1.7754 1087.9 0.13294 
10 3000 2 2.1e-05 5 1 0 1089.6 1.7722 1087.7 0.13018 
10 3000 2 2.1e-05 8 1 0 1089.3 1.7718 1087.4 0.13217 
10 3000 2 2.1e-05 10 1 0 1088.7 1.7745 1086.8 0.13021 
10 3000 2 2.1e-05 12 1 0 1089.4 1.773 1087.5 0.1306 
10 3000 2 2.1e-05 15 1 0 1090 1.7743 1088.1 0.13223 
10 3000 2 2.1e-05 20 1 0 1089.8 1.7727 1087.8 0.13112 
10 3000 2 2.1e-05 25 1 0 1089.2 1.7755 1087.3 0.13145 
10 3000 2 2.1e-05 30 1 0 1092.1 1.7779 1090.1 0.1308 
10 3000 2 2.1e-05 40 1 0 1091.9 1.7784 1090 0.13225 
10 3000 2 2.1e-05 50 1 0 1090.7 1.7797 1088.8 0.13201 
10 3000 2 2.1e-05 60 1 0 1092.1 1.7786 1090.2 0.13206 
10 3000 2 2.1e-05 70 1 0 1092.1 1.775 1090.2 0.13011 
10 3000 2 2.1e-05 80 1 0 1092 1.7731 1090 0.13284 
10 3000 2 2.1e-05 90 1 0 1092 1.7784 1090.1 0.13152 
10 3000 2 2.1e-05 100 1 0 1092.6 1.7752 1090.7 0.13122 
10 3000 2 2.1e-05 125 1 0 1091.7 1.7736 1089.8 0.13243 
10 3000 2 2.1e-05 150 1 0 1092.6 1.7799 1090.7 0.13199 
10 3000 2 2.1e-05 200 1 0 1091 1.7769 1089.1 0.13273 
10 3000 2 2.1e-05 250 1 0 1091.8 1.771 1089.9 0.12961 
10 3000 2 2.1e-05 300 1 0 1092.3 1.7768 1090.4 0.13154 
10 3000 2 2.1e-05 400 1 0 1092.1 1.7746 1090.2 0.13134 
10 3000 2 2.1e-05 500 1 0 1092.5 1.7753 1090.6 0.13244 
10 3000 2 2.1e-05 600 1 0 1088 1.7718 1086.1 0.1316 
10 3000 2 2.1e-05 700 0.926 0.050535 809.74 1.7684 807.84 0.12644 
10 3000 2 2.1e-05 800 0.912 0.058629 129.76 1.7566 127.89 0.11285 
10 3000 2 2.1e-05 900 0.886 0.071433 45.856 1.7527 43.994 0.10952 
10 3000 2 2.1e-05 1000 0.85 0.079286 30.689 1.75 28.831 0.10813 
10 3000 2 2.1e-05 1500 0.636 0.16684 11.674 1.7336 9.8322 0.10823 
10 3000 2 2.1e-05 2000 0.238 0.12077 5.4648 1.7328 3.6236 0.10822 
10 4000 2 2.1e-05 1 1 0 1107.7 4.4968 1103 0.16598 
10 4000 2 2.1e-05 2 1 0 1106.3 2.3792 1103.8 0.16639 
10 4000 2 2.1e-05 3 1 0 1106.2 2.3796 1103.6 0.16682 
10 4000 2 2.1e-05 4 1 0 1105.8 2.3775 1103.2 0.16496 
10 4000 2 2.1e-05 5 1 0 1104.8 2.3773 1102.2 0.16647 
10 4000 2 2.1e-05 8 1 0 1105.4 2.3779 1102.9 0.16698 
10 4000 2 2.1e-05 10 1 0 1105.9 2.3796 1103.3 0.16803 
10 4000 2 2.1e-05 12 1 0 1105.7 2.3763 1103.2 0.16571 
10 4000 2 2.1e-05 15 1 0 1105.7 2.3782 1103.2 0.16754 
10 4000 2 2.1e-05 20 1 0 1105.5 2.376 1102.9 0.16638 
10 4000 2 2.1e-05 25 1 0 1105.8 2.3827 1103.2 0.16506 
10 4000 2 2.1e-05 30 1 0 1104.7 2.3771 1102.2 0.16624 
10 4000 2 2.1e-05 40 1 0 1105.8 2.378 1103.2 0.16693 
10 4000 2 2.1e-05 50 1 0 1105.8 2.3812 1103.3 0.16764 
10 4000 2 2.1e-05 60 1 0 1105.5 2.3769 1103 0.16635 
10 4000 2 2.1e-05 70 1 0 1105.8 2.3777 1103.3 0.16564 
10 4000 2 2.1e-05 80 1 0 1105.6 2.3767 1103.1 0.16709 
10 4000 2 2.1e-05 90 1 0 1105.7 2.3802 1103.1 0.16747 
