10 1 3 0.00021 1 0.382 0.10681 135.63 0.01018 135.62 0.00014825 
10 1 4 0.00021 1 0.318 0.094976 68.054 0.013028 68.041 0.00010924 
10 1 5 0.00021 1 0.182 0.057016 34.383 0.015628 34.367 0.00010802 
10 1 6 0.00021 1 0.164 0.0448 17.296 0.018527 17.277 0.00012028 
10 1 7 0.00021 1 0.084 0.020555 8.6329 0.021331 8.6114 0.00013305 
10 5 3 0.00021 1 0.866 0.038208 533.13 0.043635 533.08 0.00039122 
10 5 3 0.00021 2 0.638 0.079955 134.9 0.043291 134.86 0.0003442 
10 5 3 0.00021 3 0.328 0.109 21.304 0.042369 21.261 0.00022784 
10 5 3 0.00021 4 0.132 0.056098 3.8268 0.040579 3.7859 0.00021123 
10 5 3 0.00021 5 0.034 0.015351 0.64558 0.037925 0.60746 0.00015674 
10 5 4 0.00021 1 0.752 0.067853 296.91 0.055788 296.85 0.00024324 
10 5 4 0.00021 2 0.484 0.12831 41.333 0.055539 41.278 0.00021117 
10 5 4 0.00021 3 0.256 0.093535 5.674 0.053536 5.6202 0.00017618 
10 5 4 0.00021 4 0.104 0.024882 1.2496 0.050955 1.1985 0.00015235 
10 5 4 0.00021 5 0.018 0.0019143 0.22972 0.05024 0.1793 0.00013371 
10 5 5 0.00021 1 0.628 0.10328 157.81 0.069045 157.74 0.00021491 
10 5 5 0.00021 2 0.344 0.10782 13.272 0.068577 13.203 0.00021878 
10 5 5 0.00021 3 0.166 0.0578 2.6359 0.065197 2.5705 0.00018445 
10 5 5 0.00021 4 0.038 0.010567 0.58753 0.061839 0.52551 0.00015113 
10 5 5 0.00021 5 0.004 0.0008 0.09303 0.060318 0.032542 0.00014775 
10 5 6 0.00021 1 0.464 0.087657 80.826 0.08167 80.744 0.00027293 
10 5 6 0.00021 2 0.19 0.058878 5.0366 0.080722 4.9556 0.00025637 
10 5 6 0.00021 3 0.076 0.023086 0.92688 0.074849 0.85177 0.00020351 
10 5 6 0.00021 4 0.02 0.0053061 0.24779 0.072726 0.17486 0.00017584 
10 5 6 0.00021 5 0 0 0.071979 0.07178 5.5013e-06 0.00016737 
10 5 7 0.00021 1 0.414 0.084902 40.713 0.094713 40.618 0.00020688 
10 5 7 0.00021 2 0.146 0.037229 2.4809 0.091426 2.3892 0.00021814 
10 5 7 0.00021 3 0.028 0.0053224 0.37033 0.08632 0.28381 0.00017366 
10 5 7 0.00021 4 0.006 0.00098367 0.13458 0.083868 0.050542 0.00014708 
10 5 7 0.00021 5 0 0 0.083424 0.083245 7.2233e-06 0.00014693 
10 10 3 0.00021 1 0.926 0.021963 814.4 0.08552 814.32 0.0011625 
10 10 3 0.00021 2 0.786 0.061637 385.94 0.0842 385.86 0.0009721 
10 10 3 0.00021 3 0.64 0.11061 128.26 0.083054 128.17 0.00048445 
10 10 3 0.00021 4 0.49 0.13439 34.064 0.082854 33.98 0.00040559 
10 10 3 0.00021 5 0.372 0.13675 9.7998 0.081181 9.7182 0.00037047 
10 10 3 0.00021 8 0.066 0.027188 1.0794 0.07463 1.0044 0.00031016 
10 10 3 0.00021 10 0.006 0.00057551 0.14107 0.073153 0.067568 0.00030442 
10 10 4 0.00021 1 0.882 0.028037 495.52 0.10897 495.41 0.00054467 
10 10 4 0.00021 2 0.708 0.09218 136.52 0.10756 136.41 0.00044411 
10 10 4 0.00021 3 0.532 0.12181 30.371 0.10717 30.263 0.00034412 
10 10 4 0.00021 4 0.398 0.12755 8.7309 0.10615 8.6243 0.00030234 
10 10 4 0.00021 5 0.262 0.10853 3.9517 0.1035 3.8479 0.00028994 
10 10 4 0.00021 8 0.05 0.016429 0.54026 0.099454 0.44048 0.00027161 
10 10 4 0.00021 10 0.004 0.00039184 0.1308 0.097371 0.033134 0.00025408 
10 10 5 0.00021 1 0.768 0.074465 279.39 0.13327 279.25 0.00058884 
10 10 5 0.00021 2 0.574 0.12319 46.531 0.13235 46.398 0.00041862 
10 10 5 0.00021 3 0.376 0.12309 9.1814 0.1316 9.0494 0.00034791 
10 10 5 0.00021 4 0.232 0.087527 3.8479 0.12879 3.7187 0.00032868 
10 10 5 0.00021 5 0.142 0.044118 1.8932 0.12765 1.7652 0.0003172 
10 10 5 0.00021 8 0.004 0.00039184 0.19039 0.12331 0.066727 0.00029909 
10 10 5 0.00021 10 0.002 0.0002 0.13823 0.12004 0.017847 0.00028475 
10 10 6 0.00021 1 0.66 0.072245 149.43 0.15735 149.27 0.00038672 
10 10 6 0.00021 2 0.432 0.11079 15.363 0.1563 15.206 0.00036385 
10 10 6 0.00021 3 0.26 0.091837 3.8583 0.1557 3.7022 0.00031743 
10 10 6 0.00021 4 0.16 0.053878 1.8652 0.15372 1.7112 0.00030169 
10 10 6 0.00021 5 0.074 0.019922 0.78902 0.15313 0.63557 0.00027487 
10 10 6 0.00021 8 0.002 0.0002 0.16694 0.14963 0.017012 0.00025292 
10 10 6 0.00021 10 0 0 0.14757 0.14729 9.7221e-06 0.00023311 
10 10 7 0.00021 1 0.588 0.081486 77.316 0.18183 77.134 0.00036416 
10 10 7 0.00021 2 0.302 0.072445 6.9169 0.18099 6.7355 0.00035692 
10 10 7 0.00021 3 0.16 0.048571 1.7668 0.179 1.5874 0.0003221 
10 10 7 0.00021 4 0.072 0.017159 0.78616 0.17859 0.60721 0.00030621 
10 10 7 0.00021 5 0.028 0.0057306 0.4476 0.17817 0.26909 0.00028601 
10 10 7 0.00021 8 0 0 0.17567 0.17535 9.7919e-06 0.00026258 
10 10 7 0.00021 10 0 0 0.17523 0.17492 9.1502e-06 0.00026185 
10 25 3 0.00021 1 0.996 0.00039184 1063.6 0.2033 1063.4 0.0018747 
10 25 3 0.00021 2 0.972 0.0081796 908.88 0.20202 908.68 0.0019924 
10 25 3 0.00021 3 0.952 0.017649 662.01 0.19994 661.81 0.0017037 
10 25 3 0.00021 4 0.912 0.040669 404.42 0.19773 404.22 0.0013822 
10 25 3 0.00021 5 0.862 0.057914 213.55 0.1959 213.36 0.0011171 
10 25 3 0.00021 8 0.648 0.125 22.875 0.19446 22.68 0.00088612 
10 25 3 0.00021 10 0.498 0.14102 9.9862 0.19367 9.7916 0.00084691 
10 25 3 0.00021 12 0.358 0.13106 5.5483 0.1919 5.3555 0.00082576 
10 25 3 0.00021 15 0.174 0.07829 2.2555 0.19163 2.063 0.00081426 
10 25 3 0.00021 20 0.01 0.0017347 0.31765 0.19111 0.12567 0.00080649 
10 25 3 0.00021 25 0 0 0.19024 0.18939 1.0274e-05 0.00078526 
10 25 4 0.00021 1 0.974 0.0056367 860.59 0.26616 860.32 0.0018189 
10 25 4 0.00021 2 0.894 0.040984 489.3 0.26158 489.04 0.0014348 
10 25 4 0.00021 3 0.816 0.079739 214.8 0.25903 214.54 0.0010152 
10 25 4 0.00021 4 0.746 0.11723 81.435 0.25661 81.178 0.00077706 
10 25 4 0.00021 5 0.684 0.12709 30.55 0.25784 30.292 0.00072785 
10 25 4 0.00021 8 0.448 0.14581 6.7922 0.25444 6.537 0.00064581 
10 25 4 0.00021 10 0.292 0.12524 4.1359 0.2536 3.8816 0.00064524 
10 25 4 0.00021 12 0.206 0.10425 2.88 0.25318 2.6261 0.00065822 
10 25 4 0.00021 15 0.092 0.0432 1.2202 0.25291 0.9666 0.0006466 
10 25 4 0.00021 20 0.008 0.0011592 0.33355 0.25295 0.079883 0.00064191 
10 25 4 0.00021 25 0 0 0.25406 0.25334 1.1644e-05 0.00063651 
10 25 5 0.00021 1 0.926 0.012984 565.76 0.32443 565.44 0.0011397 
10 25 5 0.00021 2 0.806 0.067922 189.18 0.31982 188.86 0.00085813 
10 25 5 0.00021 3 0.69 0.1148 52.704 0.31744 52.386 0.00064297 
10 25 5 0.00021 4 0.61 0.13806 18.518 0.31543 18.202 0.00056048 
10 25 5 0.00021 5 0.5 0.13469 9.5943 0.3144 9.2792 0.00056666 
10 25 5 0.00021 8 0.282 0.11824 4.0938 0.31673 3.7764 0.00058902 
10 25 5 0.00021 10 0.174 0.081555 2.2933 0.31446 1.9782 0.00054356 
10 25 5 0.00021 12 0.088 0.032098 1.2471 0.314 0.9325 0.00054788 
10 25 5 0.00021 15 0.02 0.0032653 0.51895 0.31381 0.20452 0.00053804 
10 25 5 0.00021 20 0.002 0.0002 0.33226 0.3138 0.017844 0.00054014 
10 25 5 0.00021 25 0 0 0.31437 0.31374 1.2052e-05 0.00054418 
10 25 6 0.00021 1 0.828 0.061649 326.75 0.383 326.37 0.00091026 
10 25 6 0.00021 2 0.688 0.1121 64.723 0.37984 64.342 0.0006657 
10 25 6 0.00021 3 0.568 0.13732 16.398 0.37963 16.017 0.00061219 
10 25 6 0.00021 4 0.488 0.13822 8.3447 0.37843 7.9656 0.00054896 
10 25 6 0.00021 5 0.38 0.13061 5.8021 0.37698 5.4244 0.00055444 
10 25 6 0.00021 8 0.172 0.074302 2.5382 0.3764 2.1612 0.00054597 
10 25 6 0.00021 10 0.072 0.020016 1.0699 0.37619 0.69313 0.00053792 
10 25 6 0.00021 12 0.036 0.012147 0.68316 0.37605 0.30649 0.00053594 
10 25 6 0.00021 15 0.008 0.0019755 0.44428 0.37586 0.067802 0.00053197 
10 25 6 0.00021 20 0 0 0.3764 0.37578 1.1414e-05 0.00053081 
10 25 6 0.00021 25 0 0 0.37635 0.37573 1.2151e-05 0.00053125 
10 25 7 0.00021 1 0.786 0.062453 174.84 0.4436 174.4 0.0010554 
10 25 7 0.00021 2 0.588 0.11822 23.624 0.44215 23.181 0.00071455 
10 25 7 0.00021 3 0.444 0.11353 7.4736 0.44045 7.0324 0.00060776 
10 25 7 0.00021 4 0.322 0.098894 4.5107 0.43898 4.071 0.0006189 
10 25 7 0.00021 5 0.216 0.078922 2.9727 0.43888 2.5331 0.0006097 
10 25 7 0.00021 8 0.082 0.027629 1.2196 0.43857 0.78038 0.00060484 
10 25 7 0.00021 10 0.036 0.0092898 0.7958 0.43834 0.35678 0.0005969 
10 25 7 0.00021 12 0.014 0.0024531 0.55914 0.43826 0.12018 0.00061304 
10 25 7 0.00021 15 0.006 0.00057551 0.48939 0.4381 0.050607 0.00060607 
10 25 7 0.00021 20 0 0 0.43879 0.43809 1.2126e-05 0.00060435 
10 25 7 0.00021 25 0 0 0.43881 0.43811 1.1732e-05 0.00061002 
10 50 3 0.00021 1 1 0 1113 0.39117 1112.6 0.0030051 
10 50 3 0.00021 2 1 0 1097.6 0.39158 1097.2 0.0032528 
10 50 3 0.00021 3 1 0 1055 0.39051 1054.6 0.0031947 
10 50 3 0.00021 4 0.99 0.00091837 959 0.38987 958.61 0.0030758 
10 50 3 0.00021 5 0.98 0.0028571 810.74 0.38857 810.35 0.0028777 
10 50 3 0.00021 8 0.892 0.032996 296.36 0.38229 295.97 0.0020427 
10 50 3 0.00021 10 0.816 0.070759 106.81 0.38222 106.42 0.0017109 
10 50 3 0.00021 12 0.752 0.094384 39.437 0.37953 39.056 0.0015092 
10 50 3 0.00021 15 0.662 0.13914 16.566 0.37888 16.185 0.0015423 
10 50 3 0.00021 20 0.484 0.17239 8.478 0.37844 8.098 0.0014532 
10 50 3 0.00021 25 0.294 0.12915 4.5534 0.37719 4.1747 0.0014742 
10 50 3 0.00021 30 0.164 0.086433 2.535 0.37697 2.1565 0.0014683 
10 50 3 0.00021 40 0.014 0.0040857 0.48494 0.37676 0.10665 0.001453 
10 50 3 0.00021 50 0 0 0.37897 0.37742 1.4505e-05 0.0014599 
10 50 4 0.00021 1 0.996 0.00039184 1051 0.5262 1050.5 0.0040279 
10 50 4 0.00021 2 0.992 0.0011592 878.36 0.52238 877.83 0.0039891 
10 50 4 0.00021 3 0.96 0.016327 628.94 0.5161 628.42 0.0034545 
10 50 4 0.00021 4 0.92 0.026122 385.57 0.51145 385.05 0.0019669 
10 50 4 0.00021 5 0.87 0.050714 210.93 0.5064 210.42 0.0015826 
10 50 4 0.00021 8 0.764 0.115 30.803 0.50094 30.301 0.0011705 
10 50 4 0.00021 10 0.72 0.13102 16.902 0.50241 16.398 0.0012049 
10 50 4 0.00021 12 0.652 0.15275 12.318 0.49921 11.817 0.0011512 
10 50 4 0.00021 15 0.51 0.14786 8.2373 0.49936 7.7367 0.0011527 
10 50 4 0.00021 20 0.296 0.12978 4.7122 0.49911 4.2119 0.0011401 
10 50 4 0.00021 25 0.168 0.088343 2.6661 0.49893 2.1659 0.0011385 
10 50 4 0.00021 30 0.076 0.035739 1.3386 0.49871 0.83867 0.001134 
10 50 4 0.00021 40 0.006 0.00098367 0.54998 0.49854 0.05017 0.0011818 
10 50 4 0.00021 50 0 0 0.49976 0.49852 1.3947e-05 0.001136 
