10 10 6 1 2 0.468 0.12426 34.083 22.405 11.678 0.00037942 
10 10 6 1 3 0.306 0.12262 25.296 22.35 2.9447 0.00041501 
10 10 6 1 5 0.072 0.0192 22.808 22.341 0.46674 0.00035407 
10 10 6 1 8 0.006 0.0018 22.372 22.337 0.035002 0.00037963 
10 10 6 1 10 0.002 0.0002 22.407 22.394 0.012708 0.00040734 
10 75 6 1 2 0.528 0.11716 135.28 101.4 33.876 0.0014703 
10 75 6 1 3 0.378 0.10379 119.86 101.07 18.787 0.0015735 
10 75 6 1 5 0.118 0.027629 116.67 101.51 15.16 0.0018107 
10 75 6 1 8 0.028 0.0032816 116.28 101.82 14.465 0.0018029 
10 75 6 1 10 0.014 0.0012286 115.78 101.48 14.302 0.0018454 
10 75 6 1 15 0.012 0.0010776 116 101.7 14.295 0.0018575 
10 75 6 1 25 0.012 0.0010776 115.94 101.66 14.282 0.0018519 
10 100 6 1 2 0.312 0.081894 147.3 122.97 24.324 0.0019688 
10 100 6 1 3 0.154 0.056412 141.23 122.93 18.293 0.0022733 
10 100 6 1 5 0.048 0.013159 139.83 123.04 16.794 0.0024252 
10 100 6 1 8 0.012 0.0010776 139.43 122.89 16.544 0.002321 
10 100 6 1 10 0.012 0.0010776 139.5 123.01 16.483 0.0024322 
10 100 6 1 15 0.012 0.0010776 139.61 123.04 16.561 0.0024031 
10 100 6 1 25 0.012 0.0010776 139.48 122.93 16.547 0.0023204 
