10 1 2 0.00021 1 0.542 0.088608 281.76 0.0081476 281.75 0.00021612 
10 5 2 0.00021 1 0.944 0.017208 877.01 0.030311 876.98 0.00063585 
10 5 2 0.00021 2 0.786 0.071433 422.8 0.030046 422.77 0.00062255 
10 5 2 0.00021 3 0.52 0.10163 122.79 0.029742 122.76 0.00038224 
10 5 2 0.00021 4 0.258 0.078812 21.971 0.029053 21.942 0.00027981 
10 5 2 0.00021 5 0.074 0.022371 2.556 0.026666 2.529 0.0002426 
10 10 2 0.00021 1 0.99 0.0033673 1069.2 0.058174 1069.1 0.0011545 
10 10 2 0.00021 2 0.982 0.0059959 876.79 0.060789 876.72 0.0013426 
10 10 2 0.00021 3 0.9 0.036327 545.15 0.059873 545.08 0.001046 
10 10 2 0.00021 4 0.772 0.084098 257.67 0.059044 257.61 0.00074815 
10 10 2 0.00021 5 0.634 0.12841 97.042 0.059001 96.982 0.00061436 
10 10 2 0.00021 8 0.176 0.062678 3.2081 0.057193 3.1504 0.00048621 
10 10 2 0.00021 10 0.012 0.0035265 0.18641 0.052322 0.13361 0.00042723 
10 25 2 0.00021 1 1 0 1154 0.14454 1153.8 0.0021431 
10 25 2 0.00021 2 0.998 0.0002 1142.9 0.14696 1142.8 0.0024629 
10 25 2 0.00021 3 0.998 0.0002 1112.4 0.14559 1112.2 0.0024276 
10 25 2 0.00021 4 0.988 0.0027102 1033.6 0.14498 1033.4 0.0023169 
10 25 2 0.00021 5 0.966 0.0088204 892.55 0.1455 892.4 0.0021775 
10 25 2 0.00021 8 0.838 0.063629 305.2 0.14073 305.05 0.0014725 
10 25 2 0.00021 10 0.708 0.11014 97.224 0.14365 97.079 0.0012454 
10 25 2 0.00021 12 0.582 0.15457 26.442 0.14421 26.297 0.0012223 
10 25 2 0.00021 15 0.362 0.13669 7.0326 0.14415 6.8872 0.001133 
10 25 2 0.00021 20 0.102 0.069996 1.5421 0.14217 1.3987 0.0011489 
10 25 2 0.00021 25 0.002 0.0002 0.16011 0.14161 0.017314 0.0011133 
10 50 2 0.00021 1 1 0 1208.3 0.29326 1208 0.003515 
10 50 2 0.00021 2 1 0 1174.1 0.29809 1173.8 0.0037843 
10 50 2 0.00021 3 1 0 1147.7 0.29709 1147.4 0.0037439 
10 50 2 0.00021 4 1 0 1147.7 0.29752 1147.4 0.0037098 
10 50 2 0.00021 5 1 0 1144.5 0.2968 1144.2 0.0036794 
10 50 2 0.00021 8 0.994 0.00098367 1077.4 0.29618 1077.1 0.0036253 
10 50 2 0.00021 10 0.984 0.0038204 923.89 0.29605 923.59 0.0034544 
10 50 2 0.00021 12 0.954 0.008249 674.53 0.29496 674.23 0.0030857 
10 50 2 0.00021 15 0.888 0.03822 279.38 0.29573 279.08 0.0024806 
10 50 2 0.00021 20 0.736 0.12113 34.25 0.29343 33.954 0.0020165 
10 50 2 0.00021 25 0.594 0.16139 11.921 0.2943 11.624 0.0019674 
10 50 2 0.00021 30 0.364 0.13623 6.1435 0.29169 5.8498 0.0019586 
10 50 2 0.00021 40 0.072 0.055935 1.3401 0.29249 1.0456 0.0019881 
10 50 2 0.00021 50 0 0 0.29312 0.29106 1.3771e-05 0.0019648 
10 75 2 0.00021 1 1 0 1146.1 0.41765 1145.6 0.0052289 
10 75 2 0.00021 2 1 0 1141.4 0.41847 1140.9 0.0049449 
10 75 2 0.00021 3 1 0 1140.7 0.41861 1140.3 0.004936 
10 75 2 0.00021 4 1 0 1138.8 0.41499 1138.4 0.0049508 
10 75 2 0.00021 5 1 0 1135.5 0.41043 1135.1 0.0048851 
10 75 2 0.00021 8 1 0 1116 0.40093 1115.6 0.0049225 
10 75 2 0.00021 10 0.998 0.0002 1104.1 0.3959 1103.7 0.0049228 
10 75 2 0.00021 12 0.996 0.00039184 1078.3 0.39459 1077.9 0.0048503 
10 75 2 0.00021 15 0.978 0.0033837 939.86 0.39361 939.46 0.0046848 
10 75 2 0.00021 20 0.924 0.02431 428.88 0.38457 428.49 0.0037132 
10 75 2 0.00021 25 0.804 0.09182 85.998 0.38041 85.614 0.0028854 
10 75 2 0.00021 30 0.74 0.12204 23.178 0.37975 22.795 0.0028405 
10 75 2 0.00021 40 0.532 0.17161 9.1051 0.37573 8.7265 0.0027366 
10 75 2 0.00021 50 0.242 0.1233 3.8601 0.37489 3.4824 0.0027381 
10 75 2 0.00021 60 0.08 0.052653 1.2705 0.37448 0.89318 0.0027284 
10 75 2 0.00021 70 0.004 0.00039184 0.4105 0.37448 0.033187 0.0027395 
10 100 2 0.00021 1 1 0 1139 0.52968 1138.5 0.009399 
10 100 2 0.00021 2 1 0 1117.4 0.53237 1116.9 0.0067398 
10 100 2 0.00021 3 1 0 1095.1 0.53133 1094.6 0.0060765 
10 100 2 0.00021 4 1 0 1095.5 0.53021 1095 0.0060953 
10 100 2 0.00021 5 1 0 1094.5 0.53074 1093.9 0.0060304 
10 100 2 0.00021 8 1 0 1093.5 0.52841 1093 0.0060119 
10 100 2 0.00021 10 1 0 1090.9 0.52662 1090.4 0.0060903 
10 100 2 0.00021 12 1 0 1093.6 0.53266 1093.1 0.0060833 
10 100 2 0.00021 15 1 0 1079.6 0.526 1079.1 0.0061354 
10 100 2 0.00021 20 0.982 0.0043633 962.58 0.52168 962.05 0.0058281 
10 100 2 0.00021 25 0.922 0.033588 547.72 0.51435 547.2 0.0050018 
10 100 2 0.00021 30 0.88 0.060816 163.41 0.50298 162.9 0.0038693 
10 100 2 0.00021 40 0.746 0.12621 18.99 0.50295 18.484 0.0036155 
10 100 2 0.00021 50 0.592 0.16034 10.389 0.49853 9.8867 0.0034959 
10 100 2 0.00021 60 0.358 0.14289 5.6534 0.498 5.1518 0.0034514 
10 100 2 0.00021 70 0.186 0.10531 3.194 0.49809 2.6923 0.0034518 
10 100 2 0.00021 80 0.06 0.037143 1.0598 0.49772 0.55853 0.0034604 
10 100 2 0.00021 90 0.004 0.00039184 0.53038 0.49756 0.029262 0.0034498 
10 100 2 0.00021 100 0 0 0.5012 0.49763 1.5141e-05 0.0034587 
10 125 2 0.00021 1 1 0 1133.2 0.6573 1132.5 0.011811 
10 125 2 0.00021 2 1 0 1135.4 0.65707 1134.7 0.013072 
10 125 2 0.00021 3 1 0 1136.9 0.65931 1136.2 0.012327 
10 125 2 0.00021 4 1 0 1127.3 0.65724 1126.6 0.011415 
10 125 2 0.00021 5 1 0 1104.1 0.65695 1103.5 0.0073113 
10 125 2 0.00021 8 1 0 1103.5 0.65328 1102.9 0.007339 
10 125 2 0.00021 10 1 0 1105.1 0.65331 1104.5 0.0073559 
10 125 2 0.00021 12 1 0 1104.1 0.65529 1103.5 0.007374 
10 125 2 0.00021 15 1 0 1103.5 0.65491 1102.8 0.0073868 
10 125 2 0.00021 20 1 0 1091.7 0.65346 1091 0.0073323 
10 125 2 0.00021 25 0.992 0.0019755 981.57 0.65266 980.91 0.0070821 
10 125 2 0.00021 30 0.96 0.016327 640.91 0.64049 640.26 0.0062117 
10 125 2 0.00021 40 0.856 0.075984 74.215 0.62981 73.58 0.0046393 
10 125 2 0.00021 50 0.732 0.12018 18.177 0.62341 17.549 0.0042569 
10 125 2 0.00021 60 0.612 0.16638 11.082 0.62171 10.456 0.0042516 
10 125 2 0.00021 70 0.426 0.1689 6.7411 0.62157 6.1152 0.0042218 
10 125 2 0.00021 80 0.236 0.12439 4.0134 0.62287 3.3862 0.0042231 
10 125 2 0.00021 90 0.132 0.092424 2.5162 0.62666 1.8852 0.0042406 
10 125 2 0.00021 100 0.066 0.045147 1.4155 0.62209 0.78908 0.0042178 
10 125 2 0.00021 125 0 0 0.6301 0.62576 1.6404e-05 0.0042338 
10 150 2 0.00021 1 1 0 1129 0.78839 1128.2 0.01413 
10 150 2 0.00021 2 1 0 1131 0.78858 1130.2 0.014524 
10 150 2 0.00021 3 1 0 1129.8 0.79053 1129 0.01437 
10 150 2 0.00021 4 1 0 1124.1 0.78772 1123.3 0.011824 
10 150 2 0.00021 5 1 0 1090.8 0.78623 1090 0.0085487 
10 150 2 0.00021 8 1 0 1088.8 0.78435 1088 0.0084594 
10 150 2 0.00021 10 1 0 1090.2 0.78418 1089.4 0.0085235 
10 150 2 0.00021 12 1 0 1091.1 0.78404 1090.3 0.008561 
10 150 2 0.00021 15 1 0 1085.7 0.78755 1084.9 0.0084517 
10 150 2 0.00021 20 1 0 1081.9 0.79077 1081.1 0.0084521 
10 150 2 0.00021 25 1 0 1074 0.79003 1073.2 0.0084805 
10 150 2 0.00021 30 0.988 0.0027102 979.21 0.78209 978.42 0.0082739 
10 150 2 0.00021 40 0.91 0.050306 345.75 0.7625 344.98 0.0063898 
10 150 2 0.00021 50 0.832 0.076914 42.745 0.74949 41.99 0.0052093 
10 150 2 0.00021 60 0.74 0.11592 18.209 0.74724 17.457 0.0050418 
10 150 2 0.00021 70 0.646 0.15437 12.362 0.74547 11.611 0.005004 
10 150 2 0.00021 80 0.51 0.17031 7.9657 0.74546 7.2151 0.0050084 
10 150 2 0.00021 90 0.336 0.14439 5.3792 0.74528 4.6288 0.0050232 
10 150 2 0.00021 100 0.206 0.11364 4.039 0.74729 3.2866 0.0049808 
10 150 2 0.00021 125 0.042 0.016771 1.1938 0.75125 0.43746 0.0049837 
10 150 2 0.00021 150 0 0 0.75038 0.74522 1.2341e-05 0.0050537 
10 200 2 0.00021 1 1 0 1108.1 1.0472 1107 0.019546 
10 200 2 0.00021 2 1 0 1103.7 1.0482 1102.7 0.01837 
10 200 2 0.00021 3 1 0 1069.1 1.0424 1068.1 0.010901 
10 200 2 0.00021 4 1 0 1069.3 1.0427 1068.3 0.010887 
10 200 2 0.00021 5 1 0 1069.3 1.0425 1068.3 0.01092 
10 200 2 0.00021 8 1 0 1069.1 1.0436 1068 0.010917 
10 200 2 0.00021 10 1 0 1067.8 1.0428 1066.7 0.0109 
10 200 2 0.00021 12 1 0 1069.1 1.045 1068.1 0.010898 
10 200 2 0.00021 15 1 0 1069.2 1.0427 1068.1 0.010919 
10 200 2 0.00021 20 1 0 1069.3 1.0428 1068.3 0.010956 
10 200 2 0.00021 25 1 0 1068.9 1.0436 1067.8 0.010961 
10 200 2 0.00021 30 1 0 1067.8 1.0427 1066.8 0.010901 
10 200 2 0.00021 40 0.994 0.00098367 1003.6 1.0698 1002.5 0.010812 
10 200 2 0.00021 50 0.934 0.030861 523.82 1.1342 522.68 0.009217 
10 200 2 0.00021 60 0.862 0.071384 92.453 1.1104 91.336 0.0069856 
10 200 2 0.00021 70 0.792 0.10361 27.854 1.1127 26.734 0.0069001 
10 200 2 0.00021 80 0.732 0.12344 18.469 1.1037 17.359 0.0066728 
10 200 2 0.00021 90 0.658 0.15555 14.583 1.1067 13.469 0.006675 
10 200 2 0.00021 100 0.604 0.1657 11.39 1.1166 10.266 0.0068509 
10 200 2 0.00021 125 0.302 0.1304 5.4713 1.1069 4.3577 0.0066417 
10 200 2 0.00021 150 0.116 0.079739 2.5099 1.1109 1.3922 0.0066792 
10 200 2 0.00021 200 0 0 1.1168 1.11 1.7369e-05 0.0066606 
10 250 2 0.00021 1 1 0 1119.9 1.4107 1118.4 0.01163 
10 250 2 0.00021 2 1 0 1088.8 1.3339 1087.4 0.011843 
10 250 2 0.00021 3 1 0 1121.5 1.399 1120.1 0.011983 
10 250 2 0.00021 4 1 0 1130.6 1.4482 1129.1 0.012072 
10 250 2 0.00021 5 1 0 1074.3 1.3347 1073 0.011585 
10 250 2 0.00021 8 1 0 1074.5 1.339 1073.1 0.011655 
10 250 2 0.00021 10 1 0 1074.7 1.3385 1073.4 0.011728 
10 250 2 0.00021 12 1 0 1074.3 1.3397 1072.9 0.011641 
10 250 2 0.00021 15 1 0 1074.2 1.3358 1072.9 0.011698 
10 250 2 0.00021 20 1 0 1074.2 1.3351 1072.9 0.011713 
10 250 2 0.00021 25 1 0 1071.6 1.333 1070.3 0.01176 
10 250 2 0.00021 30 1 0 1086.4 1.3358 1085.1 0.011729 
10 250 2 0.00021 40 1 0 1088.2 1.3374 1086.9 0.011786 
10 250 2 0.00021 50 0.998 0.0002 1029.1 1.3335 1027.8 0.011624 
10 250 2 0.00021 60 0.956 0.020473 633.93 1.3296 632.59 0.010451 
10 250 2 0.00021 70 0.886 0.057555 167.49 1.3266 166.16 0.0086793 
10 250 2 0.00021 80 0.832 0.081812 40.195 1.3277 38.859 0.0081912 
10 250 2 0.00021 90 0.784 0.10056 23.929 1.324 22.597 0.0080363 
10 250 2 0.00021 100 0.73 0.13316 17.94 1.3215 16.61 0.0080572 
10 250 2 0.00021 125 0.572 0.18042 10.277 1.3284 8.9403 0.0082284 
10 250 2 0.00021 150 0.34 0.15347 5.9305 1.3237 4.5987 0.008045 
10 250 2 0.00021 200 0.062 0.038322 1.9446 1.3225 0.61408 0.0079863 
10 250 2 0.00021 250 0 0 1.3303 1.3222 1.7526e-05 0.0080284 
10 300 2 0.00021 1 1 0 1080 1.6839 1078.3 0.012459 
10 300 2 0.00021 2 1 0 1079 1.6785 1077.3 0.012929 
10 300 2 0.00021 3 1 0 1094.6 1.7353 1092.9 0.012931 
10 300 2 0.00021 4 1 0 1093.7 1.7398 1091.9 0.013163 
10 300 2 0.00021 5 1 0 1094.2 1.7414 1092.5 0.012947 
10 300 2 0.00021 8 1 0 1095.1 1.7452 1093.3 0.013049 
10 300 2 0.00021 10 1 0 1095 1.7404 1093.3 0.013003 
10 300 2 0.00021 12 1 0 1094.8 1.7364 1093 0.012894 
10 300 2 0.00021 15 1 0 1095.3 1.7472 1093.6 0.013049 
10 300 2 0.00021 20 1 0 1093.5 1.7498 1091.7 0.012863 
10 300 2 0.00021 25 1 0 1094.9 1.7345 1093.2 0.012892 
10 300 2 0.00021 30 1 0 1094.8 1.7441 1093.1 0.012971 
10 300 2 0.00021 40 1 0 1094.8 1.7495 1093.1 0.012901 
10 300 2 0.00021 50 1 0 1094.7 1.7401 1092.9 0.012914 
10 300 2 0.00021 60 0.994 0.00057551 1048.4 1.7416 1046.6 0.012819 
10 300 2 0.00021 70 0.962 0.0085265 731.68 1.7326 729.93 0.012413 
10 300 2 0.00021 80 0.914 0.041229 257.7 1.6705 256.01 0.01165 
10 300 2 0.00021 90 0.854 0.073963 65.471 1.6613 63.798 0.011387 
10 300 2 0.00021 100 0.82 0.089796 31.046 1.6635 29.371 0.011417 
10 300 2 0.00021 125 0.726 0.13421 17.35 1.6607 15.678 0.011236 
10 300 2 0.00021 150 0.608 0.16606 11.123 1.6589 9.4528 0.011383 
10 300 2 0.00021 200 0.2 0.11837 4.8282 1.6584 3.1584 0.011302 
10 300 2 0.00021 250 0.032 0.012833 1.9037 1.6583 0.23414 0.011231 
10 300 2 0.00021 300 0 0 1.6698 1.6584 1.8953e-05 0.011285 
10 350 2 0.00021 1 1 0 1077.7 1.7392 1075.9 0.015432 
10 350 2 0.00021 2 1 0 1077.7 1.7378 1075.9 0.015645 
10 350 2 0.00021 3 1 0 1077.5 1.7425 1075.7 0.015625 
10 350 2 0.00021 4 1 0 1077.8 1.7389 1076.1 0.015503 
10 350 2 0.00021 5 1 0 1077.8 1.7414 1076.1 0.015547 
10 350 2 0.00021 8 1 0 1077.7 1.7402 1075.9 0.015491 
10 350 2 0.00021 10 1 0 1076.3 1.739 1074.6 0.015542 
10 350 2 0.00021 12 1 0 1078 1.7425 1076.2 0.01555 
10 350 2 0.00021 15 1 0 1078.6 1.7381 1076.8 0.015526 
10 350 2 0.00021 20 1 0 1078.1 1.7387 1076.4 0.01559 
10 350 2 0.00021 25 1 0 1078.1 1.7386 1076.4 0.015602 
10 350 2 0.00021 30 1 0 1078.3 1.7433 1076.5 0.015565 
10 350 2 0.00021 40 1 0 1078.2 1.7377 1076.5 0.015649 
10 350 2 0.00021 50 1 0 1076.4 1.738 1074.7 0.015548 
10 350 2 0.00021 60 1 0 1076.5 1.7388 1074.7 0.015588 
10 350 2 0.00021 70 0.998 0.0002 1041.5 1.7384 1039.7 0.015531 
10 350 2 0.00021 80 0.976 0.0083918 801.39 1.7388 799.63 0.014491 
10 350 2 0.00021 90 0.936 0.025616 359 1.7331 357.25 0.012668 
10 350 2 0.00021 100 0.884 0.06382 100.21 1.7321 98.465 0.011515 
10 350 2 0.00021 125 0.782 0.10967 24.259 1.7338 22.514 0.011224 
10 350 2 0.00021 150 0.714 0.13919 16.646 1.7305 14.904 0.011008 
10 350 2 0.00021 200 0.43 0.17276 7.3862 1.7285 5.6466 0.011 
10 350 2 0.00021 250 0.148 0.11071 3.7301 1.7287 1.9903 0.01105 
10 350 2 0.00021 300 0.014 0.0036776 1.8474 1.729 0.1072 0.011046 
10 400 2 0.00021 1 1 0 1068.4 1.9901 1066.4 0.013813 
10 400 2 0.00021 2 1 0 1065.8 1.9889 1063.8 0.014045 
10 400 2 0.00021 3 1 0 1067.8 1.9882 1065.8 0.014052 
10 400 2 0.00021 4 1 0 1067.6 1.9867 1065.6 0.014039 
10 400 2 0.00021 5 1 0 1067.6 1.988 1065.6 0.014069 
10 400 2 0.00021 8 1 0 1067.5 1.9878 1065.5 0.014009 
10 400 2 0.00021 10 1 0 1067.3 1.9867 1065.3 0.013987 
10 400 2 0.00021 12 1 0 1067.2 1.9888 1065.2 0.013979 
10 400 2 0.00021 15 1 0 1066.1 1.9913 1064.1 0.014042 
10 400 2 0.00021 20 1 0 1067.8 1.9907 1065.8 0.014063 
10 400 2 0.00021 25 1 0 1067.7 1.9875 1065.7 0.014065 
10 400 2 0.00021 30 1 0 1067.2 1.9883 1065.2 0.01411 
10 400 2 0.00021 40 1 0 1067.5 1.9886 1065.5 0.014082 
10 400 2 0.00021 50 1 0 1067.5 1.9866 1065.5 0.014064 
10 400 2 0.00021 60 1 0 1066.3 1.9884 1064.3 0.014097 
10 400 2 0.00021 70 1 0 1067 1.9886 1065 0.014083 
10 400 2 0.00021 80 1 0 1043.7 1.9905 1041.7 0.014042 
10 400 2 0.00021 90 0.992 0.0011592 860.93 1.988 858.93 0.013795 
10 400 2 0.00021 100 0.958 0.015547 459.79 2.0338 457.74 0.013144 
10 400 2 0.00021 125 0.824 0.083494 38.324 2.0254 36.286 0.012495 
10 400 2 0.00021 150 0.774 0.10809 20.679 2.0245 18.642 0.012443 
10 400 2 0.00021 200 0.602 0.17081 10.934 1.9775 8.9438 0.012474 
10 400 2 0.00021 250 0.288 0.13496 5.9779 1.9718 3.9936 0.012411 
10 400 2 0.00021 300 0.116 0.085861 3.3279 1.9701 1.3453 0.012387 
10 400 2 0.00021 400 0 0 1.9834 1.9709 1.4701e-05 0.012429 
10 500 2 0.00021 1 1 0 1083 2.5774 1080.4 0.017385 
10 500 2 0.00021 2 1 0 1092.3 2.7155 1089.6 0.017935 
10 500 2 0.00021 3 1 0 1092.1 2.7108 1089.3 0.017826 
10 500 2 0.00021 4 1 0 1107 2.7155 1104.3 0.017786 
10 500 2 0.00021 5 1 0 1108.9 2.7164 1106.2 0.017796 
10 500 2 0.00021 8 1 0 1100.2 2.6732 1097.5 0.017707 
10 500 2 0.00021 10 1 0 1068 2.5033 1065.5 0.017586 
10 500 2 0.00021 12 1 0 1068.5 2.4955 1065.9 0.017561 
10 500 2 0.00021 15 1 0 1102.2 2.6825 1099.5 0.01785 
10 500 2 0.00021 20 1 0 1095.9 2.6563 1093.3 0.017819 
10 500 2 0.00021 25 1 0 1090.7 2.6492 1088 0.017781 
10 500 2 0.00021 30 1 0 1100.1 2.6748 1097.4 0.017822 
10 500 2 0.00021 40 1 0 1100.5 2.6799 1097.8 0.017852 
10 500 2 0.00021 50 1 0 1117.5 2.7554 1114.8 0.017937 
10 500 2 0.00021 60 1 0 1119.3 2.7659 1116.5 0.017957 
10 500 2 0.00021 70 1 0 1117.9 2.7655 1115.1 0.018015 
10 500 2 0.00021 80 1 0 1113.8 2.7468 1111 0.017905 
10 500 2 0.00021 90 1 0 1062.4 2.4884 1059.9 0.017538 
10 500 2 0.00021 100 0.998 0.0002 1038.4 2.4791 1035.9 0.017526 
10 500 2 0.00021 125 0.944 0.02578 446.14 2.4725 443.66 0.016342 
10 500 2 0.00021 150 0.844 0.079657 49.153 2.4683 46.669 0.015487 
10 500 2 0.00021 200 0.748 0.12867 19.441 2.4677 16.958 0.015527 
10 500 2 0.00021 250 0.616 0.17321 11.893 2.4665 9.4109 0.015438 
10 500 2 0.00021 300 0.314 0.14245 6.8822 2.466 4.4007 0.015394 
10 500 2 0.00021 400 0.066 0.041473 3.0497 2.4662 0.56797 0.015458 
10 500 2 0.00021 500 0 0 2.4817 2.4661 1.5372e-05 0.015451 
10 600 2 0.00021 1 1 0 1080.7 2.9663 1077.7 0.024572 
10 600 2 0.00021 2 1 0 1079.1 2.9676 1076.1 0.024658 
10 600 2 0.00021 3 1 0 1080.6 2.965 1077.6 0.02473 
10 600 2 0.00021 4 1 0 1080.5 2.9665 1077.6 0.024704 
10 600 2 0.00021 5 1 0 1080.6 2.9666 1077.6 0.024702 
10 600 2 0.00021 8 1 0 1080.9 2.9673 1077.9 0.024622 
10 600 2 0.00021 10 1 0 1081 2.9672 1078 0.025395 
10 600 2 0.00021 12 1 0 1081 2.9666 1078 0.024622 
10 600 2 0.00021 15 1 0 1079.1 2.9672 1076.1 0.02463 
10 600 2 0.00021 20 1 0 1076.7 2.972 1073.7 0.024605 
10 600 2 0.00021 25 1 0 1067.6 2.996 1064.6 0.024593 
10 600 2 0.00021 30 1 0 1067.7 2.9931 1064.7 0.02468 
10 600 2 0.00021 40 1 0 1067.8 2.9923 1064.8 0.024678 
10 600 2 0.00021 50 1 0 1067.9 2.9943 1064.9 0.024642 
10 600 2 0.00021 60 1 0 1068 2.9941 1064.9 0.024736 
10 600 2 0.00021 70 1 0 1074.4 2.9728 1071.4 0.024765 
10 600 2 0.00021 80 1 0 1080.6 2.9654 1077.6 0.024746 
10 600 2 0.00021 90 1 0 1080.3 2.9668 1077.3 0.024711 
10 600 2 0.00021 100 1 0 1080.1 2.9675 1077.1 0.024646 
10 600 2 0.00021 125 0.998 0.0002 1041.5 2.964 1038.5 0.024382 
10 600 2 0.00021 150 0.934 0.035759 433.06 2.9572 430.08 0.021456 
10 600 2 0.00021 200 0.818 0.087629 29.396 2.9505 26.427 0.018565 
10 600 2 0.00021 250 0.72 0.13673 18.488 2.9511 15.518 0.018869 
10 600 2 0.00021 300 0.596 0.17794 11.92 2.9481 8.9534 0.018572 
10 600 2 0.00021 400 0.212 0.11781 5.9997 2.9469 3.0341 0.018496 
10 600 2 0.00021 500 0.022 0.0046082 3.1181 2.9468 0.15275 0.018449 
10 600 2 0.00021 600 0 0 2.9657 2.9472 1.4354e-05 0.018495 
10 700 2 0.00021 1 1 0 1070.3 3.4744 1066.8 0.035846 
10 700 2 0.00021 2 1 0 1068.9 3.4736 1065.4 0.035675 
10 700 2 0.00021 3 1 0 1070.1 3.4748 1066.6 0.0351 
10 700 2 0.00021 4 1 0 1070.2 3.4726 1066.7 0.035591 
10 700 2 0.00021 5 1 0 1070.2 3.4732 1066.7 0.035603 
10 700 2 0.00021 8 1 0 1070.6 3.4751 1067.1 0.0357 
10 700 2 0.00021 10 1 0 1070.2 3.4748 1066.7 0.035611 
10 700 2 0.00021 12 1 0 1070 3.4737 1066.5 0.0356 
10 700 2 0.00021 15 1 0 1068.9 3.4729 1065.4 0.035534 
10 700 2 0.00021 20 1 0 1070.4 3.4725 1066.9 0.035668 
10 700 2 0.00021 25 1 0 1070.6 3.4719 1067.1 0.035591 
10 700 2 0.00021 30 1 0 1070.7 3.4727 1067.2 0.035509 
10 700 2 0.00021 40 1 0 1070.7 3.4756 1067.2 0.03551 
10 700 2 0.00021 50 1 0 1070.8 3.4719 1067.3 0.035628 
10 700 2 0.00021 60 1 0 1070.7 3.4722 1067.2 0.035681 
10 700 2 0.00021 70 1 0 1068.9 3.4743 1065.3 0.035609 
10 700 2 0.00021 80 1 0 1070.6 3.4753 1067.1 0.035526 
10 700 2 0.00021 90 1 0 1070.6 3.4725 1067.1 0.035704 
10 700 2 0.00021 100 1 0 1070.7 3.4753 1067.2 0.035675 
10 700 2 0.00021 125 1 0 1070.6 3.4725 1067.1 0.035058 
10 700 2 0.00021 150 0.994 0.00057551 1013.7 3.4726 1010.2 0.035026 
10 700 2 0.00021 200 0.858 0.07269 67.422 3.4639 63.933 0.02462 
10 700 2 0.00021 250 0.794 0.098943 24.895 3.4618 21.409 0.023281 
10 700 2 0.00021 300 0.708 0.14238 18.029 3.467 14.538 0.023959 
10 700 2 0.00021 400 0.396 0.15345 8.9427 3.4618 5.4576 0.023262 
10 700 2 0.00021 500 0.14 0.10204 5.5812 3.4608 2.097 0.023284 
10 700 2 0.00021 600 0.012 0.0014857 3.5644 3.4624 0.078584 0.023274 
10 700 2 0.00021 700 0 0 3.4836 3.4602 1.4401e-05 0.02338 
10 800 2 0.00021 1 1 0 1073.5 3.9508 1069.5 0.041195 
10 800 2 0.00021 2 1 0 1076.6 3.9502 1072.6 0.040868 
10 800 2 0.00021 3 1 0 1076.3 3.9549 1072.3 0.040955 
10 800 2 0.00021 4 1 0 1074.8 3.9508 1070.8 0.040713 
10 800 2 0.00021 5 1 0 1075 3.952 1071 0.040974 
10 800 2 0.00021 8 1 0 1074.7 3.9537 1070.8 0.040684 
10 800 2 0.00021 10 1 0 1073.2 3.9557 1069.2 0.040891 
10 800 2 0.00021 12 1 0 1075.1 3.9513 1071.1 0.04081 
10 800 2 0.00021 15 1 0 1075 3.9522 1071 0.040973 
10 800 2 0.00021 20 1 0 1075 3.9519 1071 0.040731 
10 800 2 0.00021 25 1 0 1074.9 3.9539 1070.9 0.040939 
10 800 2 0.00021 30 1 0 1075 3.9517 1071 0.040985 
10 800 2 0.00021 40 1 0 1075 3.9509 1071 0.040842 
10 800 2 0.00021 50 1 0 1073.4 3.9526 1069.4 0.040716 
10 800 2 0.00021 60 1 0 1075 3.9521 1071.1 0.040824 
10 800 2 0.00021 70 1 0 1075 3.9509 1071 0.040919 
10 800 2 0.00021 80 1 0 1082.4 4.0226 1078.3 0.040788 
10 800 2 0.00021 90 1 0 1087.2 4.0735 1083.1 0.040748 
10 800 2 0.00021 100 1 0 1087.5 4.084 1083.4 0.040857 
10 800 2 0.00021 125 1 0 1081.5 4.0182 1077.4 0.040992 
10 800 2 0.00021 150 1 0 1072.2 3.9533 1068.2 0.040896 
10 800 2 0.00021 200 0.942 0.031873 418.46 3.9504 414.48 0.032298 
10 800 2 0.00021 250 0.846 0.080086 37.3 3.9441 33.329 0.02725 
10 800 2 0.00021 300 0.76 0.12041 22.893 3.9471 18.919 0.027307 
10 800 2 0.00021 400 0.598 0.17693 13.025 3.9441 9.054 0.026615 
10 800 2 0.00021 500 0.27 0.13316 7.7901 3.9419 3.8217 0.02646 
10 800 2 0.00021 600 0.106 0.073637 5.0167 3.9421 1.0479 0.026554 
10 800 2 0.00021 700 0.002 0.0002 3.9864 3.9423 0.017425 0.026609 
10 800 2 0.00021 800 0 0 3.9691 3.9425 1.386e-05 0.026536 
10 900 2 0.00021 1 1 0 1063.1 4.4559 1058.6 0.044622 
10 900 2 0.00021 2 1 0 1063.1 4.4597 1058.6 0.045122 
10 900 2 0.00021 3 1 0 1063.6 4.4574 1059.1 0.04511 
10 900 2 0.00021 4 1 0 1063.6 4.4582 1059.1 0.045092 
10 900 2 0.00021 5 1 0 1063.3 4.4571 1058.8 0.044997 
10 900 2 0.00021 8 1 0 1062.3 4.4608 1057.8 0.044409 
10 900 2 0.00021 10 1 0 1063.2 4.4568 1058.7 0.044882 
10 900 2 0.00021 12 1 0 1063.6 4.4541 1059.1 0.045237 
10 900 2 0.00021 15 1 0 1063.7 4.4612 1059.2 0.045303 
10 900 2 0.00021 20 1 0 1063.6 4.4573 1059.1 0.045126 
10 900 2 0.00021 25 1 0 1063.5 4.4604 1059 0.045046 
10 900 2 0.00021 30 1 0 1061.7 4.4603 1057.2 0.044614 
10 900 2 0.00021 40 1 0 1063.2 4.4592 1058.7 0.045067 
10 900 2 0.00021 50 1 0 1063.2 4.4628 1058.7 0.044952 
10 900 2 0.00021 60 1 0 1063.5 4.4572 1059 0.045171 
10 900 2 0.00021 70 1 0 1063.6 4.4621 1059.1 0.045307 
10 900 2 0.00021 80 1 0 1063.6 4.4578 1059.1 0.045128 
10 900 2 0.00021 90 1 0 1061.7 4.4593 1057.2 0.044444 
10 900 2 0.00021 100 1 0 1063.5 4.4621 1059 0.045159 
10 900 2 0.00021 125 1 0 1063.4 4.4587 1058.9 0.045225 
10 900 2 0.00021 150 1 0 1063.5 4.4616 1059 0.045138 
10 900 2 0.00021 200 0.988 0.0018939 950.2 4.4554 945.7 0.04364 
10 900 2 0.00021 250 0.892 0.059527 85.846 4.4525 81.362 0.031476 
10 900 2 0.00021 300 0.812 0.088424 31.307 4.4501 26.828 0.029724 
10 900 2 0.00021 400 0.686 0.15307 18.151 4.4489 13.672 0.0297 
10 900 2 0.00021 500 0.458 0.178 10.555 4.4593 6.0651 0.030591 
10 900 2 0.00021 600 0.212 0.11373 7.503 4.4494 3.0239 0.029686 
10 900 2 0.00021 700 0.08 0.051837 5.1865 4.447 0.70979 0.029666 
10 900 2 0.00021 800 0.002 0.0002 4.4892 4.446 0.013304 0.02979 
10 900 2 0.00021 900 0 0 4.4796 4.4496 1.7979e-05 0.029859 
10 1000 2 0.00021 1 1 0 1075.7 4.948 1070.7 0.05028 
10 1000 2 0.00021 2 1 0 1073.9 4.9526 1068.9 0.050234 
10 1000 2 0.00021 3 1 0 1075.6 4.9468 1070.6 0.050035 
10 1000 2 0.00021 4 1 0 1107.8 5.2605 1102.5 0.050712 
10 1000 2 0.00021 5 1 0 1086 5.0595 1080.9 0.050261 
10 1000 2 0.00021 8 1 0 1075.7 4.9471 1070.7 0.049956 
10 1000 2 0.00021 10 1 0 1075.4 4.9511 1070.4 0.050034 
10 1000 2 0.00021 12 1 0 1075.6 4.948 1070.6 0.049685 
10 1000 2 0.00021 15 1 0 1073.6 4.9504 1068.6 0.050016 
10 1000 2 0.00021 20 1 0 1075.4 4.9475 1070.4 0.050064 
10 1000 2 0.00021 25 1 0 1075.4 4.9534 1070.4 0.049967 
10 1000 2 0.00021 30 1 0 1075.3 4.9467 1070.3 0.049907 
10 1000 2 0.00021 40 1 0 1073.7 4.9508 1068.7 0.050026 
10 1000 2 0.00021 50 1 0 1073.8 4.9498 1068.8 0.050211 
10 1000 2 0.00021 60 1 0 1073.5 4.9503 1068.5 0.049816 
10 1000 2 0.00021 70 1 0 1071.6 4.9506 1066.6 0.049859 
10 1000 2 0.00021 80 1 0 1073.2 4.9518 1068.2 0.049879 
10 1000 2 0.00021 90 1 0 1073.1 4.9517 1068.1 0.05031 
10 1000 2 0.00021 100 1 0 1073.3 4.9453 1068.3 0.04982 
10 1000 2 0.00021 125 1 0 1073.1 4.9486 1068.1 0.049919 
10 1000 2 0.00021 150 1 0 1073.4 4.9503 1068.4 0.050204 
10 1000 2 0.00021 200 1 0 1068 4.9484 1063 0.050225 
10 1000 2 0.00021 250 0.94 0.033469 399.09 4.9408 394.11 0.040012 
10 1000 2 0.00021 300 0.844 0.073535 44.943 4.9423 39.966 0.034017 
10 1000 2 0.00021 400 0.732 0.12671 21.228 4.9343 16.26 0.033098 
10 1000 2 0.00021 500 0.588 0.1823 14.113 4.9338 9.1457 0.033109 
10 1000 2 0.00021 600 0.334 0.15698 9.5074 4.9441 4.5292 0.034041 
10 1000 2 0.00021 700 0.154 0.10988 7.2526 4.9395 2.2799 0.033142 
10 1000 2 0.00021 800 0.044 0.020473 5.3061 4.935 0.33803 0.033058 
10 1000 2 0.00021 900 0.002 0.0002 4.9851 4.9338 0.018092 0.033146 
10 1000 2 0.00021 1000 0 0 4.9658 4.9326 1.5423e-05 0.033158 
10 1250 2 0.00021 1 1 0 1072.5 6.1918 1066.2 0.062435 
10 1250 2 0.00021 2 1 0 1072.9 6.1929 1066.7 0.06147 
10 1250 2 0.00021 3 1 0 1073.1 6.1902 1066.8 0.061612 
10 1250 2 0.00021 4 1 0 1073.2 6.1892 1066.9 0.061792 
10 1250 2 0.00021 5 1 0 1071.6 6.194 1065.3 0.06142 
10 1250 2 0.00021 8 1 0 1073.1 6.195 1066.8 0.061451 
10 1250 2 0.00021 10 1 0 1072.9 6.1938 1066.7 0.06138 
10 1250 2 0.00021 12 1 0 1073.1 6.1895 1066.9 0.06104 
10 1250 2 0.00021 15 1 0 1072.9 6.1926 1066.6 0.061189 
10 1250 2 0.00021 20 1 0 1073.1 6.193 1066.9 0.061273 
10 1250 2 0.00021 25 1 0 1073.2 6.1926 1067 0.06149 
10 1250 2 0.00021 30 1 0 1073.1 6.1902 1066.9 0.061867 
10 1250 2 0.00021 40 1 0 1071.7 6.1924 1065.4 0.061496 
10 1250 2 0.00021 50 1 0 1073.1 6.1953 1066.8 0.061248 
10 1250 2 0.00021 60 1 0 1073 6.1902 1066.7 0.061241 
10 1250 2 0.00021 70 1 0 1072.8 6.1924 1066.5 0.061671 
10 1250 2 0.00021 80 1 0 1073 6.1886 1066.7 0.061218 
10 1250 2 0.00021 90 1 0 1072.8 6.1901 1066.5 0.061841 
10 1250 2 0.00021 100 1 0 1071.4 6.1894 1065.2 0.061615 
10 1250 2 0.00021 125 1 0 1073 6.1871 1066.8 0.06161 
10 1250 2 0.00021 150 1 0 1072.9 6.1896 1066.7 0.061553 
10 1250 2 0.00021 200 1 0 1072.9 6.1936 1066.7 0.061807 
10 1250 2 0.00021 250 1 0 1071.6 6.1911 1065.4 0.06111 
10 1250 2 0.00021 300 0.938 0.038322 639.18 6.1808 632.94 0.052729 
10 1250 2 0.00021 400 0.82 0.086122 36.725 6.1747 30.508 0.042178 
10 1250 2 0.00021 500 0.722 0.13726 22.384 6.18 16.161 0.042239 
10 1250 2 0.00021 600 0.624 0.17533 16.445 6.1739 10.23 0.041196 
10 1250 2 0.00021 700 0.446 0.17641 12.068 6.1733 5.8531 0.041082 
10 1250 2 0.00021 800 0.246 0.12702 9.7522 6.1704 3.5404 0.041221 
10 1250 2 0.00021 900 0.138 0.10404 8.1101 6.1733 1.8956 0.041229 
10 1250 2 0.00021 1000 0.056 0.033535 6.6628 6.1905 0.43111 0.041107 
10 1500 2 0.00021 1 1 0 1077 7.5302 1069.4 0.070308 
10 1500 2 0.00021 2 1 0 1075.7 7.5292 1068.1 0.070583 
10 1500 2 0.00021 3 1 0 1077.4 7.5337 1069.8 0.070575 
10 1500 2 0.00021 4 1 0 1077.6 7.5298 1070 0.070466 
10 1500 2 0.00021 5 1 0 1077.7 7.5325 1070.1 0.071057 
10 1500 2 0.00021 8 1 0 1077.5 7.5285 1069.9 0.07034 
10 1500 2 0.00021 10 1 0 1075.9 7.5333 1068.3 0.070447 
10 1500 2 0.00021 12 1 0 1077.5 7.5297 1069.9 0.070469 
10 1500 2 0.00021 15 1 0 1077.4 7.5293 1069.8 0.071185 
10 1500 2 0.00021 20 1 0 1077.6 7.5346 1070 0.070171 
10 1500 2 0.00021 25 1 0 1077.4 7.5334 1069.7 0.070466 
10 1500 2 0.00021 30 1 0 1077.5 7.5319 1069.9 0.070899 
10 1500 2 0.00021 40 1 0 1077.5 7.5285 1069.9 0.070913 
10 1500 2 0.00021 50 1 0 1077.5 7.531 1069.9 0.070433 
10 1500 2 0.00021 60 1 0 1076 7.5354 1068.4 0.070786 
10 1500 2 0.00021 70 1 0 1077.8 7.5306 1070.2 0.070694 
10 1500 2 0.00021 80 1 0 1077.5 7.5305 1069.9 0.070414 
10 1500 2 0.00021 90 1 0 1077.6 7.532 1070 0.071097 
10 1500 2 0.00021 100 1 0 1077.4 7.5299 1069.8 0.070475 
10 1500 2 0.00021 125 1 0 1077.8 7.5306 1070.2 0.070866 
10 1500 2 0.00021 150 1 0 1075.6 7.532 1068 0.070433 
10 1500 2 0.00021 200 1 0 1077.5 7.53 1069.9 0.070872 
10 1500 2 0.00021 250 1 0 1077.6 7.5276 1070 0.070835 
10 1500 2 0.00021 300 1 0 1075.6 7.5275 1068 0.070404 
10 1500 2 0.00021 400 0.908 0.059118 134.83 7.5168 127.27 0.050469 
10 1500 2 0.00021 500 0.81 0.091531 33.677 7.5214 26.109 0.046551 
10 1500 2 0.00021 600 0.726 0.13829 23.852 7.5095 16.296 0.04577 
10 1500 2 0.00021 700 0.664 0.16317 19.415 7.5092 11.861 0.045407 
10 1500 2 0.00021 800 0.51 0.18663 14.45 7.5278 6.8741 0.048018 
10 1500 2 0.00021 900 0.34 0.15102 12.143 7.511 4.5854 0.046206 
10 1500 2 0.00021 1000 0.21 0.11806 10.659 7.5088 3.1043 0.045609 
10 1500 2 0.00021 1500 0 0 7.5548 7.5093 1.5202e-05 0.045477 
10 2000 2 0.00021 1 1 0 1079.5 9.9073 1069.5 0.090913 
10 2000 2 0.00021 2 1 0 1079.5 9.9061 1069.5 0.090668 
10 2000 2 0.00021 3 1 0 1078 9.9107 1068 0.090268 
10 2000 2 0.00021 4 1 0 1079.5 9.9039 1069.5 0.090759 
10 2000 2 0.00021 5 1 0 1079.5 9.9032 1069.5 0.089754 
10 2000 2 0.00021 8 1 0 1079.4 9.9068 1069.4 0.089856 
10 2000 2 0.00021 10 1 0 1079.3 9.9058 1069.3 0.090536 
10 2000 2 0.00021 12 1 0 1077.7 9.9066 1067.7 0.0902 
10 2000 2 0.00021 15 1 0 1079.3 9.905 1069.3 0.090853 
10 2000 2 0.00021 20 1 0 1079.5 9.9059 1069.5 0.08998 
10 2000 2 0.00021 25 1 0 1079.5 9.9037 1069.5 0.090134 
10 2000 2 0.00021 30 1 0 1079.5 9.9091 1069.5 0.09038 
10 2000 2 0.00021 40 1 0 1079.4 9.9074 1069.4 0.090029 
10 2000 2 0.00021 50 1 0 1079.3 9.9009 1069.3 0.090348 
10 2000 2 0.00021 60 1 0 1079.3 9.9051 1069.3 0.090588 
10 2000 2 0.00021 70 1 0 1077.8 9.9059 1067.8 0.089916 
10 2000 2 0.00021 80 1 0 1079.5 9.9035 1069.5 0.090701 
10 2000 2 0.00021 90 1 0 1079.5 9.9085 1069.5 0.090233 
10 2000 2 0.00021 100 1 0 1079.7 9.9048 1069.7 0.090481 
10 2000 2 0.00021 125 1 0 1079.6 9.9077 1069.6 0.090162 
10 2000 2 0.00021 150 1 0 1079.5 9.9025 1069.5 0.09138 
10 2000 2 0.00021 200 1 0 1079 9.9044 1069 0.090349 
10 2000 2 0.00021 250 1 0 1078.3 9.9101 1068.3 0.090082 
10 2000 2 0.00021 300 1 0 1079.4 9.9029 1069.4 0.090168 
10 2000 2 0.00021 400 1 0 1078.7 9.9032 1068.7 0.090305 
10 2000 2 0.00021 500 0.95 0.023367 363.69 9.9009 353.72 0.071762 
10 2000 2 0.00021 600 0.846 0.078045 47.276 9.8958 37.318 0.062403 
10 2000 2 0.00021 700 0.806 0.092412 32.352 9.8977 22.392 0.062503 
10 2000 2 0.00021 800 0.732 0.13161 26.238 9.8927 16.284 0.060474 
10 2000 2 0.00021 900 0.684 0.14953 23.272 9.9048 13.304 0.062094 
10 2000 2 0.00021 1000 0.608 0.17993 19.039 9.892 9.0862 0.060735 
10 2000 2 0.00021 1500 0.122 0.094404 11.241 9.8888 1.2918 0.060728 
10 2000 2 0.00021 2000 0 0 9.951 9.8904 1.5333e-05 0.060514 
10 3000 2 0.00021 1 1 0 1074.4 14.804 1059.4 0.12781 
10 3000 2 0.00021 2 1 0 1072.9 14.807 1058 0.12874 
10 3000 2 0.00021 3 1 0 1074.6 14.809 1059.7 0.12829 
10 3000 2 0.00021 4 1 0 1074.6 14.805 1059.6 0.12805 
10 3000 2 0.00021 5 1 0 1074.5 14.804 1059.6 0.12836 
10 3000 2 0.00021 8 1 0 1074.6 14.811 1059.6 0.12771 
10 3000 2 0.00021 10 1 0 1074.4 14.805 1059.4 0.12859 
10 3000 2 0.00021 12 1 0 1074.4 14.804 1059.5 0.12857 
10 3000 2 0.00021 15 1 0 1073 14.811 1058.1 0.12823 
10 3000 2 0.00021 20 1 0 1074.7 14.803 1059.7 0.12977 
10 3000 2 0.00021 25 1 0 1074.7 14.812 1059.7 0.12736 
10 3000 2 0.00021 30 1 0 1074.7 14.805 1059.7 0.12821 
10 3000 2 0.00021 40 1 0 1074.5 14.803 1059.6 0.12794 
10 3000 2 0.00021 50 1 0 1074.6 14.811 1059.6 0.1279 
10 3000 2 0.00021 60 1 0 1074.8 14.811 1059.9 0.12835 
10 3000 2 0.00021 70 1 0 1073.1 14.81 1058.2 0.12775 
10 3000 2 0.00021 80 1 0 1074.9 14.814 1060 0.12811 
10 3000 2 0.00021 90 1 0 1075 14.807 1060 0.12824 
10 3000 2 0.00021 100 1 0 1074.9 14.809 1059.9 0.12771 
10 3000 2 0.00021 125 1 0 1074.7 14.806 1059.7 0.1288 
10 3000 2 0.00021 150 1 0 1073.3 14.81 1058.3 0.12818 
10 3000 2 0.00021 200 1 0 1074.7 14.811 1059.8 0.12956 
10 3000 2 0.00021 250 1 0 1074.9 14.807 1060 0.12866 
10 3000 2 0.00021 300 1 0 1074.8 14.805 1059.9 0.12888 
10 3000 2 0.00021 400 1 0 1074.9 14.802 1060 0.12906 
10 3000 2 0.00021 500 1 0 1074.8 14.807 1059.9 0.12788 
10 3000 2 0.00021 600 1 0 1074.7 14.806 1059.7 0.12911 
10 3000 2 0.00021 700 0.99 0.002551 842.45 14.804 827.52 0.12097 
10 3000 2 0.00021 800 0.91 0.058469 119.27 14.791 104.38 0.093153 
10 3000 2 0.00021 900 0.85 0.078878 52.442 14.791 37.561 0.09022 
10 3000 2 0.00021 1000 0.81 0.09602 40.844 14.792 25.962 0.089914 
10 3000 2 0.00021 1500 0.6 0.18571 23.681 14.784 8.8091 0.088077 
10 3000 2 0.00021 2000 0.204 0.11223 17.886 14.781 3.0177 0.087411 
10 4000 2 0.00021 1 1 0 1080 19.737 1060.1 0.16709 
10 4000 2 0.00021 2 1 0 1080 19.733 1060.1 0.16455 
10 4000 2 0.00021 3 1 0 1079.7 19.736 1059.8 0.16581 
10 4000 2 0.00021 4 1 0 1079.8 19.734 1059.9 0.16481 
10 4000 2 0.00021 5 1 0 1078 19.737 1058.1 0.16443 
10 4000 2 0.00021 8 1 0 1079.8 19.735 1059.9 0.16549 
10 4000 2 0.00021 10 1 0 1079.8 19.733 1059.9 0.16442 
10 4000 2 0.00021 12 1 0 1079.8 19.737 1059.9 0.16512 
10 4000 2 0.00021 15 1 0 1079.9 19.732 1060 0.16537 
10 4000 2 0.00021 20 1 0 1079.9 19.735 1060 0.16509 
10 4000 2 0.00021 25 1 0 1078.3 19.738 1058.4 0.16521 
10 4000 2 0.00021 30 1 0 1079.8 19.733 1059.9 0.16581 
