10 4000 2 2.1e-05 500 1 0 1096.9 1.9683 1094.8 0.12048 
10 4000 2 2.1e-05 550 1 0 1097.2 1.9677 1095.1 0.11979 
10 4000 2 2.1e-05 600 1 0 1097.5 1.9804 1095.4 0.12072 
10 4000 2 2.1e-05 650 1 0 1097.7 1.973 1095.6 0.12046 
10 4000 2 2.1e-05 700 1 0 1096.6 1.9704 1094.6 0.11948 
10 4000 2 2.1e-05 750 1 0 1097.2 1.9704 1095.1 0.11994 
10 4000 2 2.1e-05 800 1 0 1097 1.9874 1094.9 0.12079 
10 4000 2 2.1e-05 850 0.996 0.00039184 1072.7 1.9677 1070.6 0.11981 
10 4000 2 2.1e-05 900 0.972 0.01022 984.02 1.9675 981.93 0.11912 
10 4000 2 2.1e-05 950 0.922 0.051139 713.84 1.968 711.76 0.11781 
10 4000 2 2.1e-05 1000 0.914 0.058371 339.97 1.9659 337.89 0.1132 
10 4000 2 2.1e-05 1100 0.912 0.058629 88.848 1.963 86.773 0.11218 
10 4000 2 2.1e-05 1200 0.884 0.071167 45.817 1.9614 43.744 0.11097 
10 4000 2 2.1e-05 1300 0.858 0.073098 33.49 1.9605 31.419 0.11021 
10 4000 2 2.1e-05 1400 0.828 0.086139 26.353 1.9649 24.277 0.11118 
10 4000 2 2.1e-05 1500 0.8 0.097551 21.541 1.96 19.47 0.11028 
10 4000 2 2.1e-05 1600 0.754 0.12784 19.32 1.9626 17.247 0.11064 
10 4000 2 2.1e-05 1700 0.726 0.13584 17.93 1.9632 15.856 0.11074 
10 4000 2 2.1e-05 1800 0.706 0.14547 16.142 1.96 14.072 0.11028 
10 4000 2 2.1e-05 1900 0.666 0.16433 13.844 1.9592 11.773 0.11145 
10 4000 2 2.1e-05 2000 0.636 0.1697 12.177 1.9627 10.104 0.11018 
10 4000 2 2.1e-05 2250 0.47 0.1801 8.4811 1.9614 6.4083 0.11138 
10 4000 2 2.1e-05 2500 0.33 0.15398 6.6571 1.9592 4.5877 0.11009 
10 4000 2 2.1e-05 2750 0.202 0.11693 5.1586 1.9585 3.0897 0.11034 
10 4000 2 2.1e-05 3000 0.134 0.091269 3.6649 1.9588 1.596 0.11003 
10 4000 2 2.1e-05 4000 0 0 2.0692 1.9584 1.3622e-05 0.11072 
10 5000 2 2.1e-05 500 1 0 1085 2.4803 1082.4 0.14344 
10 5000 2 2.1e-05 550 1 0 1084.4 2.4722 1081.8 0.14328 
10 5000 2 2.1e-05 600 1 0 1083.6 2.4784 1080.9 0.14462 
10 5000 2 2.1e-05 650 1 0 1084.6 2.4738 1082 0.14328 
10 5000 2 2.1e-05 700 1 0 1084.9 2.4759 1082.3 0.14379 
10 5000 2 2.1e-05 750 1 0 1083.9 2.4723 1081.3 0.14413 
10 5000 2 2.1e-05 800 1 0 1083.8 2.4807 1081.2 0.14363 
10 5000 2 2.1e-05 850 1 0 1084.3 2.4713 1081.7 0.14408 
10 5000 2 2.1e-05 900 1 0 1084.8 2.4732 1082.2 0.14369 
10 5000 2 2.1e-05 950 1 0 1084.7 2.4748 1082.1 0.14535 
10 5000 2 2.1e-05 1000 1 0 1081.5 2.4723 1078.8 0.14425 
10 5000 2 2.1e-05 1100 0.98 0.0053061 1025.6 2.476 1023 0.14283 
10 5000 2 2.1e-05 1200 0.92 0.053469 630.83 2.4721 628.22 0.14047 
10 5000 2 2.1e-05 1300 0.914 0.058371 171.76 2.4624 169.16 0.13531 
10 5000 2 2.1e-05 1400 0.912 0.05822 72.992 2.456 70.4 0.13518 
10 5000 2 2.1e-05 1500 0.882 0.07171 45.013 2.4546 42.424 0.13356 
10 5000 2 2.1e-05 1600 0.866 0.074127 35.523 2.4539 32.935 0.13448 
10 5000 2 2.1e-05 1700 0.842 0.083302 28.772 2.4623 26.175 0.1347 
10 5000 2 2.1e-05 1800 0.816 0.089943 23.775 2.4539 21.187 0.13425 
10 5000 2 2.1e-05 1900 0.78 0.11224 20.794 2.4525 18.208 0.13403 
10 5000 2 2.1e-05 2000 0.752 0.12418 19.872 2.4614 17.276 0.13473 
10 5000 2 2.1e-05 2250 0.706 0.14547 16.434 2.4531 13.848 0.13337 
10 5000 2 2.1e-05 2500 0.636 0.16888 11.934 2.4526 9.3472 0.13401 
10 5000 2 2.1e-05 2750 0.506 0.17976 9.1686 2.4524 6.5816 0.13453 
10 5000 2 2.1e-05 3000 0.37 0.16949 7.5931 2.4637 4.9945 0.13482 
10 5000 2 2.1e-05 4000 0.052 0.03969 3.0879 2.4699 0.48384 0.13413 
10 5000 2 2.1e-05 5000 0 0 2.6066 2.4701 1.2537e-05 0.13644 
10 6000 2 2.1e-05 500 1 0 1076.1 2.9517 1073 0.17164 
10 6000 2 2.1e-05 550 1 0 1076.9 2.9531 1073.8 0.17081 
10 6000 2 2.1e-05 600 1 0 1076.8 2.9535 1073.7 0.17096 
10 6000 2 2.1e-05 650 1 0 1076.5 2.955 1073.4 0.17003 
10 6000 2 2.1e-05 700 1 0 1075 2.9582 1071.9 0.17031 
10 6000 2 2.1e-05 750 1 0 1075.7 2.9569 1072.5 0.1712 
10 6000 2 2.1e-05 800 1 0 1076 2.9596 1072.9 0.17027 
10 6000 2 2.1e-05 850 1 0 1076.1 2.9528 1072.9 0.17038 
10 6000 2 2.1e-05 900 1 0 1076.2 2.9541 1073.1 0.17017 
10 6000 2 2.1e-05 950 1 0 1075.1 2.9546 1072 0.17158 
10 6000 2 2.1e-05 1000 1 0 1074.2 2.9567 1071.1 0.17251 
10 6000 2 2.1e-05 1100 1 0 1075.7 2.9537 1072.6 0.17063 
10 6000 2 2.1e-05 1200 1 0 1074.1 2.9582 1071 0.17075 
10 6000 2 2.1e-05 1300 0.988 0.0027102 1041.7 2.9558 1038.5 0.17037 
10 6000 2 2.1e-05 1400 0.942 0.041261 824.56 2.9526 821.44 0.16802 
10 6000 2 2.1e-05 1500 0.914 0.058371 315.54 2.9505 312.42 0.162 
10 6000 2 2.1e-05 1600 0.914 0.058371 119.01 2.941 115.9 0.15999 
10 6000 2 2.1e-05 1700 0.896 0.068555 66.238 2.9423 63.136 0.15913 
10 6000 2 2.1e-05 1800 0.88 0.071837 45.568 2.9381 42.469 0.16125 
10 6000 2 2.1e-05 1900 0.874 0.072984 36.733 2.9397 33.636 0.15762 
10 6000 2 2.1e-05 2000 0.854 0.076412 31.695 2.9354 28.602 0.15818 
10 6000 2 2.1e-05 2250 0.788 0.10802 21.838 2.9373 18.743 0.15764 
10 6000 2 2.1e-05 2500 0.742 0.12861 19.277 2.9434 16.174 0.15952 
10 6000 2 2.1e-05 2750 0.702 0.14591 16.252 2.934 13.16 0.15787 
10 6000 2 2.1e-05 3000 0.632 0.16998 12.512 2.9332 9.4207 0.15824 
10 6000 2 2.1e-05 4000 0.236 0.11664 6.4218 2.9332 3.3307 0.15783 
10 6000 2 2.1e-05 5000 0.036 0.021943 3.3729 2.9453 0.26904 0.15851 
10 6000 2 2.1e-05 6000 0 0 3.1022 2.9439 1.217e-05 0.15822 
10 7000 2 2.1e-05 500 1 0 1060.2 3.4438 1056.5 0.27124 
10 7000 2 2.1e-05 550 1 0 1061.1 3.4457 1057.4 0.27117 
10 7000 2 2.1e-05 600 1 0 1060.3 3.4441 1056.6 0.26826 
10 7000 2 2.1e-05 650 1 0 1061.1 3.4462 1057.4 0.27229 
10 7000 2 2.1e-05 700 1 0 1060.9 3.442 1057.2 0.26914 
10 7000 2 2.1e-05 750 1 0 1060.4 3.4491 1056.7 0.27138 
10 7000 2 2.1e-05 800 1 0 1060.4 3.4458 1056.7 0.27094 
10 7000 2 2.1e-05 850 1 0 1060.4 3.4481 1056.7 0.26891 
10 7000 2 2.1e-05 900 1 0 1060.6 3.4495 1056.9 0.27075 
10 7000 2 2.1e-05 950 1 0 1061.2 3.4461 1057.5 0.2695 
10 7000 2 2.1e-05 1000 1 0 1060.3 3.446 1056.6 0.27084 
10 7000 2 2.1e-05 1100 1 0 1061.2 3.4444 1057.5 0.27063 
10 7000 2 2.1e-05 1200 1 0 1059.7 3.442 1056 0.26873 
10 7000 2 2.1e-05 1300 1 0 1060.8 3.4451 1057.1 0.27068 
10 7000 2 2.1e-05 1400 1 0 1059.8 3.4432 1056.1 0.26738 
10 7000 2 2.1e-05 1500 1 0 1039.8 3.4446 1036.1 0.27091 
10 7000 2 2.1e-05 1600 0.97 0.011939 911.69 3.4488 907.98 0.26065 
10 7000 2 2.1e-05 1700 0.942 0.032282 521.07 3.4431 517.39 0.23401 
10 7000 2 2.1e-05 1800 0.914 0.058371 192.37 3.4384 188.72 0.20351 
10 7000 2 2.1e-05 1900 0.91 0.058469 96.335 3.4388 92.701 0.19569 
10 7000 2 2.1e-05 2000 0.894 0.071596 61.625 3.4364 57.997 0.19108 
10 7000 2 2.1e-05 2250 0.866 0.072494 35.458 3.4342 31.839 0.18491 
10 7000 2 2.1e-05 2500 0.822 0.088282 24.834 3.4431 21.2 0.19021 
10 7000 2 2.1e-05 2750 0.762 0.12036 20.534 3.4331 16.917 0.18429 
10 7000 2 2.1e-05 3000 0.722 0.13604 18.231 3.432 14.614 0.18447 
10 7000 2 2.1e-05 4000 0.456 0.17802 9.3317 3.4375 5.7083 0.18581 
10 7000 2 2.1e-05 5000 0.176 0.11451 5.9727 3.4542 2.3278 0.19061 
10 7000 2 2.1e-05 6000 0.022 0.0082816 3.7697 3.4334 0.1517 0.18462 
10 7000 2 2.1e-05 7000 0 0 3.616 3.4313 1.4113e-05 0.18461 
10 8000 2 2.1e-05 500 1 0 1070 3.9417 1065.8 0.31292 
10 8000 2 2.1e-05 550 1 0 1070.2 3.9446 1066 0.3116 
10 8000 2 2.1e-05 600 1 0 1070.2 3.9409 1065.9 0.30814 
10 8000 2 2.1e-05 650 1 0 1068.7 3.9408 1064.5 0.3108 
10 8000 2 2.1e-05 700 1 0 1069.4 3.9436 1065.1 0.31108 
10 8000 2 2.1e-05 750 1 0 1069.3 3.9431 1065.1 0.31123 
10 8000 2 2.1e-05 800 1 0 1069.2 3.9439 1065 0.30791 
10 8000 2 2.1e-05 850 1 0 1067.9 3.9432 1063.6 0.31293 
10 8000 2 2.1e-05 900 1 0 1069.5 3.9444 1065.2 0.31063 
10 8000 2 2.1e-05 950 1 0 1069.4 3.9453 1065.2 0.31085 
10 8000 2 2.1e-05 1000 1 0 1069.3 3.9437 1065.1 0.30742 
10 8000 2 2.1e-05 1100 1 0 1069.1 3.9464 1064.8 0.3119 
10 8000 2 2.1e-05 1200 1 0 1069.6 3.9424 1065.4 0.31112 
10 8000 2 2.1e-05 1300 1 0 1068.6 3.9436 1064.3 0.3118 
10 8000 2 2.1e-05 1400 1 0 1069.4 3.9402 1065.2 0.30795 
10 8000 2 2.1e-05 1500 1 0 1068.8 3.9407 1064.6 0.31148 
10 8000 2 2.1e-05 1600 1 0 1067.2 3.9412 1062.9 0.31075 
10 8000 2 2.1e-05 1700 0.996 0.00039184 1050.6 3.9413 1046.3 0.30792 
10 8000 2 2.1e-05 1800 0.958 0.026976 971.35 3.9385 967.11 0.30186 
10 8000 2 2.1e-05 1900 0.95 0.029898 711.61 3.9378 707.39 0.28309 
10 8000 2 2.1e-05 2000 0.924 0.0488 311.91 3.9326 307.73 0.24669 
10 8000 2 2.1e-05 2250 0.9 0.063673 70.621 3.932 66.471 0.21797 
10 8000 2 2.1e-05 2500 0.874 0.072984 39.371 3.9263 35.234 0.21097 
10 8000 2 2.1e-05 2750 0.832 0.085894 28.712 3.9382 24.557 0.21605 
10 8000 2 2.1e-05 3000 0.794 0.10466 22.737 3.9348 18.594 0.20895 
10 8000 2 2.1e-05 4000 0.63 0.16949 13.657 3.9442 9.4952 0.21785 
10 8000 2 2.1e-05 5000 0.318 0.15293 8.4449 3.9368 4.2987 0.20929 
10 8000 2 2.1e-05 6000 0.136 0.097453 5.7545 3.9364 1.6077 0.2102 
10 8000 2 2.1e-05 7000 0.016 0.0042286 4.2617 3.9354 0.11683 0.20935 
10 8000 2 2.1e-05 8000 0 0 4.1451 3.9354 1.4614e-05 0.20966 
10 9000 2 2.1e-05 500 1 0 1067.9 4.4224 1063.2 0.3444 
10 9000 2 2.1e-05 550 1 0 1068.5 4.4231 1063.8 0.34474 
10 9000 2 2.1e-05 600 1 0 1068.7 4.4255 1063.9 0.34163 
10 9000 2 2.1e-05 650 1 0 1068.1 4.4196 1063.3 0.34843 
10 9000 2 2.1e-05 700 1 0 1067.8 4.4228 1063 0.34569 
10 9000 2 2.1e-05 750 1 0 1068.4 4.426 1063.6 0.34092 
10 9000 2 2.1e-05 800 1 0 1068.3 4.4274 1063.5 0.34443 
10 9000 2 2.1e-05 850 1 0 1068.8 4.4224 1064.1 0.34072 
10 9000 2 2.1e-05 900 1 0 1068 4.4238 1063.2 0.34772 
10 9000 2 2.1e-05 950 1 0 1067.9 4.4251 1063.2 0.34589 
10 9000 2 2.1e-05 1000 1 0 1068.6 4.4209 1063.9 0.34313 
10 9000 2 2.1e-05 1100 1 0 1068.1 4.4272 1063.3 0.34654 
10 9000 2 2.1e-05 1200 1 0 1068.9 4.4251 1064.1 0.34458 
10 9000 2 2.1e-05 1300 1 0 1068.2 4.4256 1063.5 0.34205 
10 9000 2 2.1e-05 1400 1 0 1068.6 4.4259 1063.9 0.34555 
10 9000 2 2.1e-05 1500 1 0 1069 4.4224 1064.2 0.3428 
10 9000 2 2.1e-05 1600 1 0 1068 4.4227 1063.2 0.34767 
10 9000 2 2.1e-05 1700 1 0 1067.9 4.4252 1063.2 0.34571 
10 9000 2 2.1e-05 1800 1 0 1066.9 4.4211 1062.2 0.34195 
10 9000 2 2.1e-05 1900 1 0 1056 4.4276 1051.2 0.34471 
10 9000 2 2.1e-05 2000 0.97 0.016429 1006.4 4.4245 1001.6 0.33804 
10 9000 2 2.1e-05 2250 0.916 0.055657 307.35 4.4167 302.66 0.27342 
10 9000 2 2.1e-05 2500 0.91 0.058469 76.663 4.4116 72.009 0.24295 
10 9000 2 2.1e-05 2750 0.884 0.071576 43.293 4.416 38.635 0.24174 
10 9000 2 2.1e-05 3000 0.84 0.082041 32.647 4.4083 28.005 0.23367 
10 9000 2 2.1e-05 4000 0.71 0.145 18.895 4.4164 14.246 0.23299 
10 9000 2 2.1e-05 5000 0.48 0.18122 11.062 4.4084 6.4141 0.23962 
10 9000 2 2.1e-05 6000 0.242 0.11922 8.1466 4.4062 3.5077 0.23256 
10 9000 2 2.1e-05 7000 0.092 0.057486 5.6226 4.4063 0.98314 0.23314 
10 9000 2 2.1e-05 8000 0.014 0.0040857 4.7401 4.4057 0.1004 0.23386 
10 9000 2 2.1e-05 9000 0 0 4.6399 4.4063 1.5628e-05 0.23354 
10 10000 2 2.1e-05 500 1 0 1070.8 4.9195 1065.5 0.383 
10 10000 2 2.1e-05 550 1 0 1071.8 4.9183 1066.5 0.3804 
10 10000 2 2.1e-05 600 1 0 1071.8 4.9229 1066.5 0.37738 
10 10000 2 2.1e-05 650 1 0 1071.8 4.9179 1066.5 0.3808 
10 10000 2 2.1e-05 700 1 0 1071.5 4.917 1066.2 0.38057 
10 10000 2 2.1e-05 750 1 0 1071.8 4.9156 1066.5 0.38104 
10 10000 2 2.1e-05 800 1 0 1070.8 4.9169 1065.5 0.38361 
10 10000 2 2.1e-05 850 1 0 1071.7 4.916 1066.4 0.38091 
10 10000 2 2.1e-05 900 1 0 1071.6 4.9159 1066.3 0.37612 
10 10000 2 2.1e-05 950 1 0 1071.6 4.9146 1066.3 0.3806 
10 10000 2 2.1e-05 1000 1 0 1072.1 4.9197 1066.8 0.38049 
10 10000 2 2.1e-05 1100 1 0 1072.1 4.9159 1066.8 0.37971 
10 10000 2 2.1e-05 1200 1 0 1072.2 4.9192 1066.9 0.38114 
10 10000 2 2.1e-05 1300 1 0 1070.9 4.9189 1065.6 0.37639 
10 10000 2 2.1e-05 1400 1 0 1071.7 4.9166 1066.4 0.38238 
10 10000 2 2.1e-05 1500 1 0 1071.6 4.9181 1066.3 0.38149 
10 10000 2 2.1e-05 1600 1 0 1072.2 4.9194 1066.9 0.38082 
10 10000 2 2.1e-05 1700 1 0 1072.2 4.9187 1066.9 0.37941 
10 10000 2 2.1e-05 1800 1 0 1072.2 4.9166 1066.9 0.38051 
10 10000 2 2.1e-05 1900 1 0 1071.9 4.9167 1066.6 0.37629 
10 10000 2 2.1e-05 2000 1 0 1067.9 4.9203 1062.5 0.38092 
10 10000 2 2.1e-05 2250 0.962 0.024853 985.36 4.9242 980.06 0.37456 
10 10000 2 2.1e-05 2500 0.914 0.058371 304.6 4.9091 299.39 0.29998 
10 10000 2 2.1e-05 2750 0.912 0.058629 84.947 4.9046 79.776 0.26666 
10 10000 2 2.1e-05 3000 0.886 0.071433 46.915 4.9064 41.743 0.26557 
10 10000 2 2.1e-05 4000 0.754 0.12458 21.838 4.9079 16.672 0.25718 
10 10000 2 2.1e-05 5000 0.632 0.16998 14.88 4.9054 9.707 0.26717 
10 10000 2 2.1e-05 6000 0.376 0.16635 10.103 4.902 4.9423 0.25823 
10 10000 2 2.1e-05 7000 0.188 0.11536 7.7767 4.902 2.6179 0.25675 
10 10000 2 2.1e-05 8000 0.056 0.040882 5.6715 4.9021 0.51113 0.2581 
10 10000 2 2.1e-05 9000 0.01 0.0017347 5.2318 4.9023 0.071534 0.25788 
10 10000 2 2.1e-05 10000 0 0 5.1595 4.9016 1.4772e-05 0.25773 
10 12500 2 2.1e-05 500 1 0 1072.6 6.1388 1066 0.48406 
10 12500 2 2.1e-05 550 1 0 1071.7 6.1393 1065.1 0.47808 
10 12500 2 2.1e-05 600 1 0 1072.7 6.1366 1066.1 0.47138 
10 12500 2 2.1e-05 650 1 0 1072.5 6.1391 1065.9 0.47641 
10 12500 2 2.1e-05 700 1 0 1072.8 6.1383 1066.2 0.47775 
10 12500 2 2.1e-05 750 1 0 1072.9 6.1373 1066.3 0.47634 
10 12500 2 2.1e-05 800 1 0 1072.9 6.14 1066.3 0.47632 
10 12500 2 2.1e-05 850 1 0 1074 6.1368 1067.4 0.47533 
10 12500 2 2.1e-05 900 1 0 1073.9 6.1354 1067.3 0.47877 
10 12500 2 2.1e-05 950 1 0 1073.8 6.1355 1067.2 0.47705 
10 12500 2 2.1e-05 1000 1 0 1074 6.1367 1067.4 0.47842 
10 12500 2 2.1e-05 1100 1 0 1074.1 6.1384 1067.5 0.47783 
10 12500 2 2.1e-05 1200 1 0 1074 6.1345 1067.4 0.47694 
10 12500 2 2.1e-05 1300 1 0 1073 6.1388 1066.4 0.47244 
10 12500 2 2.1e-05 1400 1 0 1073.8 6.1372 1067.2 0.4781 
10 12500 2 2.1e-05 1500 1 0 1073.7 6.1359 1067.1 0.47573 
10 12500 2 2.1e-05 1600 1 0 1073.9 6.1401 1067.2 0.47894 
10 12500 2 2.1e-05 1700 1 0 1072.9 6.1383 1066.3 0.47491 
10 12500 2 2.1e-05 1800 1 0 1072.9 6.1366 1066.3 0.47581 
10 12500 2 2.1e-05 1900 1 0 1072.7 6.1334 1066.1 0.47273 
10 12500 2 2.1e-05 2000 1 0 1072.7 6.1382 1066.1 0.47853 
10 12500 2 2.1e-05 2250 1 0 1071.9 6.1385 1065.3 0.47716 
10 12500 2 2.1e-05 2500 1 0 1071.3 6.1409 1064.7 0.47808 
10 12500 2 2.1e-05 2750 0.98 0.0069388 1024.6 6.1383 1018 0.47163 
10 12500 2 2.1e-05 3000 0.936 0.035004 630.43 6.1314 623.88 0.41767 
10 12500 2 2.1e-05 4000 0.872 0.072669 38.933 6.1212 32.484 0.32737 
10 12500 2 2.1e-05 5000 0.752 0.12622 23.156 6.1238 16.704 0.32801 
10 12500 2 2.1e-05 6000 0.664 0.16929 17.597 6.1197 11.159 0.31808 
10 12500 2 2.1e-05 7000 0.476 0.17737 12.67 6.1189 6.2255 0.325 
10 12500 2 2.1e-05 8000 0.29 0.145 10.469 6.1191 4.0318 0.31759 
10 12500 2 2.1e-05 9000 0.162 0.11098 8.8008 6.1459 2.3262 0.32862 
10 12500 2 2.1e-05 10000 0.054 0.039678 6.9663 6.1199 0.52842 0.31793 
10 12500 2 2.1e-05 12500 0 0 6.4357 6.1178 1.7971e-05 0.31776 
10 15000 2 2.1e-05 500 1 0 1074.8 7.4742 1066.8 0.56355 
10 15000 2 2.1e-05 550 1 0 1074.3 7.4793 1066.3 0.56445 
10 15000 2 2.1e-05 600 1 0 1074.5 7.4782 1066.4 0.5631 
10 15000 2 2.1e-05 650 1 0 1074.7 7.4795 1066.6 0.56515 
10 15000 2 2.1e-05 700 1 0 1074 7.4788 1066 0.56262 
10 15000 2 2.1e-05 750 1 0 1073 7.4805 1064.9 0.55916 
10 15000 2 2.1e-05 800 1 0 1073.7 7.4791 1065.7 0.5642 
10 15000 2 2.1e-05 850 1 0 1073.7 7.4755 1065.6 0.5646 
10 15000 2 2.1e-05 900 1 0 1074 7.4825 1065.9 0.56695 
10 15000 2 2.1e-05 950 1 0 1074.1 7.4761 1066.1 0.5682 
10 15000 2 2.1e-05 1000 1 0 1074.1 7.4818 1066.1 0.56563 
10 15000 2 2.1e-05 1100 1 0 1072.9 7.4781 1064.9 0.56026 
10 15000 2 2.1e-05 1200 1 0 1073.5 7.4807 1065.5 0.56388 
10 15000 2 2.1e-05 1300 1 0 1073.7 7.4808 1065.6 0.56413 
10 15000 2 2.1e-05 1400 1 0 1073.9 7.4784 1065.8 0.56447 
10 15000 2 2.1e-05 1500 1 0 1074 7.4802 1065.9 0.56381 
10 15000 2 2.1e-05 1600 1 0 1075.2 7.4758 1067.1 0.56453 
10 15000 2 2.1e-05 1700 1 0 1074.9 7.4805 1066.9 0.55939 
10 15000 2 2.1e-05 1800 1 0 1074.9 7.4785 1066.8 0.5646 
10 15000 2 2.1e-05 1900 1 0 1074.1 7.48 1066 0.56564 
10 15000 2 2.1e-05 2000 1 0 1074.6 7.4787 1066.5 0.56291 
10 15000 2 2.1e-05 2250 1 0 1074.5 7.4794 1066.5 0.56457 
10 15000 2 2.1e-05 2500 1 0 1074.6 7.4747 1066.6 0.55869 
10 15000 2 2.1e-05 2750 1 0 1074.1 7.4802 1066 0.56455 
10 15000 2 2.1e-05 3000 1 0 1072.2 7.4793 1064.2 0.5661 
10 15000 2 2.1e-05 4000 0.914 0.058371 119.95 7.4649 112.09 0.40295 
10 15000 2 2.1e-05 5000 0.84 0.083265 36.038 7.4656 28.181 0.39107 
10 15000 2 2.1e-05 6000 0.758 0.12371 24.398 7.4598 16.559 0.37894 
10 15000 2 2.1e-05 7000 0.684 0.1528 20.558 7.4674 12.699 0.39118 
10 15000 2 2.1e-05 8000 0.544 0.18047 15.16 7.4575 7.3225 0.3796 
10 15000 2 2.1e-05 9000 0.376 0.16839 12.794 7.4568 4.9581 0.37912 
10 15000 2 2.1e-05 10000 0.234 0.11862 11.317 7.477 3.4489 0.39102 
10 15000 2 2.1e-05 12500 0.036 0.021943 8.1326 7.4588 0.29195 0.38171 
10 15000 2 2.1e-05 15000 0 0 7.8362 7.4569 1.7201e-05 0.37923 
10 17500 2 2.1e-05 500 1 0 1060.4 8.723 1051 0.72855 
10 17500 2 2.1e-05 550 1 0 1060.3 8.7227 1050.8 0.7293 
10 17500 2 2.1e-05 600 1 0 1059.3 8.7255 1049.9 0.73139 
10 17500 2 2.1e-05 650 1 0 1060.2 8.723 1050.7 0.73142 
10 17500 2 2.1e-05 700 1 0 1060.2 8.723 1050.7 0.72901 
10 17500 2 2.1e-05 750 1 0 1060.1 8.7232 1050.6 0.73099 
10 17500 2 2.1e-05 800 1 0 1060.3 8.7235 1050.9 0.73163 
10 17500 2 2.1e-05 850 1 0 1059.8 8.7227 1050.3 0.72231 
10 17500 2 2.1e-05 900 1 0 1059.7 8.7232 1050.3 0.7302 
10 17500 2 2.1e-05 950 1 0 1059.9 8.7238 1050.4 0.72992 
10 17500 2 2.1e-05 1000 1 0 1060.2 8.7271 1050.7 0.73069 
10 17500 2 2.1e-05 1100 1 0 1061.2 8.7241 1051.8 0.73113 
10 17500 2 2.1e-05 1200 1 0 1061.3 8.7242 1051.8 0.72747 
10 17500 2 2.1e-05 1300 1 0 1061.3 8.7236 1051.8 0.72859 
10 17500 2 2.1e-05 1400 1 0 1061.1 8.7235 1051.7 0.73045 
10 17500 2 2.1e-05 1500 1 0 1061.4 8.7233 1051.9 0.73086 
10 17500 2 2.1e-05 1600 1 0 1060.3 8.7257 1050.9 0.72049 
10 17500 2 2.1e-05 1700 1 0 1060.9 8.7237 1051.4 0.73146 
10 17500 2 2.1e-05 1800 1 0 1060.9 8.7236 1051.4 0.72854 
10 17500 2 2.1e-05 1900 1 0 1060.8 8.7221 1051.3 0.72912 
10 17500 2 2.1e-05 2000 1 0 1060.8 8.7239 1051.3 0.73065 
10 17500 2 2.1e-05 2250 1 0 1060.8 8.7241 1051.4 0.72972 
10 17500 2 2.1e-05 2500 1 0 1060.6 8.7231 1051.2 0.72986 
10 17500 2 2.1e-05 2750 1 0 1059.6 8.7262 1050.1 0.7304 
10 17500 2 2.1e-05 3000 1 0 1060.5 8.7233 1051.1 0.73034 
10 17500 2 2.1e-05 4000 0.956 0.028637 924.77 8.7207 915.35 0.6946 
10 17500 2 2.1e-05 5000 0.904 0.060392 65.777 8.7126 56.578 0.48574 
10 17500 2 2.1e-05 6000 0.838 0.085261 33.54 8.7104 24.379 0.45056 
10 17500 2 2.1e-05 7000 0.756 0.12619 25.716 8.7104 16.538 0.46739 
10 17500 2 2.1e-05 8000 0.7 0.14571 22.298 8.7111 13.138 0.44923 
10 17500 2 2.1e-05 9000 0.606 0.17282 17.622 8.7083 8.4639 0.44951 
10 17500 2 2.1e-05 10000 0.444 0.18007 14.988 8.7103 5.8102 0.46706 
10 17500 2 2.1e-05 12500 0.172 0.11104 11.559 8.709 2.4002 0.44963 
10 17500 2 2.1e-05 15000 0.02 0.0065306 9.3138 8.7083 0.15685 0.44854 
10 17500 2 2.1e-05 17500 0 0 9.1595 8.7102 1.6405e-05 0.44917 
10 20000 2 2.1e-05 500 1 0 1044.3 9.8047 1033.7 0.81653 
10 20000 2 2.1e-05 550 1 0 1044.4 9.8019 1033.8 0.7946 
10 20000 2 2.1e-05 600 1 0 1044.5 9.8039 1033.9 0.80701 
10 20000 2 2.1e-05 650 1 0 1044.5 9.8024 1033.9 0.79704 
10 20000 2 2.1e-05 700 1 0 1044.1 9.8031 1033.5 0.80409 
10 20000 2 2.1e-05 750 1 0 1043.8 9.8033 1033.2 0.79382 
10 20000 2 2.1e-05 800 1 0 1044.5 9.8039 1033.9 0.80509 
10 20000 2 2.1e-05 850 1 0 1044.5 9.8026 1033.9 0.80428 
10 20000 2 2.1e-05 900 1 0 1044.5 9.8018 1033.9 0.79705 
10 20000 2 2.1e-05 950 1 0 1044.2 9.8026 1033.6 0.80374 
10 20000 2 2.1e-05 1000 1 0 1044.8 9.802 1034.2 0.79788 
10 20000 2 2.1e-05 1100 1 0 1044.9 9.8029 1034.2 0.80698 
10 20000 2 2.1e-05 1200 1 0 1043.9 9.8045 1033.3 0.80503 
10 20000 2 2.1e-05 1300 1 0 1044.7 9.8025 1034.1 0.79682 
10 20000 2 2.1e-05 1400 1 0 1044.8 9.8031 1034.2 0.80554 
10 20000 2 2.1e-05 1500 1 0 1044.7 9.803 1034.1 0.79744 
10 20000 2 2.1e-05 1600 1 0 1044.7 9.8026 1034.1 0.8059 
10 20000 2 2.1e-05 1700 1 0 1044.3 9.8024 1033.7 0.79722 
10 20000 2 2.1e-05 1800 1 0 1044.2 9.803 1033.6 0.80593 
10 20000 2 2.1e-05 1900 1 0 1043.3 9.8055 1032.7 0.80578 
10 20000 2 2.1e-05 2000 1 0 1044.3 9.8046 1033.7 0.7962 
10 20000 2 2.1e-05 2250 1 0 1043.6 9.802 1033 0.80326 
10 20000 2 2.1e-05 2500 1 0 1043.6 9.8017 1033 0.79799 
10 20000 2 2.1e-05 2750 1 0 1043.6 9.8024 1033 0.80434 
10 20000 2 2.1e-05 3000 1 0 1043.6 9.8014 1033 0.79343 
10 20000 2 2.1e-05 4000 1 0 1041.3 9.8054 1030.7 0.80567 
10 20000 2 2.1e-05 5000 0.914 0.058371 298.38 9.7924 287.98 0.60588 
10 20000 2 2.1e-05 6000 0.886 0.071433 50.629 9.7892 40.314 0.52574 
10 20000 2 2.1e-05 7000 0.828 0.086139 32.901 9.7899 22.582 0.52955 
10 20000 2 2.1e-05 8000 0.756 0.12619 26.604 9.7881 16.31 0.50577 
10 20000 2 2.1e-05 9000 0.706 0.14425 23.873 9.7891 13.551 0.53269 
10 20000 2 2.1e-05 10000 0.636 0.1697 19.596 9.7883 9.3028 0.5049 
10 20000 2 2.1e-05 12500 0.326 0.15543 14.665 9.7876 4.3705 0.50641 
10 20000 2 2.1e-05 15000 0.134 0.094127 11.875 9.7861 1.5833 0.50597 
10 20000 2 2.1e-05 17500 0.016 0.0042286 10.451 9.7912 0.11795 0.5414 
10 20000 2 2.1e-05 20000 0 0 10.294 9.787 1.643e-05 0.50711 
10 22500 2 2.1e-05 500 1 0 1062.2 12.694 1048.6 0.93091 
10 22500 2 2.1e-05 550 1 0 1062.2 12.691 1048.6 0.91637 
10 22500 2 2.1e-05 600 1 0 1062.1 12.687 1048.5 0.91728 
10 22500 2 2.1e-05 650 1 0 1061.4 12.689 1047.8 0.91923 
10 22500 2 2.1e-05 700 1 0 1061.6 12.688 1048 0.9064 
10 22500 2 2.1e-05 750 1 0 1061.5 12.689 1047.9 0.91997 
10 22500 2 2.1e-05 800 1 0 1061.5 12.69 1047.9 0.91801 
10 22500 2 2.1e-05 850 1 0 1060.5 12.688 1046.9 0.91791 
10 22500 2 2.1e-05 900 1 0 1061.4 12.692 1047.8 0.91533 
10 22500 2 2.1e-05 950 1 0 1061.5 12.692 1047.9 0.91543 
10 22500 2 2.1e-05 1000 1 0 1061.5 12.693 1047.9 0.92231 
10 22500 2 2.1e-05 1100 1 0 1061.6 12.689 1048 0.92164 
10 22500 2 2.1e-05 1200 1 0 1061.5 12.689 1048 0.90591 
10 22500 2 2.1e-05 1300 1 0 1060.8 12.691 1047.2 0.91861 
10 22500 2 2.1e-05 1400 1 0 1061.6 12.691 1048 0.9167 
10 22500 2 2.1e-05 1500 1 0 1061.6 12.691 1048 0.91746 
10 22500 2 2.1e-05 1600 1 0 1061.8 12.694 1048.2 0.91649 
10 22500 2 2.1e-05 1700 1 0 1061.9 12.689 1048.3 0.91769 
10 22500 2 2.1e-05 1800 1 0 1062 12.693 1048.3 0.92018 
10 22500 2 2.1e-05 1900 1 0 1061.8 12.688 1048.2 0.90623 
10 22500 2 2.1e-05 2000 1 0 1061.8 12.687 1048.2 0.9169 
10 22500 2 2.1e-05 2250 1 0 1060.5 12.686 1046.9 0.92181 
10 22500 2 2.1e-05 2500 1 0 1061.7 12.689 1048.1 0.91976 
10 22500 2 2.1e-05 2750 1 0 1061.7 12.689 1048.1 0.91685 
10 22500 2 2.1e-05 3000 1 0 1061.7 12.688 1048.1 0.91736 
10 22500 2 2.1e-05 4000 1 0 1061.6 12.689 1048 0.91889 
10 22500 2 2.1e-05 5000 0.976 0.0096163 1001.3 12.687 987.72 0.90658 
10 22500 2 2.1e-05 6000 0.914 0.058371 122.61 12.679 109.31 0.62461 
10 22500 2 2.1e-05 7000 0.874 0.072984 48.511 12.677 35.24 0.5942 
10 22500 2 2.1e-05 8000 0.824 0.087984 34.92 12.676 21.671 0.57231 
10 22500 2 2.1e-05 9000 0.758 0.12371 29.863 12.684 16.586 0.59219 
10 22500 2 2.1e-05 10000 0.714 0.14164 27.525 12.682 14.274 0.56939 
10 22500 2 2.1e-05 12500 0.486 0.18123 19.574 12.68 6.3018 0.59196 
10 22500 2 2.1e-05 15000 0.238 0.11832 16.737 12.676 3.4921 0.56905 
10 22500 2 2.1e-05 17500 0.086 0.054698 14.18 12.671 0.92733 0.58152 
10 22500 2 2.1e-05 20000 0.016 0.0042286 13.394 12.678 0.12257 0.59355 
10 22500 2 2.1e-05 22500 0 0 13.272 12.68 1.5248e-05 0.59213 
10 25000 2 2.1e-05 500 1 0 1063.5 12.241 1050.2 1.0753 
10 25000 2 2.1e-05 550 1 0 1062.4 12.242 1049.1 1.0675 
10 25000 2 2.1e-05 600 1 0 1063.4 12.239 1050.1 1.0457 
10 25000 2 2.1e-05 650 1 0 1063.2 12.242 1049.9 1.062 
10 25000 2 2.1e-05 700 1 0 1063.5 12.241 1050.2 1.0662 
10 25000 2 2.1e-05 750 1 0 1063.7 12.267 1050.4 1.063 
10 25000 2 2.1e-05 800 1 0 1064.4 12.289 1051 1.0683 
10 25000 2 2.1e-05 850 1 0 1063.2 12.373 1049.8 1.0729 
10 25000 2 2.1e-05 900 1 0 1064.6 12.467 1051.1 1.0793 
10 25000 2 2.1e-05 950 1 0 1066.4 12.55 1052.8 1.0832 
10 25000 2 2.1e-05 1000 1 0 1068 12.505 1054.4 1.0793 
10 25000 2 2.1e-05 1100 1 0 1064.2 12.471 1050.6 1.0816 
10 25000 2 2.1e-05 1200 1 0 1068 12.471 1054.4 1.0714 
10 25000 2 2.1e-05 1300 1 0 1065.3 12.54 1051.7 1.0876 
10 25000 2 2.1e-05 1400 1 0 1068.8 12.479 1055.3 1.075 
10 25000 2 2.1e-05 1500 1 0 1063 12.489 1049.4 1.088 
10 25000 2 2.1e-05 1600 1 0 1069 12.447 1055.5 1.0743 
10 25000 2 2.1e-05 1700 1 0 1063.4 12.239 1050.1 1.0537 
10 25000 2 2.1e-05 1800 1 0 1063.2 12.24 1049.9 1.0634 
10 25000 2 2.1e-05 1900 1 0 1063.3 12.239 1050 1.066 
10 25000 2 2.1e-05 2000 1 0 1062.4 12.242 1049.1 1.0627 
10 25000 2 2.1e-05 2250 1 0 1063.6 12.239 1050.3 1.0642 
10 25000 2 2.1e-05 2500 1 0 1057.9 12.254 1044.5 1.0647 
10 25000 2 2.1e-05 2750 1 0 1049.2 12.244 1035.9 1.0677 
10 25000 2 2.1e-05 3000 1 0 1049.1 12.243 1035.8 1.0503 
10 25000 2 2.1e-05 4000 1 0 1049.1 12.245 1035.8 1.0613 
10 25000 2 2.1e-05 5000 1 0 1047.1 12.243 1033.8 1.0519 
10 25000 2 2.1e-05 6000 0.926 0.047678 625.84 12.235 612.68 0.91871 
10 25000 2 2.1e-05 7000 0.912 0.058629 79.847 12.221 66.931 0.69407 
10 25000 2 2.1e-05 8000 0.872 0.072669 45.392 12.217 32.531 0.64302 
10 25000 2 2.1e-05 9000 0.82 0.089388 33.634 12.218 20.746 0.66801 
10 25000 2 2.1e-05 10000 0.756 0.12374 29.407 12.217 16.553 0.63623 
10 25000 2 2.1e-05 12500 0.636 0.1697 22.37 12.219 9.4844 0.66624 
10 25000 2 2.1e-05 15000 0.38 0.17143 17.807 12.214 4.9447 0.64765 
10 25000 2 2.1e-05 17500 0.19 0.1152 15.494 12.216 2.6402 0.63751 
10 25000 2 2.1e-05 20000 0.056 0.040065 13.341 12.218 0.45515 0.66647 
10 25000 2 2.1e-05 22500 0.01 0.0017347 12.927 12.217 0.071594 0.63764 
10 25000 2 2.1e-05 25000 0 0 12.929 12.224 1.5947e-05 0.70435 
10 30000 2 2.1e-05 500 1 0 1051.2 14.702 1035.2 1.268 
10 30000 2 2.1e-05 550 1 0 1051.4 14.705 1035.4 1.2716 
10 30000 2 2.1e-05 600 1 0 1051.4 14.702 1035.5 1.2684 
10 30000 2 2.1e-05 650 1 0 1051.5 14.703 1035.5 1.2529 
10 30000 2 2.1e-05 700 1 0 1051.5 14.705 1035.5 1.2683 
10 30000 2 2.1e-05 750 1 0 1050.5 14.708 1034.5 1.2689 
10 30000 2 2.1e-05 800 1 0 1051.6 14.707 1035.6 1.269 
10 30000 2 2.1e-05 850 1 0 1052.1 14.704 1036.2 1.2503 
10 30000 2 2.1e-05 900 1 0 1051.9 14.703 1035.9 1.2684 
10 30000 2 2.1e-05 950 1 0 1052 14.702 1036 1.266 
10 30000 2 2.1e-05 1000 1 0 1052 14.702 1036.1 1.2505 
10 30000 2 2.1e-05 1100 1 0 1052.2 14.702 1036.2 1.2693 
10 30000 2 2.1e-05 1200 1 0 1051.1 14.706 1035.1 1.2678 
10 30000 2 2.1e-05 1300 1 0 1051.9 14.706 1035.9 1.2716 
10 30000 2 2.1e-05 1400 1 0 1052.1 14.702 1036.1 1.2526 
10 30000 2 2.1e-05 1500 1 0 1052 14.703 1036 1.2701 
10 30000 2 2.1e-05 1600 1 0 1052.1 14.703 1036.2 1.268 
10 30000 2 2.1e-05 1700 1 0 1052.2 14.702 1036.2 1.2532 
10 30000 2 2.1e-05 1800 1 0 1051.1 14.707 1035.1 1.2712 
10 30000 2 2.1e-05 1900 1 0 1052.6 14.705 1036.6 1.2675 
10 30000 2 2.1e-05 2000 1 0 1052.6 14.704 1036.6 1.2523 
10 30000 2 2.1e-05 2250 1 0 1052.6 14.703 1036.6 1.2701 
10 30000 2 2.1e-05 2500 1 0 1052.4 14.704 1036.4 1.2721 
10 30000 2 2.1e-05 2750 1 0 1052.4 14.704 1036.5 1.2688 
10 30000 2 2.1e-05 3000 1 0 1052.4 14.704 1036.5 1.252 
10 30000 2 2.1e-05 4000 1 0 1052.3 14.703 1036.4 1.2716 
10 30000 2 2.1e-05 5000 1 0 1052.4 14.703 1036.4 1.2706 
10 30000 2 2.1e-05 6000 1 0 1050.1 14.706 1034.1 1.2545 
10 30000 2 2.1e-05 7000 0.956 0.028637 836 14.701 820.1 1.1965 
10 30000 2 2.1e-05 8000 0.914 0.058371 122.98 14.687 107.46 0.83683 
10 30000 2 2.1e-05 9000 0.88 0.071837 56.393 14.685 40.909 0.79745 
10 30000 2 2.1e-05 10000 0.846 0.079678 43.377 14.689 27.896 0.79094 
10 30000 2 2.1e-05 12500 0.742 0.12861 30.971 14.684 15.52 0.76647 
10 30000 2 2.1e-05 15000 0.634 0.16964 24.865 14.685 9.3954 0.78368 
10 30000 2 2.1e-05 17500 0.418 0.17906 20.87 14.683 5.413 0.77301 
10 30000 2 2.1e-05 20000 0.236 0.11827 18.839 14.681 3.3929 0.76351 
10 30000 2 2.1e-05 22500 0.138 0.094241 17.129 14.686 1.6468 0.79564 
10 30000 2 2.1e-05 25000 0.034 0.020657 15.749 14.686 0.26685 0.7949 
10 30000 2 2.1e-05 27500 0.002 0.0002 15.532 14.688 0.01758 0.8254 
10 30000 2 2.1e-05 30000 0 0 15.488 14.687 1.3356e-05 0.80009 
10 40000 2 2.1e-05 500 1 0 1052.4 19.611 1031.2 1.5886 
10 40000 2 2.1e-05 550 1 0 1051.5 19.613 1030.4 1.5805 
10 40000 2 2.1e-05 600 1 0 1052.5 19.603 1031.3 1.5557 
10 40000 2 2.1e-05 650 1 0 1052.5 19.607 1031.3 1.5752 
10 40000 2 2.1e-05 700 1 0 1052.5 19.604 1031.3 1.5698 
10 40000 2 2.1e-05 750 1 0 1052.4 19.603 1031.2 1.5734 
10 40000 2 2.1e-05 800 1 0 1052.4 19.606 1031.3 1.5693 
10 40000 2 2.1e-05 850 1 0 1052.5 19.605 1031.3 1.5735 
10 40000 2 2.1e-05 900 1 0 1051.7 19.609 1030.6 1.5702 
10 40000 2 2.1e-05 950 1 0 1052.6 19.603 1031.5 1.5524 
10 40000 2 2.1e-05 1000 1 0 1052.6 19.603 1031.4 1.5794 
10 40000 2 2.1e-05 1100 1 0 1052.6 19.604 1031.4 1.5723 
10 40000 2 2.1e-05 1200 1 0 1052.5 19.605 1031.3 1.5759 
10 40000 2 2.1e-05 1300 1 0 1051.9 19.606 1030.7 1.5708 
10 40000 2 2.1e-05 1400 1 0 1052.1 19.607 1030.9 1.5705 
10 40000 2 2.1e-05 1500 1 0 1052.4 19.607 1031.2 1.5512 
10 40000 2 2.1e-05 1600 1 0 1052.4 19.604 1031.3 1.5709 
10 40000 2 2.1e-05 1700 1 0 1052.6 19.606 1031.4 1.5714 
10 40000 2 2.1e-05 1800 1 0 1052.6 19.608 1031.4 1.5693 
10 40000 2 2.1e-05 1900 1 0 1052.3 19.608 1031.1 1.5719 
10 40000 2 2.1e-05 2000 1 0 1052.2 19.608 1031.1 1.5675 
10 40000 2 2.1e-05 2250 1 0 1051.4 19.611 1030.2 1.575 
10 40000 2 2.1e-05 2500 1 0 1052.3 19.603 1031.1 1.5568 
10 40000 2 2.1e-05 2750 1 0 1052.3 19.603 1031.1 1.5697 
10 40000 2 2.1e-05 3000 1 0 1052.4 19.604 1031.2 1.5695 
10 40000 2 2.1e-05 4000 1 0 1052.4 19.604 1031.3 1.57 
10 40000 2 2.1e-05 5000 1 0 1052.3 19.605 1031.1 1.5696 
10 40000 2 2.1e-05 6000 1 0 1052.2 19.604 1031 1.5683 
10 40000 2 2.1e-05 7000 1 0 1051.6 19.621 1030.4 1.5723 
10 40000 2 2.1e-05 8000 1 0 1050.4 19.607 1029.3 1.5529 
10 40000 2 2.1e-05 9000 0.964 0.023984 969.61 19.605 948.46 1.5461 
10 40000 2 2.1e-05 10000 0.914 0.058371 297.94 19.588 277.16 1.1875 
10 40000 2 2.1e-05 12500 0.872 0.072669 54.867 19.586 34.249 1.0307 
10 40000 2 2.1e-05 15000 0.788 0.10802 38.862 19.585 18.247 1.0297 
10 40000 2 2.1e-05 17500 0.718 0.14028 34.793 19.581 14.22 0.9902 
10 40000 2 2.1e-05 20000 0.636 0.1697 29.804 19.585 9.1901 1.0281 
10 40000 2 2.1e-05 22500 0.466 0.17862 26.512 19.585 5.8964 1.0297 
10 40000 2 2.1e-05 25000 0.318 0.15334 24.79 19.581 4.2088 0.9997 
10 40000 2 2.1e-05 27500 0.212 0.1174 23.53 19.588 2.9129 1.0284 
10 40000 2 2.1e-05 30000 0.13 0.08949 22.095 19.589 1.4772 1.0281 
10 40000 2 2.1e-05 40000 0 0 20.663 19.594 1.7298e-05 1.0686 
