10 1 5 2.1e-05 1 0.294 0.10915 33.663 0.0032622 33.659 0.00017694 
10 5 5 2.1e-05 1 0.638 0.084445 151.63 0.0093929 151.62 0.00031196 
10 5 5 2.1e-05 2 0.312 0.072914 13.036 0.0091828 13.026 0.00028776 
10 5 5 2.1e-05 3 0.148 0.065404 2.3436 0.0087136 2.3347 0.00017626 
10 5 5 2.1e-05 4 0.064 0.039494 0.69295 0.0080301 0.68479 0.00011191 
10 5 5 2.1e-05 5 0.016 0.0058612 0.13983 0.0064404 0.13328 9.1999e-05 
10 10 5 2.1e-05 1 0.794 0.076494 275.58 0.016756 275.57 0.00065789 
10 10 5 2.1e-05 2 0.618 0.099057 44.553 0.016719 44.535 0.00069143 
10 10 5 2.1e-05 3 0.424 0.099004 9.5704 0.015765 9.5541 0.00042389 
10 10 5 2.1e-05 4 0.252 0.079282 3.6659 0.015129 3.6504 0.00024969 
10 10 5 2.1e-05 5 0.146 0.057229 1.7546 0.014541 1.7398 0.00020902 
10 10 5 2.1e-05 8 0.016 0.0021878 0.12096 0.013796 0.10697 0.00014837 
10 10 5 2.1e-05 10 0.002 0.0002 0.025121 0.012076 0.012882 0.00013147 
10 25 5 2.1e-05 1 0.94 0.023673 550.88 0.038526 550.84 0.0014475 
10 25 5 2.1e-05 2 0.832 0.065894 186.33 0.038773 186.29 0.0014688 
10 25 5 2.1e-05 3 0.746 0.09682 53.857 0.038888 53.816 0.0013579 
10 25 5 2.1e-05 4 0.678 0.1144 18.644 0.037592 18.605 0.0011351 
10 25 5 2.1e-05 5 0.578 0.13849 10.104 0.036676 10.067 0.000872 
10 25 5 2.1e-05 8 0.282 0.10232 3.4192 0.03467 3.384 0.00052856 
10 25 5 2.1e-05 10 0.164 0.071739 1.6639 0.033839 1.6296 0.00044709 
10 25 5 2.1e-05 12 0.106 0.05078 1.0268 0.033329 0.99296 0.00043403 
10 25 5 2.1e-05 15 0.026 0.0093102 0.21314 0.030932 0.1818 0.0003671 
10 25 5 2.1e-05 20 0.006 0.00098367 0.069951 0.030332 0.039244 0.00034172 
10 25 5 2.1e-05 25 0 0 0.030493 0.030128 4.138e-06 0.00032896 
10 50 5 2.1e-05 1 0.984 0.0058612 805.54 0.075222 805.46 0.0030891 
10 50 5 2.1e-05 2 0.928 0.0192 448.17 0.074976 448.09 0.0031614 
10 50 5 2.1e-05 3 0.868 0.057322 200.68 0.075111 200.6 0.0029151 
10 50 5 2.1e-05 4 0.82 0.084898 81.22 0.074738 81.142 0.0028301 
10 50 5 2.1e-05 5 0.786 0.098371 34.93 0.074813 34.852 0.0027269 
10 50 5 2.1e-05 8 0.648 0.13602 10.872 0.070485 10.799 0.0017569 
10 50 5 2.1e-05 10 0.552 0.14908 7.7799 0.069155 7.7091 0.0015258 
10 50 5 2.1e-05 12 0.458 0.138 5.8165 0.068258 5.7468 0.0013033 
10 50 5 2.1e-05 15 0.35 0.15112 4.3063 0.06658 4.2385 0.0011195 
10 50 5 2.1e-05 20 0.176 0.083902 2.1819 0.064431 2.1165 0.00085255 
10 50 5 2.1e-05 25 0.1 0.06449 1.2534 0.063505 1.1891 0.00082053 
10 50 5 2.1e-05 30 0.07 0.044592 0.70657 0.062142 0.64366 0.0007285 
10 50 5 2.1e-05 40 0.008 0.0011592 0.11778 0.059739 0.057295 0.00070401 
10 50 5 2.1e-05 50 0 0 0.059916 0.059181 4.98e-06 0.00069211 
10 75 5 2.1e-05 1 0.988 0.0039347 934.53 0.11124 934.41 0.0045519 
10 75 5 2.1e-05 2 0.968 0.010384 663.6 0.1112 663.48 0.0046168 
10 75 5 2.1e-05 3 0.932 0.022629 387.81 0.1111 387.69 0.0044035 
10 75 5 2.1e-05 4 0.898 0.039792 194.97 0.11087 194.86 0.0042737 
10 75 5 2.1e-05 5 0.856 0.065371 92.678 0.11106 92.563 0.0041991 
10 75 5 2.1e-05 8 0.748 0.1103 20.077 0.10758 19.966 0.0033662 
10 75 5 2.1e-05 10 0.692 0.13749 14.085 0.10508 13.977 0.0028133 
10 75 5 2.1e-05 12 0.648 0.15193 11.215 0.10422 11.108 0.0026916 
10 75 5 2.1e-05 15 0.56 0.15388 8.0011 0.10274 7.8959 0.0023524 
10 75 5 2.1e-05 20 0.38 0.14653 4.9776 0.10022 4.8754 0.0018008 
10 75 5 2.1e-05 25 0.246 0.11315 3.0957 0.097442 2.9967 0.0014122 
10 75 5 2.1e-05 30 0.134 0.075759 1.7514 0.095006 1.655 0.001279 
10 75 5 2.1e-05 40 0.064 0.038678 0.66961 0.093011 0.57531 0.0012304 
10 75 5 2.1e-05 50 0.02 0.004898 0.22969 0.090417 0.13809 0.001132 
10 75 5 2.1e-05 60 0.002 0.0002 0.10255 0.088521 0.012872 0.0011133 
10 75 5 2.1e-05 70 0 0 0.089229 0.08808 1.0222e-05 0.0010868 
10 100 5 2.1e-05 1 0.994 0.0018 1004.4 0.14657 1004.3 0.0059564 
10 100 5 2.1e-05 2 0.984 0.0042286 820.04 0.14665 819.89 0.0060709 
10 100 5 2.1e-05 3 0.96 0.011837 571.77 0.14664 571.62 0.005833 
10 100 5 2.1e-05 4 0.918 0.023547 349.47 0.14657 349.31 0.0056727 
10 100 5 2.1e-05 5 0.876 0.048392 192.2 0.14357 192.05 0.0048189 
10 100 5 2.1e-05 8 0.798 0.088771 32.32 0.14221 32.173 0.0042427 
10 100 5 2.1e-05 10 0.758 0.10289 18.193 0.13876 18.051 0.0035539 
10 100 5 2.1e-05 12 0.726 0.124 13.701 0.13674 13.561 0.0031225 
10 100 5 2.1e-05 15 0.642 0.14004 10.551 0.13585 10.412 0.0029371 
10 100 5 2.1e-05 20 0.534 0.16923 7.4882 0.13379 7.3517 0.002544 
10 100 5 2.1e-05 25 0.406 0.14629 5.1597 0.13208 5.0253 0.0021912 
10 100 5 2.1e-05 30 0.29 0.12622 3.3435 0.12958 3.2119 0.0019128 
10 100 5 2.1e-05 40 0.138 0.080363 1.6495 0.12753 1.5202 0.001698 
10 100 5 2.1e-05 50 0.088 0.053322 1.0546 0.12594 0.92693 0.0016679 
10 100 5 2.1e-05 60 0.036 0.025208 0.42637 0.12164 0.30314 0.0015425 
10 100 5 2.1e-05 70 0.02 0.0065306 0.26364 0.12128 0.14077 0.0015387 
10 100 5 2.1e-05 80 0.004 0.00039184 0.14905 0.12011 0.027361 0.0015345 
10 100 5 2.1e-05 90 0 0 0.11932 0.11778 8.044e-06 0.0014897 
10 100 5 2.1e-05 100 0 0 0.11885 0.11731 6.8591e-06 0.0014812 
10 125 5 2.1e-05 1 0.998 0.0002 1034.7 0.18246 1034.6 0.0076133 
10 125 5 2.1e-05 2 0.986 0.0036776 909.03 0.1825 908.84 0.0077799 
10 125 5 2.1e-05 3 0.958 0.015547 713.61 0.1819 713.42 0.0075736 
10 125 5 2.1e-05 4 0.93 0.031939 497.71 0.17612 497.52 0.0073732 
10 125 5 2.1e-05 5 0.912 0.0472 313.94 0.17448 313.76 0.0071925 
10 125 5 2.1e-05 8 0.858 0.07269 63.19 0.17478 63.008 0.0069983 
10 125 5 2.1e-05 10 0.81 0.091939 28.804 0.17383 28.623 0.0067453 
10 125 5 2.1e-05 12 0.778 0.1042 19.572 0.17017 19.395 0.0057401 
10 125 5 2.1e-05 15 0.724 0.13411 14.349 0.1676 14.176 0.0049966 
10 125 5 2.1e-05 20 0.632 0.15773 10.325 0.16662 10.154 0.0045092 
10 125 5 2.1e-05 25 0.53 0.16092 7.4907 0.16455 7.3222 0.0038013 
10 125 5 2.1e-05 30 0.408 0.15177 5.6265 0.16284 5.4602 0.0033221 
10 125 5 2.1e-05 40 0.29 0.13235 3.5786 0.16098 3.415 0.002594 
10 125 5 2.1e-05 50 0.14 0.075102 1.8693 0.16058 1.7064 0.0022879 
10 125 5 2.1e-05 60 0.088 0.066384 1.1251 0.15859 0.96419 0.0022257 
10 125 5 2.1e-05 70 0.056 0.035576 0.62398 0.15669 0.46517 0.0020633 
10 125 5 2.1e-05 80 0.03 0.019286 0.36776 0.15575 0.2099 0.0020558 
10 125 5 2.1e-05 90 0.012 0.002302 0.24428 0.15532 0.086853 0.0020559 
10 125 5 2.1e-05 100 0.002 0.0002 0.16942 0.15437 0.012816 0.0021765 
10 125 5 2.1e-05 125 0 0 0.15459 0.1525 7.6689e-06 0.0020334 
10 150 5 2.1e-05 1 0.998 0.0002 1054.2 0.21547 1054 0.0086312 
10 150 5 2.1e-05 2 0.984 0.0099429 974.56 0.21561 974.33 0.0087793 
10 150 5 2.1e-05 3 0.974 0.017065 827.03 0.21508 826.8 0.0082702 
10 150 5 2.1e-05 4 0.954 0.026208 635.8 0.20507 635.59 0.0042796 
10 150 5 2.1e-05 5 0.934 0.035759 447.21 0.20506 447.01 0.0041134 
10 150 5 2.1e-05 8 0.864 0.065616 106.82 0.20398 106.61 0.0038786 
10 150 5 2.1e-05 10 0.832 0.077731 44.825 0.20499 44.616 0.0038006 
10 150 5 2.1e-05 12 0.792 0.10075 26.42 0.20338 26.213 0.0036752 
10 150 5 2.1e-05 15 0.756 0.1168 18.011 0.20035 17.807 0.0033458 
10 150 5 2.1e-05 20 0.686 0.14 12.33 0.19887 12.128 0.0031967 
10 150 5 2.1e-05 25 0.594 0.16466 9.2662 0.19707 9.066 0.0029814 
10 150 5 2.1e-05 30 0.522 0.16502 7.4671 0.19607 7.2681 0.0028435 
10 150 5 2.1e-05 40 0.362 0.16036 5.024 0.19391 4.8274 0.0026393 
10 150 5 2.1e-05 50 0.256 0.12292 3.4588 0.19275 3.2634 0.0025107 
10 150 5 2.1e-05 60 0.158 0.081669 1.8503 0.1919 1.656 0.0023914 
10 150 5 2.1e-05 70 0.082 0.050894 0.9541 0.19126 0.76038 0.0023883 
10 150 5 2.1e-05 80 0.054 0.031106 0.64399 0.1888 0.45281 0.0023169 
10 150 5 2.1e-05 90 0.028 0.011445 0.4089 0.18854 0.21798 0.002316 
10 150 5 2.1e-05 100 0.016 0.0042286 0.30034 0.18804 0.10992 0.0023174 
10 150 5 2.1e-05 125 0.002 0.0002 0.20271 0.18746 0.012892 0.0022971 
10 150 5 2.1e-05 150 0 0 0.19003 0.18763 9.635e-06 0.0023274 
10 200 5 2.1e-05 1 1 0 1070.7 0.2891 1070.4 0.01184 
10 200 5 2.1e-05 2 1 0 1035.1 0.28841 1034.8 0.011989 
10 200 5 2.1e-05 3 0.998 0.0002 956.15 0.29152 955.85 0.011959 
10 200 5 2.1e-05 4 0.992 0.00075102 835.23 0.27569 834.95 0.0118 
10 200 5 2.1e-05 5 0.978 0.0046082 678.71 0.27108 678.43 0.011696 
10 200 5 2.1e-05 8 0.91 0.042959 247.88 0.27082 247.6 0.011324 
10 200 5 2.1e-05 10 0.894 0.049963 107.74 0.27139 107.45 0.011344 
10 200 5 2.1e-05 12 0.858 0.069424 51.546 0.27101 51.263 0.011162 
10 200 5 2.1e-05 15 0.826 0.08278 27.256 0.26975 26.976 0.010362 
10 200 5 2.1e-05 20 0.77 0.1148 17.587 0.26475 17.313 0.0084768 
10 200 5 2.1e-05 25 0.73 0.1352 14.14 0.263 13.869 0.007757 
10 200 5 2.1e-05 30 0.686 0.15429 11.627 0.26206 11.357 0.0074589 
10 200 5 2.1e-05 40 0.576 0.16186 7.9144 0.25918 7.6488 0.0062266 
10 200 5 2.1e-05 50 0.42 0.15592 5.4332 0.25648 5.1716 0.0049568 
10 200 5 2.1e-05 60 0.31 0.13112 4.067 0.25496 3.8076 0.0043083 
10 200 5 2.1e-05 70 0.224 0.094922 2.9544 0.25323 2.6971 0.0039668 
10 200 5 2.1e-05 80 0.156 0.07231 1.8994 0.25268 1.6429 0.0037135 
10 200 5 2.1e-05 90 0.096 0.053861 1.1596 0.25271 0.90312 0.0036944 
10 200 5 2.1e-05 100 0.074 0.048494 0.88196 0.25133 0.62709 0.0034684 
10 200 5 2.1e-05 125 0.026 0.010535 0.43048 0.25111 0.17585 0.0034468 
10 200 5 2.1e-05 150 0.012 0.0018939 0.33488 0.2507 0.080462 0.0036524 
10 200 5 2.1e-05 200 0 0 0.25413 0.25061 1.4551e-05 0.0034372 
10 250 5 2.1e-05 1 1 0 1073.1 0.35751 1072.7 0.015108 
10 250 5 2.1e-05 2 1 0 1055.8 0.35967 1055.4 0.015312 
10 250 5 2.1e-05 3 1 0 1023.7 0.36 1023.3 0.015333 
10 250 5 2.1e-05 4 0.994 0.00098367 945.42 0.33703 945.07 0.014689 
10 250 5 2.1e-05 5 0.99 0.0013265 844.55 0.33652 844.2 0.014596 
10 250 5 2.1e-05 8 0.952 0.016424 431 0.33651 430.65 0.014215 
10 250 5 2.1e-05 10 0.926 0.031351 221.67 0.3368 221.32 0.014067 
10 250 5 2.1e-05 12 0.9 0.048571 107.12 0.33642 106.77 0.01397 
10 250 5 2.1e-05 15 0.856 0.067004 43.264 0.33669 42.913 0.013921 
10 250 5 2.1e-05 20 0.794 0.10139 22.504 0.33304 22.159 0.012293 
10 250 5 2.1e-05 25 0.764 0.11704 17.582 0.32958 17.242 0.010347 
10 250 5 2.1e-05 30 0.728 0.1343 14.771 0.32752 14.434 0.0095919 
10 250 5 2.1e-05 40 0.664 0.15704 10.44 0.32582 10.105 0.0085275 
10 250 5 2.1e-05 50 0.562 0.16444 7.7329 0.32424 7.4008 0.0077422 
10 250 5 2.1e-05 60 0.446 0.16907 6.0296 0.3222 5.7009 0.0064281 
10 250 5 2.1e-05 70 0.346 0.14662 4.77 0.32074 4.443 0.0061322 
10 250 5 2.1e-05 80 0.28 0.12694 3.9065 0.32133 3.5797 0.0053753 
10 250 5 2.1e-05 90 0.228 0.11512 3.0791 0.32006 2.7541 0.0048756 
10 250 5 2.1e-05 100 0.168 0.080996 2.1171 0.31933 1.7929 0.0048495 
10 250 5 2.1e-05 125 0.072 0.045731 1.0911 0.31888 0.76759 0.0046005 
10 250 5 2.1e-05 150 0.04 0.023673 0.59824 0.31707 0.27681 0.0042986 
10 250 5 2.1e-05 200 0.002 0.0002 0.33475 0.31747 0.012899 0.0043088 
10 250 5 2.1e-05 250 0 0 0.32263 0.31824 1.3941e-05 0.0043105 
10 300 5 2.1e-05 1 1 0 1076.7 0.39179 1076.3 0.008826 
10 300 5 2.1e-05 2 1 0 1071.1 0.38275 1070.8 0.0090249 
10 300 5 2.1e-05 3 1 0 1054.6 0.38266 1054.2 0.0090229 
10 300 5 2.1e-05 4 0.994 0.0018 1018.4 0.38223 1018 0.0089643 
10 300 5 2.1e-05 5 0.984 0.0058612 956.74 0.38279 956.34 0.0089094 
10 300 5 2.1e-05 8 0.95 0.025816 618.35 0.38274 617.96 0.0086157 
10 300 5 2.1e-05 10 0.94 0.030612 374.77 0.38282 374.38 0.0084807 
10 300 5 2.1e-05 12 0.914 0.040004 202.71 0.38305 202.32 0.0083126 
10 300 5 2.1e-05 15 0.87 0.067449 78.413 0.38265 78.022 0.0082425 
10 300 5 2.1e-05 20 0.818 0.090078 29.211 0.38154 28.821 0.0078179 
10 300 5 2.1e-05 25 0.776 0.1039 20.412 0.38008 20.024 0.0072903 
10 300 5 2.1e-05 30 0.75 0.12214 16.929 0.3798 16.542 0.0069942 
10 300 5 2.1e-05 40 0.702 0.14591 13.01 0.379 12.624 0.0067301 
10 300 5 2.1e-05 50 0.642 0.16493 9.8189 0.37891 9.4336 0.0063066 
10 300 5 2.1e-05 60 0.528 0.16165 7.4488 0.37728 7.0655 0.0058343 
10 300 5 2.1e-05 70 0.418 0.16681 5.8716 0.37635 5.4896 0.0054913 
10 300 5 2.1e-05 80 0.374 0.1587 4.9859 0.3761 4.6044 0.0053445 
10 300 5 2.1e-05 90 0.306 0.14384 4.0609 0.37599 3.6797 0.005096 
10 300 5 2.1e-05 100 0.24 0.11673 3.309 0.3756 2.9284 0.004982 
10 300 5 2.1e-05 125 0.132 0.072016 1.7517 0.37498 1.3718 0.0047827 
10 300 5 2.1e-05 150 0.062 0.039547 0.84117 0.37487 0.46144 0.0047804 
10 300 5 2.1e-05 200 0.016 0.0042286 0.48778 0.37325 0.10975 0.0046973 
10 300 5 2.1e-05 250 0.002 0.0002 0.39085 0.37322 0.012883 0.0046743 
10 300 5 2.1e-05 300 0 0 0.37794 0.37316 1.5074e-05 0.0046923 
10 350 5 2.1e-05 1 1 0 1077.3 0.48136 1076.8 0.020516 
10 350 5 2.1e-05 2 1 0 1074.3 0.48057 1073.8 0.020614 
10 350 5 2.1e-05 3 1 0 1066.6 0.46636 1066.1 0.017484 
10 350 5 2.1e-05 4 1 0 1045.5 0.45423 1045.1 0.015161 
10 350 5 2.1e-05 5 1 0 1008.3 0.45394 1007.9 0.015066 
10 350 5 2.1e-05 8 0.97 0.0078571 765.62 0.45463 765.15 0.014927 
10 350 5 2.1e-05 10 0.95 0.023367 535.33 0.45453 534.87 0.014704 
10 350 5 2.1e-05 12 0.934 0.035351 327.33 0.45447 326.86 0.014546 
10 350 5 2.1e-05 15 0.912 0.046792 138.13 0.45377 137.66 0.014427 
10 350 5 2.1e-05 20 0.866 0.066371 42.293 0.45358 41.825 0.014216 
10 350 5 2.1e-05 25 0.822 0.08869 25.105 0.45105 24.641 0.01308 
10 350 5 2.1e-05 30 0.802 0.089588 20.242 0.44917 19.78 0.01209 
10 350 5 2.1e-05 40 0.742 0.12493 15.626 0.44646 15.169 0.010611 
10 350 5 2.1e-05 50 0.692 0.14647 12.154 0.44585 11.698 0.010201 
10 350 5 2.1e-05 60 0.622 0.16338 9.4223 0.44439 8.9683 0.0094942 
10 350 5 2.1e-05 70 0.554 0.1658 7.781 0.44368 7.3282 0.0089671 
10 350 5 2.1e-05 80 0.454 0.16947 6.523 0.44096 6.0741 0.00776 
10 350 5 2.1e-05 90 0.382 0.15987 5.4821 0.4407 5.0339 0.0073839 
10 350 5 2.1e-05 100 0.328 0.14818 4.5946 0.43999 4.1473 0.0071574 
10 350 5 2.1e-05 125 0.2 0.091837 2.7641 0.43841 2.3194 0.0062426 
10 350 5 2.1e-05 150 0.11 0.068673 1.6399 0.43777 1.1961 0.0059821 
10 350 5 2.1e-05 200 0.048 0.031118 0.78756 0.43755 0.34396 0.0059714 
10 350 5 2.1e-05 250 0.016 0.0042286 0.5516 0.43552 0.11031 0.0056913 
10 350 5 2.1e-05 300 0.002 0.0002 0.45436 0.43567 0.012928 0.0056894 
10 400 5 2.1e-05 1 1 0 1076.8 0.52908 1076.2 0.011642 
10 400 5 2.1e-05 2 1 0 1076 0.52975 1075.5 0.011848 
10 400 5 2.1e-05 3 1 0 1072.1 0.51242 1071.6 0.011458 
10 400 5 2.1e-05 4 1 0 1060.8 0.50008 1060.3 0.01115 
10 400 5 2.1e-05 5 1 0 1039.6 0.50038 1039.1 0.011093 
10 400 5 2.1e-05 8 0.99 0.0013265 876.63 0.50049 876.12 0.011034 
10 400 5 2.1e-05 10 0.978 0.0054245 681.83 0.50009 681.31 0.010801 
10 400 5 2.1e-05 12 0.944 0.025371 469.04 0.50023 468.53 0.010645 
10 400 5 2.1e-05 15 0.912 0.051282 226.09 0.5006 225.58 0.010497 
10 400 5 2.1e-05 20 0.884 0.060963 63.868 0.50051 63.357 0.01036 
10 400 5 2.1e-05 25 0.842 0.071057 32.265 0.50028 31.755 0.0099561 
10 400 5 2.1e-05 30 0.814 0.086943 23.852 0.50005 23.342 0.0095696 
10 400 5 2.1e-05 40 0.754 0.12417 17.27 0.49989 16.761 0.0089198 
10 400 5 2.1e-05 50 0.716 0.14178 13.92 0.4987 13.413 0.0085704 
10 400 5 2.1e-05 60 0.67 0.15684 11.349 0.49874 10.841 0.00844 
10 400 5 2.1e-05 70 0.616 0.15974 9.0927 0.49808 8.5864 0.0080696 
10 400 5 2.1e-05 80 0.544 0.1666 7.8414 0.49822 7.3355 0.0076015 
10 400 5 2.1e-05 90 0.466 0.17413 6.5671 0.49814 6.0616 0.0072422 
10 400 5 2.1e-05 100 0.412 0.17373 5.7167 0.49835 5.211 0.007253 
10 400 5 2.1e-05 125 0.296 0.13917 4.1288 0.49786 3.6242 0.0066577 
10 400 5 2.1e-05 150 0.206 0.098943 2.6853 0.49768 2.1811 0.0064515 
10 400 5 2.1e-05 200 0.064 0.045616 1.0512 0.49734 0.54743 0.0063164 
10 400 5 2.1e-05 250 0.016 0.0042286 0.61254 0.49604 0.11023 0.0061858 
10 400 5 2.1e-05 300 0.01 0.0013265 0.56837 0.49577 0.066314 0.0062126 
10 400 5 2.1e-05 400 0 0 0.50207 0.49564 1.6505e-05 0.0063378 
10 500 5 2.1e-05 1 1 0 1076.7 0.64759 1076.1 0.012386 
10 500 5 2.1e-05 2 1 0 1076.3 0.64769 1075.7 0.012571 
10 500 5 2.1e-05 3 1 0 1075.3 0.63378 1074.7 0.012554 
10 500 5 2.1e-05 4 1 0 1072.2 0.62045 1071.5 0.01264 
10 500 5 2.1e-05 5 1 0 1066.1 0.62017 1065.4 0.012648 
10 500 5 2.1e-05 8 0.994 0.00098367 997.55 0.62004 996.92 0.012601 
10 500 5 2.1e-05 10 0.98 0.0069388 886.28 0.62029 885.65 0.012466 
10 500 5 2.1e-05 12 0.966 0.015759 725.49 0.62001 724.86 0.012386 
10 500 5 2.1e-05 15 0.946 0.025392 454.6 0.62059 453.97 0.012139 
10 500 5 2.1e-05 20 0.92 0.042449 152.98 0.62018 152.35 0.011946 
10 500 5 2.1e-05 25 0.896 0.057535 59.284 0.62013 58.652 0.011866 
10 500 5 2.1e-05 30 0.86 0.07551 34.513 0.6198 33.882 0.011701 
10 500 5 2.1e-05 40 0.816 0.092392 21.634 0.6203 21.003 0.010676 
10 500 5 2.1e-05 50 0.762 0.11424 17.438 0.61987 16.808 0.010394 
10 500 5 2.1e-05 60 0.72 0.13592 14.447 0.62031 13.817 0.0099935 
10 500 5 2.1e-05 70 0.682 0.15008 12.287 0.62022 11.656 0.010045 
10 500 5 2.1e-05 80 0.65 0.14949 10.356 0.61995 9.7264 0.0094665 
10 500 5 2.1e-05 90 0.612 0.15373 9.0744 0.62011 8.4448 0.0093877 
10 500 5 2.1e-05 100 0.54 0.16204 7.6692 0.62031 7.0396 0.0091465 
10 500 5 2.1e-05 125 0.4 0.16082 5.6778 0.62006 5.049 0.0086832 
10 500 5 2.1e-05 150 0.302 0.14591 4.1429 0.6194 3.515 0.0084546 
10 500 5 2.1e-05 200 0.14 0.07551 2.1464 0.61895 1.5194 0.0079455 
10 500 5 2.1e-05 250 0.074 0.04931 1.2849 0.61863 0.65834 0.0078546 
10 500 5 2.1e-05 300 0.026 0.0097184 0.80774 0.61727 0.18274 0.0076592 
10 500 5 2.1e-05 400 0.002 0.0002 0.6385 0.61782 0.012882 0.0077234 
10 500 5 2.1e-05 500 0 0 0.62475 0.61682 1.3483e-05 0.0078376 
10 600 5 2.1e-05 1 1 0 1078.5 0.77394 1077.7 0.02271 
10 600 5 2.1e-05 2 1 0 1077.9 0.77413 1077.1 0.02282 
10 600 5 2.1e-05 3 1 0 1077.2 0.75835 1076.4 0.0213 
10 600 5 2.1e-05 4 1 0 1077.2 0.75113 1076.4 0.020635 
10 600 5 2.1e-05 5 1 0 1074.9 0.7516 1074.1 0.020698 
10 600 5 2.1e-05 8 1 0 1047.3 0.75098 1046.5 0.020616 
10 600 5 2.1e-05 10 0.996 0.00039184 993.29 0.75119 992.52 0.020635 
10 600 5 2.1e-05 12 0.994 0.00057551 899.27 0.75142 898.49 0.020517 
10 600 5 2.1e-05 15 0.976 0.0075755 688.83 0.75129 688.06 0.020377 
10 600 5 2.1e-05 20 0.932 0.038139 312.5 0.75098 311.73 0.020068 
10 600 5 2.1e-05 25 0.916 0.051167 114.56 0.75118 113.79 0.019916 
10 600 5 2.1e-05 30 0.882 0.065996 53.896 0.75142 53.125 0.019891 
10 600 5 2.1e-05 40 0.826 0.083596 27.692 0.75054 26.923 0.018342 
10 600 5 2.1e-05 50 0.798 0.10142 20.76 0.74923 19.994 0.016789 
10 600 5 2.1e-05 60 0.76 0.11469 17.455 0.74795 16.691 0.015496 
10 600 5 2.1e-05 70 0.728 0.13308 15.251 0.7485 14.487 0.015456 
10 600 5 2.1e-05 80 0.71 0.13684 13.257 0.74729 12.494 0.015407 
10 600 5 2.1e-05 90 0.684 0.15443 11.467 0.74826 10.704 0.014863 
10 600 5 2.1e-05 100 0.646 0.16131 10.007 0.74736 9.2456 0.014065 
10 600 5 2.1e-05 125 0.504 0.16978 7.4402 0.74681 6.6805 0.012684 
10 600 5 2.1e-05 150 0.406 0.16466 5.8386 0.74624 5.0803 0.01192 
10 600 5 2.1e-05 200 0.248 0.11969 3.7293 0.74493 2.9738 0.010381 
10 600 5 2.1e-05 250 0.12 0.070204 2.0528 0.74458 1.2981 0.010003 
10 600 5 2.1e-05 300 0.066 0.045555 1.3192 0.74414 0.56533 0.0096897 
10 600 5 2.1e-05 400 0.016 0.0042286 0.86197 0.74261 0.10992 0.0093659 
10 600 5 2.1e-05 500 0.002 0.0002 0.76534 0.74306 0.012808 0.0094027 
10 700 5 2.1e-05 1 1 0 1076.7 0.90944 1075.8 0.016618 
10 700 5 2.1e-05 2 1 0 1077.6 0.90841 1076.7 0.017005 
10 700 5 2.1e-05 3 1 0 1077.3 0.88218 1076.5 0.016819 
10 700 5 2.1e-05 4 1 0 1077 0.87509 1076.1 0.016783 
10 700 5 2.1e-05 5 1 0 1076.2 0.87514 1075.3 0.016823 
10 700 5 2.1e-05 8 1 0 1066 0.8757 1065.1 0.016872 
10 700 5 2.1e-05 10 0.998 0.0002 1041.4 0.87526 1040.5 0.016786 
10 700 5 2.1e-05 12 0.996 0.00039184 993.16 0.87535 992.27 0.016747 
10 700 5 2.1e-05 15 0.988 0.0014857 852.72 0.87478 851.83 0.016636 
10 700 5 2.1e-05 20 0.958 0.014322 503.29 0.87485 502.4 0.016367 
10 700 5 2.1e-05 25 0.92 0.052245 221.78 0.87521 220.89 0.016203 
10 700 5 2.1e-05 30 0.908 0.058302 94.959 0.8751 94.067 0.016115 
10 700 5 2.1e-05 40 0.866 0.070453 36.254 0.8742 35.364 0.015617 
10 700 5 2.1e-05 50 0.826 0.08482 24.461 0.87342 23.572 0.015255 
10 700 5 2.1e-05 60 0.788 0.10312 19.751 0.87115 18.866 0.014384 
10 700 5 2.1e-05 70 0.766 0.10964 17.321 0.87051 16.437 0.014043 
10 700 5 2.1e-05 80 0.74 0.12776 15.714 0.8695 14.83 0.013931 
10 700 5 2.1e-05 90 0.712 0.14149 14.046 0.86874 13.164 0.01349 
10 700 5 2.1e-05 100 0.7 0.14735 12.492 0.86859 11.61 0.013331 
10 700 5 2.1e-05 125 0.604 0.16692 8.9874 0.86716 8.1071 0.012948 
10 700 5 2.1e-05 150 0.514 0.17633 7.5012 0.86585 6.6229 0.012295 
10 700 5 2.1e-05 200 0.334 0.15535 4.9332 0.86431 4.0571 0.0116 
10 700 5 2.1e-05 250 0.21 0.10255 3.2466 0.8633 2.3721 0.011104 
10 700 5 2.1e-05 300 0.108 0.061976 2.0318 0.86272 1.1583 0.010707 
10 700 5 2.1e-05 400 0.04 0.025306 1.1608 0.86217 0.28772 0.010775 
10 700 5 2.1e-05 500 0.014 0.0028612 0.97095 0.86168 0.098624 0.010565 
10 800 5 2.1e-05 1 1 0 1075.2 1.0141 1074.1 0.021205 
10 800 5 2.1e-05 2 1 0 1075.2 1.0145 1074.1 0.021408 
10 800 5 2.1e-05 3 1 0 1074.4 0.99872 1073.3 0.021388 
10 800 5 2.1e-05 4 1 0 1075.3 0.99183 1074.3 0.021371 
10 800 5 2.1e-05 5 1 0 1075 0.99212 1074 0.02134 
10 800 5 2.1e-05 8 1 0 1071.4 0.99213 1070.4 0.021411 
10 800 5 2.1e-05 10 1 0 1061.4 0.99154 1060.4 0.021335 
10 800 5 2.1e-05 12 0.998 0.0002 1038.3 0.99182 1037.3 0.021349 
10 800 5 2.1e-05 15 0.996 0.0008 959.61 0.99234 958.6 0.02119 
10 800 5 2.1e-05 20 0.974 0.012167 688.82 0.99208 687.81 0.02103 
10 800 5 2.1e-05 25 0.95 0.027857 366.98 0.99259 365.97 0.020786 
10 800 5 2.1e-05 30 0.92 0.049796 165.31 0.99174 164.29 0.0207 
10 800 5 2.1e-05 40 0.872 0.073078 48.133 0.9921 47.12 0.020576 
10 800 5 2.1e-05 50 0.844 0.080065 30.515 0.99202 29.502 0.020215 
10 800 5 2.1e-05 60 0.822 0.090322 23.829 0.99093 22.818 0.019034 
10 800 5 2.1e-05 70 0.796 0.10162 19.52 0.99045 18.511 0.017891 
10 800 5 2.1e-05 80 0.764 0.115 17.448 0.98926 16.442 0.017324 
10 800 5 2.1e-05 90 0.742 0.12493 15.752 0.98926 14.746 0.017093 
10 800 5 2.1e-05 100 0.718 0.13579 14.207 0.98931 13.2 0.01689 
10 800 5 2.1e-05 125 0.672 0.149 10.981 0.98871 9.976 0.016331 
10 800 5 2.1e-05 150 0.57 0.16541 8.7619 0.98777 7.7587 0.015255 
10 800 5 2.1e-05 200 0.39 0.16378 6.0475 0.98723 5.0461 0.014015 
10 800 5 2.1e-05 250 0.278 0.13481 4.2373 0.9868 3.2371 0.013273 
10 800 5 2.1e-05 300 0.166 0.079024 2.9178 0.98657 1.9183 0.012764 
10 800 5 2.1e-05 400 0.072 0.051853 1.6586 0.98649 0.65972 0.012315 
10 800 5 2.1e-05 500 0.02 0.0065306 1.1398 0.98698 0.14032 0.012401 
10 900 5 2.1e-05 1 1 0 1077.4 1.129 1076.3 0.023642 
10 900 5 2.1e-05 2 1 0 1077.4 1.1292 1076.2 0.023856 
10 900 5 2.1e-05 3 1 0 1077.1 1.1116 1076 0.023943 
10 900 5 2.1e-05 4 1 0 1076.9 1.1074 1075.7 0.023931 
10 900 5 2.1e-05 5 1 0 1076.7 1.1072 1075.6 0.023961 
10 900 5 2.1e-05 8 1 0 1074.5 1.1074 1073.4 0.02399 
10 900 5 2.1e-05 10 1 0 1068 1.1074 1066.9 0.023923 
10 900 5 2.1e-05 12 1 0 1055.7 1.1073 1054.6 0.02392 
10 900 5 2.1e-05 15 1 0 1011 1.1071 1009.9 0.023814 
10 900 5 2.1e-05 20 0.986 0.0036776 827.36 1.1074 826.23 0.023755 
10 900 5 2.1e-05 25 0.966 0.011269 535.65 1.1071 534.52 0.023518 
10 900 5 2.1e-05 30 0.932 0.034057 278.49 1.1072 277.36 0.023317 
10 900 5 2.1e-05 40 0.906 0.056902 72.783 1.1073 71.652 0.023178 
10 900 5 2.1e-05 50 0.874 0.070943 37.263 1.1073 36.133 0.022696 
10 900 5 2.1e-05 60 0.842 0.07922 26.972 1.1068 25.843 0.021702 
10 900 5 2.1e-05 70 0.82 0.090204 22.207 1.1064 21.079 0.020594 
10 900 5 2.1e-05 80 0.792 0.10238 19.571 1.1068 18.444 0.02038 
10 900 5 2.1e-05 90 0.764 0.11051 17.983 1.1079 16.855 0.019598 
10 900 5 2.1e-05 100 0.738 0.12893 16.454 1.1073 15.327 0.01942 
10 900 5 2.1e-05 125 0.694 0.14751 13.213 1.1076 12.086 0.018865 
10 900 5 2.1e-05 150 0.636 0.16072 10.231 1.1077 9.1056 0.017884 
10 900 5 2.1e-05 200 0.454 0.16825 7.131 1.107 6.0074 0.016503 
10 900 5 2.1e-05 250 0.342 0.15636 5.563 1.1071 4.4398 0.015999 
10 900 5 2.1e-05 300 0.258 0.1282 4.3434 1.1067 3.2213 0.015195 
10 900 5 2.1e-05 400 0.09 0.057245 2.1362 1.1063 1.0153 0.014475 
10 900 5 2.1e-05 500 0.05 0.032755 1.4704 1.1062 0.35001 0.014144 
10 1000 5 2.1e-05 1 1 0 1078.9 1.2565 1077.6 0.022667 
10 1000 5 2.1e-05 2 1 0 1079.9 1.2558 1078.6 0.022875 
10 1000 5 2.1e-05 3 1 0 1079.8 1.2335 1078.6 0.022912 
10 1000 5 2.1e-05 4 1 0 1079.7 1.2328 1078.4 0.022858 
10 1000 5 2.1e-05 5 1 0 1079.6 1.2333 1078.3 0.022852 
10 1000 5 2.1e-05 8 1 0 1078.8 1.2332 1077.6 0.022855 
10 1000 5 2.1e-05 10 1 0 1074.3 1.233 1073 0.022766 
10 1000 5 2.1e-05 12 1 0 1066.9 1.2329 1065.7 0.022823 
10 1000 5 2.1e-05 15 1 0 1041.9 1.2335 1040.7 0.022771 
10 1000 5 2.1e-05 20 0.994 0.00098367 927.24 1.2335 925.99 0.022739 
10 1000 5 2.1e-05 25 0.984 0.0030041 695.76 1.2334 694.51 0.022592 
10 1000 5 2.1e-05 30 0.964 0.013371 417.02 1.2336 415.76 0.022418 
10 1000 5 2.1e-05 40 0.912 0.054955 109.85 1.2332 108.6 0.022249 
10 1000 5 2.1e-05 50 0.894 0.068331 47.044 1.2335 45.788 0.022093 
10 1000 5 2.1e-05 60 0.864 0.074188 32.518 1.2324 31.264 0.021656 
10 1000 5 2.1e-05 70 0.838 0.079139 25.509 1.2327 24.255 0.020832 
10 1000 5 2.1e-05 80 0.796 0.099167 21.513 1.2324 20.26 0.02011 
10 1000 5 2.1e-05 90 0.778 0.10706 19.467 1.2323 18.215 0.019702 
10 1000 5 2.1e-05 100 0.762 0.11832 17.583 1.232 16.331 0.019506 
10 1000 5 2.1e-05 125 0.712 0.13781 14.686 1.2316 13.434 0.019228 
10 1000 5 2.1e-05 150 0.676 0.15084 12.08 1.2318 10.829 0.01861 
10 1000 5 2.1e-05 200 0.534 0.17127 8.3432 1.2312 7.0944 0.017468 
10 1000 5 2.1e-05 250 0.41 0.16173 6.5953 1.2303 5.3479 0.016927 
10 1000 5 2.1e-05 300 0.308 0.14483 5.0045 1.2296 3.7586 0.016208 
10 1000 5 2.1e-05 400 0.146 0.07478 2.8351 1.2291 1.5903 0.015578 
10 1000 5 2.1e-05 500 0.078 0.050322 1.8845 1.2285 0.6408 0.015125 
10 1250 5 2.1e-05 1 1 0 1077.6 1.5658 1076 0.019889 
10 1250 5 2.1e-05 2 1 0 1077.4 1.5619 1075.8 0.020072 
10 1250 5 2.1e-05 3 1 0 1076.2 1.5394 1074.6 0.020092 
10 1250 5 2.1e-05 4 1 0 1077.3 1.5389 1075.8 0.020151 
10 1250 5 2.1e-05 5 1 0 1077.3 1.5388 1075.7 0.020066 
10 1250 5 2.1e-05 8 1 0 1076.7 1.5392 1075.1 0.020152 
10 1250 5 2.1e-05 10 1 0 1076.4 1.5388 1074.8 0.02008 
10 1250 5 2.1e-05 12 1 0 1075.2 1.5389 1073.6 0.020058 
10 1250 5 2.1e-05 15 1 0 1069.7 1.5388 1068.1 0.020063 
10 1250 5 2.1e-05 20 1 0 1035.7 1.5393 1034.2 0.020056 
10 1250 5 2.1e-05 25 0.994 0.00098367 940.85 1.5394 939.29 0.019957 
10 1250 5 2.1e-05 30 0.976 0.0051265 757.41 1.5391 755.85 0.019817 
10 1250 5 2.1e-05 40 0.93 0.037245 307.28 1.5388 305.72 0.019507 
10 1250 5 2.1e-05 50 0.91 0.058469 100.98 1.5392 99.421 0.01931 
10 1250 5 2.1e-05 60 0.898 0.061424 50.827 1.5386 49.269 0.019309 
10 1250 5 2.1e-05 70 0.868 0.071608 35.78 1.5385 34.222 0.019218 
10 1250 5 2.1e-05 80 0.838 0.082812 28.687 1.5385 27.129 0.019107 
10 1250 5 2.1e-05 90 0.832 0.083445 24.922 1.5379 23.365 0.018912 
10 1250 5 2.1e-05 100 0.806 0.092412 22.371 1.5372 20.814 0.018884 
10 1250 5 2.1e-05 125 0.768 0.11079 17.64 1.5368 16.085 0.018678 
10 1250 5 2.1e-05 150 0.724 0.13207 15.581 1.5364 14.026 0.018658 
10 1250 5 2.1e-05 200 0.664 0.15296 11.222 1.5359 9.6677 0.01849 
10 1250 5 2.1e-05 250 0.54 0.17061 8.6757 1.5352 7.1221 0.018372 
10 1250 5 2.1e-05 300 0.418 0.16273 7.0267 1.5346 5.4739 0.01819 
10 1250 5 2.1e-05 400 0.27 0.1348 4.8077 1.5355 3.2541 0.018012 
10 1250 5 2.1e-05 500 0.132 0.070792 3.0837 1.5346 1.5309 0.018078 
10 1500 5 2.1e-05 1 1 0 1078.2 1.8818 1076.3 0.0249 
10 1500 5 2.1e-05 2 1 0 1078 1.8763 1076.1 0.025119 
10 1500 5 2.1e-05 3 1 0 1077.1 1.8621 1075.2 0.025206 
10 1500 5 2.1e-05 4 1 0 1078.1 1.8627 1076.2 0.02511 
10 1500 5 2.1e-05 5 1 0 1077.9 1.8619 1076 0.025164 
10 1500 5 2.1e-05 8 1 0 1077.8 1.8618 1075.9 0.025169 
10 1500 5 2.1e-05 10 1 0 1078.2 1.8625 1076.3 0.025157 
10 1500 5 2.1e-05 12 1 0 1077.9 1.8622 1076 0.025223 
10 1500 5 2.1e-05 15 1 0 1076.2 1.8634 1074.3 0.025173 
10 1500 5 2.1e-05 20 1 0 1065.8 1.8619 1063.9 0.025203 
10 1500 5 2.1e-05 25 1 0 1033.8 1.8623 1031.9 0.025086 
10 1500 5 2.1e-05 30 0.996 0.0008 950.5 1.8623 948.61 0.025067 
10 1500 5 2.1e-05 40 0.95 0.020102 595.57 1.863 593.68 0.0248 
10 1500 5 2.1e-05 50 0.92 0.052245 244.11 1.8621 242.23 0.024544 
10 1500 5 2.1e-05 60 0.912 0.05822 98.084 1.862 96.197 0.024541 
10 1500 5 2.1e-05 70 0.906 0.058535 53.633 1.8637 51.744 0.024413 
10 1500 5 2.1e-05 80 0.88 0.065306 38.556 1.862 36.67 0.024308 
10 1500 5 2.1e-05 90 0.858 0.075547 31.784 1.8606 29.9 0.023991 
10 1500 5 2.1e-05 100 0.834 0.085147 27.574 1.8601 25.69 0.023977 
10 1500 5 2.1e-05 125 0.806 0.094453 21.401 1.8578 19.52 0.023399 
10 1500 5 2.1e-05 150 0.762 0.11996 18.361 1.8559 16.482 0.022991 
10 1500 5 2.1e-05 200 0.702 0.14142 14.393 1.8544 12.515 0.022851 
10 1500 5 2.1e-05 250 0.64 0.16327 10.792 1.8527 8.9166 0.022623 
10 1500 5 2.1e-05 300 0.53 0.1748 8.927 1.8513 7.0534 0.022226 
10 1500 5 2.1e-05 400 0.354 0.16009 6.3313 1.8486 4.4608 0.021754 
10 1500 5 2.1e-05 500 0.248 0.12418 4.7304 1.8475 2.861 0.021765 
10 2000 5 2.1e-05 1 1 0 1080.4 2.4855 1077.9 0.030498 
10 2000 5 2.1e-05 2 1 0 1078.8 2.4701 1076.3 0.030736 
10 2000 5 2.1e-05 3 1 0 1079.6 2.4619 1077.1 0.030736 
10 2000 5 2.1e-05 4 1 0 1079.8 2.4625 1077.3 0.030712 
10 2000 5 2.1e-05 5 1 0 1079.3 2.4611 1076.8 0.03072 
10 2000 5 2.1e-05 8 1 0 1079.8 2.4618 1077.3 0.030749 
10 2000 5 2.1e-05 10 1 0 1079 2.4616 1076.5 0.030686 
10 2000 5 2.1e-05 12 1 0 1080 2.462 1077.5 0.030691 
10 2000 5 2.1e-05 15 1 0 1078.8 2.4626 1076.3 0.030721 
10 2000 5 2.1e-05 20 1 0 1078.7 2.4618 1076.2 0.030706 
10 2000 5 2.1e-05 25 1 0 1074.3 2.4617 1071.8 0.030727 
10 2000 5 2.1e-05 30 1 0 1061.7 2.4615 1059.2 0.030757 
10 2000 5 2.1e-05 40 1 0 964.29 2.4614 961.8 0.030617 
10 2000 5 2.1e-05 50 0.98 0.0053061 704.45 2.4613 701.96 0.030403 
10 2000 5 2.1e-05 60 0.958 0.01922 381.41 2.4618 378.92 0.030156 
10 2000 5 2.1e-05 70 0.926 0.046453 175.57 2.4614 173.08 0.030028 
10 2000 5 2.1e-05 80 0.91 0.058469 90.339 2.4615 87.847 0.029932 
10 2000 5 2.1e-05 90 0.9 0.061633 57.802 2.4612 55.311 0.029887 
10 2000 5 2.1e-05 100 0.878 0.071955 44.662 2.4615 42.171 0.029843 
10 2000 5 2.1e-05 125 0.846 0.077637 30.797 2.4622 28.305 0.029771 
10 2000 5 2.1e-05 150 0.826 0.086453 24.267 2.4601 21.777 0.029431 
10 2000 5 2.1e-05 200 0.756 0.11762 18.995 2.4601 16.505 0.029265 
10 2000 5 2.1e-05 250 0.724 0.13533 15.978 2.4593 13.489 0.029064 
10 2000 5 2.1e-05 300 0.682 0.15416 13.095 2.459 10.607 0.028805 
10 2000 5 2.1e-05 400 0.54 0.17102 9.564 2.4584 7.0771 0.028432 
10 2000 5 2.1e-05 500 0.394 0.16915 7.5825 2.4586 5.0952 0.028539 
