10 100 1 2.1e-06 10 0.99 0.00091837 929.95 0.004369 929.94 0.0065524 
10 100 1 2.1e-06 12 0.974 0.0048204 927.17 0.0044523 927.16 0.0066569 
10 100 1 2.1e-06 15 0.93 0.014388 918.3 0.0043952 918.29 0.0066307 
10 100 1 2.1e-06 20 0.878 0.025833 892.54 0.004376 892.53 0.0064983 
10 100 1 2.1e-06 25 0.806 0.049963 855.79 0.0043664 855.78 0.0065115 
10 100 1 2.1e-06 30 0.764 0.055004 817.24 0.0043617 817.23 0.0064257 
10 100 1 2.1e-06 40 0.716 0.054024 700.61 0.0043515 700.6 0.0063334 
10 100 1 2.1e-06 50 0.674 0.054616 494.27 0.0043634 494.26 0.0058253 
10 100 1 2.1e-06 60 0.59 0.052347 269.62 0.0043688 269.61 0.0055179 
10 100 1 2.1e-06 70 0.524 0.061861 131.56 0.0043628 131.55 0.0051826 
10 100 1 2.1e-06 80 0.422 0.065833 42.836 0.0043192 42.827 0.0048227 
10 100 1 2.1e-06 90 0.172 0.035527 4.8794 0.0037019 4.8711 0.0045083 
10 100 1 2.1e-06 100 0 0 0.0062615 0.0024886 2.793e-06 0.0037447 
10 125 1 2.1e-06 10 1 0 936.46 0.0052001 936.45 0.0077941 
10 125 1 2.1e-06 12 1 0 936.76 0.0052601 936.75 0.0079084 
10 125 1 2.1e-06 15 1 0 935.15 0.0051614 935.13 0.0079623 
10 125 1 2.1e-06 20 0.952 0.0078531 927.56 0.0051583 927.55 0.0079294 
10 125 1 2.1e-06 25 0.902 0.01571 879.91 0.0051537 879.9 0.0078564 
10 125 1 2.1e-06 30 0.862 0.023629 852.29 0.0051423 852.28 0.0078263 
10 125 1 2.1e-06 40 0.748 0.049486 779.05 0.00512 779.03 0.0076318 
10 125 1 2.1e-06 50 0.714 0.053473 676.18 0.005101 676.16 0.0074575 
10 125 1 2.1e-06 60 0.69 0.050714 522.38 0.0051093 522.36 0.0070474 
10 125 1 2.1e-06 70 0.654 0.047433 336.11 0.0051429 336.1 0.0068353 
10 125 1 2.1e-06 80 0.592 0.052996 185.7 0.0051909 185.69 0.0064739 
10 125 1 2.1e-06 90 0.51 0.059286 98.202 0.0050869 98.19 0.0061988 
10 125 1 2.1e-06 100 0.41 0.063367 41.288 0.0050523 41.277 0.0059622 
10 125 1 2.1e-06 125 0 0 0.0089615 0.0042321 2.4568e-06 0.0046981 
10 150 1 2.1e-06 10 0.992 0.0015673 933.75 0.0057544 933.74 0.0092757 
10 150 1 2.1e-06 12 0.99 0.0017347 934.51 0.0057773 934.49 0.0092991 
10 150 1 2.1e-06 15 0.988 0.0018939 933.26 0.0057728 933.24 0.0092565 
10 150 1 2.1e-06 20 0.964 0.0068408 956.6 0.0059452 956.59 0.010008 
10 150 1 2.1e-06 25 0.924 0.014106 941.8 0.0060375 941.79 0.010125 
10 150 1 2.1e-06 30 0.882 0.021098 895.98 0.0058673 895.97 0.0097135 
10 150 1 2.1e-06 40 0.81 0.037653 821.51 0.0057981 821.49 0.0091737 
10 150 1 2.1e-06 50 0.728 0.057159 772.27 0.0057456 772.26 0.0089795 
10 150 1 2.1e-06 60 0.698 0.052853 683.28 0.0056979 683.27 0.0087283 
10 150 1 2.1e-06 70 0.684 0.0528 545.93 0.0057161 545.91 0.008463 
10 150 1 2.1e-06 80 0.662 0.053424 394.56 0.0057063 394.55 0.0082135 
10 150 1 2.1e-06 90 0.606 0.047514 247.67 0.0057081 247.65 0.0079882 
10 150 1 2.1e-06 100 0.53 0.047041 150.75 0.0056875 150.74 0.0074758 
10 150 1 2.1e-06 125 0.368 0.056914 35.526 0.0056511 35.513 0.00693 
10 150 1 2.1e-06 150 0.002 0.0002 0.045869 0.0038621 0.03626 0.0057102 
10 200 1 2.1e-06 10 1 0 932.96 0.0071294 932.94 0.011923 
10 200 1 2.1e-06 12 1 0 934.23 0.0071716 934.21 0.012183 
10 200 1 2.1e-06 15 0.998 0.0002 934.18 0.0071076 934.16 0.012088 
10 200 1 2.1e-06 20 0.988 0.0010776 933.07 0.0071938 933.05 0.01221 
10 200 1 2.1e-06 25 0.962 0.0052612 929.6 0.0071223 929.58 0.012038 
10 200 1 2.1e-06 30 0.928 0.013486 924.33 0.0071246 924.31 0.01216 
10 200 1 2.1e-06 40 0.88 0.022857 871.2 0.0070828 871.18 0.011909 
10 200 1 2.1e-06 50 0.822 0.037261 829.73 0.0071095 829.71 0.011832 
10 200 1 2.1e-06 60 0.744 0.053127 789.69 0.0071074 789.67 0.012971 
10 200 1 2.1e-06 70 0.722 0.054812 743.93 0.0070791 743.91 0.011554 
10 200 1 2.1e-06 80 0.704 0.05182 678.65 0.0070904 678.63 0.012349 
10 200 1 2.1e-06 90 0.686 0.051841 577.88 0.0070948 577.86 0.011095 
10 200 1 2.1e-06 100 0.68 0.049796 475.93 0.007083 475.92 0.010882 
10 200 1 2.1e-06 125 0.6 0.045714 220.49 0.0071201 220.47 0.010134 
10 200 1 2.1e-06 150 0.464 0.061943 85.638 0.0069884 85.621 0.0093965 
10 200 1 2.1e-06 200 0 0 0.013558 0.0060736 3.214e-06 0.0074516 
10 250 1 2.1e-06 10 1 0 939.17 0.0087937 939.15 0.014617 
10 250 1 2.1e-06 12 1 0 938.63 0.008725 938.6 0.014549 
10 250 1 2.1e-06 15 1 0 939.56 0.0087308 939.54 0.014496 
10 250 1 2.1e-06 20 1 0 938.65 0.0087532 938.62 0.014482 
10 250 1 2.1e-06 25 0.994 0.00098367 938.65 0.0087123 938.63 0.014545 
10 250 1 2.1e-06 30 0.966 0.0059633 936.92 0.0086801 936.9 0.014317 
10 250 1 2.1e-06 40 0.922 0.013996 923.84 0.0086673 923.82 0.014497 
10 250 1 2.1e-06 50 0.876 0.021861 901.45 0.0086826 901.43 0.014477 
10 250 1 2.1e-06 60 0.828 0.033486 871.22 0.0086838 871.19 0.014289 
10 250 1 2.1e-06 70 0.782 0.048445 841.49 0.008653 841.47 0.014182 
10 250 1 2.1e-06 80 0.742 0.058812 806.97 0.0086506 806.95 0.01406 
10 250 1 2.1e-06 90 0.72 0.053878 767.86 0.0086441 767.84 0.013914 
10 250 1 2.1e-06 100 0.71 0.05398 712.79 0.0086368 712.77 0.013717 
10 250 1 2.1e-06 125 0.672 0.051853 497.64 0.0086751 497.62 0.013354 
10 250 1 2.1e-06 150 0.604 0.046922 251.8 0.0086113 251.78 0.012489 
10 250 1 2.1e-06 200 0.404 0.062433 43.934 0.0084813 43.914 0.011314 
10 250 1 2.1e-06 250 0 0 0.016987 0.0076231 3.5325e-06 0.0093305 
10 300 1 2.1e-06 10 1 0 933.4 0.0099729 933.38 0.017507 
10 300 1 2.1e-06 12 1 0 932.38 0.010189 932.35 0.017866 
10 300 1 2.1e-06 15 1 0 933.19 0.010043 933.17 0.017768 
10 300 1 2.1e-06 20 1 0 917.12 0.010081 917.1 0.017694 
10 300 1 2.1e-06 25 1 0 908.62 0.0099933 908.6 0.017583 
10 300 1 2.1e-06 30 0.992 0.0011592 909.78 0.010019 909.76 0.017775 
10 300 1 2.1e-06 40 0.962 0.0064857 904.57 0.010016 904.54 0.017642 
10 300 1 2.1e-06 50 0.926 0.012167 892.08 0.010008 892.05 0.017717 
10 300 1 2.1e-06 60 0.886 0.020004 871.85 0.010023 871.82 0.017578 
10 300 1 2.1e-06 70 0.84 0.028163 847.78 0.0099965 847.75 0.01738 
10 300 1 2.1e-06 80 0.798 0.041016 823.64 0.0099644 823.61 0.017296 
10 300 1 2.1e-06 90 0.762 0.050567 797.68 0.0099904 797.65 0.017416 
10 300 1 2.1e-06 100 0.726 0.0538 768.02 0.0099638 767.99 0.017101 
10 300 1 2.1e-06 125 0.708 0.054629 655.63 0.0099821 655.61 0.016808 
10 300 1 2.1e-06 150 0.676 0.050841 468.5 0.010049 468.47 0.016012 
10 300 1 2.1e-06 200 0.538 0.046894 144.39 0.0098637 144.36 0.014611 
10 300 1 2.1e-06 250 0.336 0.050922 21.781 0.0095805 21.758 0.013166 
10 300 1 2.1e-06 300 0 0 0.018781 0.0074335 2.9849e-06 0.011314 
10 350 1 2.1e-06 10 1 0 917.23 0.011258 917.2 0.020325 
10 350 1 2.1e-06 12 1 0 912.77 0.011301 912.74 0.020244 
10 350 1 2.1e-06 15 1 0 913.47 0.011235 913.44 0.020577 
10 350 1 2.1e-06 20 1 0 912.22 0.011216 912.19 0.020529 
10 350 1 2.1e-06 25 1 0 912.24 0.011208 912.21 0.020388 
10 350 1 2.1e-06 30 1 0 911.47 0.011321 911.44 0.020284 
10 350 1 2.1e-06 40 0.988 0.0027102 909.12 0.011221 909.09 0.021254 
10 350 1 2.1e-06 50 0.944 0.0094531 903.18 0.011192 903.15 0.020129 
10 350 1 2.1e-06 60 0.91 0.013163 892.34 0.01123 892.3 0.020358 
10 350 1 2.1e-06 70 0.876 0.022269 874.47 0.011182 874.44 0.019938 
10 350 1 2.1e-06 80 0.838 0.034241 853.31 0.011204 853.28 0.020166 
10 350 1 2.1e-06 90 0.81 0.043367 830.48 0.011174 830.45 0.019786 
10 350 1 2.1e-06 100 0.786 0.0498 811.05 0.011208 811.02 0.020114 
10 350 1 2.1e-06 125 0.724 0.055739 745.07 0.01116 745.04 0.019279 
10 350 1 2.1e-06 150 0.7 0.051837 632.8 0.011126 632.77 0.01891 
10 350 1 2.1e-06 200 0.628 0.047771 294.37 0.011102 294.34 0.017641 
10 350 1 2.1e-06 250 0.488 0.058629 102.25 0.010985 102.23 0.016365 
10 350 1 2.1e-06 300 0.3 0.062041 13.864 0.010613 13.838 0.015015 
10 400 1 2.1e-06 10 1 0 914.52 0.012933 914.49 0.02246 
10 400 1 2.1e-06 12 1 0 908.86 0.012912 908.82 0.022544 
10 400 1 2.1e-06 15 1 0 909.58 0.012906 909.54 0.022388 
10 400 1 2.1e-06 20 1 0 909.02 0.012853 908.99 0.02255 
10 400 1 2.1e-06 25 1 0 908.58 0.012787 908.55 0.022432 
10 400 1 2.1e-06 30 1 0 908.68 0.01289 908.65 0.022467 
10 400 1 2.1e-06 40 0.99 0.0017347 907.88 0.012793 907.85 0.022494 
10 400 1 2.1e-06 50 0.98 0.0036735 905.07 0.01281 905.03 0.022579 
10 400 1 2.1e-06 60 0.942 0.0082 898.82 0.012968 898.78 0.022442 
10 400 1 2.1e-06 70 0.912 0.013731 888.6 0.012811 888.57 0.022507 
10 400 1 2.1e-06 80 0.882 0.021098 872.64 0.012776 872.61 0.022453 
10 400 1 2.1e-06 90 0.844 0.028637 855.01 0.012831 854.97 0.022132 
10 400 1 2.1e-06 100 0.814 0.040412 833.3 0.0128 833.26 0.022444 
10 400 1 2.1e-06 125 0.74 0.054286 783.27 0.012889 783.24 0.021978 
10 400 1 2.1e-06 150 0.718 0.056608 716.39 0.012744 716.35 0.021653 
10 400 1 2.1e-06 200 0.672 0.050629 472.22 0.012711 472.19 0.020793 
10 400 1 2.1e-06 250 0.588 0.053322 205.59 0.01265 205.55 0.019225 
10 400 1 2.1e-06 300 0.472 0.060424 80.725 0.012523 80.694 0.018418 
10 400 1 2.1e-06 400 0 0 0.026024 0.011175 4.1435e-06 0.014813 
10 500 1 2.1e-06 10 1 0 917.36 0.015678 917.32 0.027957 
10 500 1 2.1e-06 12 1 0 912.3 0.015715 912.25 0.028433 
10 500 1 2.1e-06 15 1 0 911.98 0.015569 911.93 0.028146 
10 500 1 2.1e-06 20 1 0 912.9 0.01556 912.86 0.028149 
10 500 1 2.1e-06 25 1 0 912.99 0.015568 912.94 0.028076 
10 500 1 2.1e-06 30 1 0 911.95 0.015586 911.9 0.028472 
10 500 1 2.1e-06 40 1 0 911.98 0.015562 911.93 0.028263 
10 500 1 2.1e-06 50 0.994 0.00057551 913.6 0.015538 913.55 0.028303 
10 500 1 2.1e-06 60 0.982 0.0027306 912.86 0.015627 912.82 0.028563 
10 500 1 2.1e-06 70 0.96 0.004898 908.28 0.015761 908.23 0.028366 
10 500 1 2.1e-06 80 0.928 0.012669 901.06 0.015551 901.01 0.028198 
10 500 1 2.1e-06 90 0.91 0.015204 890.68 0.015587 890.64 0.028028 
10 500 1 2.1e-06 100 0.892 0.017486 878.1 0.015571 878.06 0.027898 
10 500 1 2.1e-06 125 0.822 0.033588 843.44 0.015568 843.39 0.02784 
10 500 1 2.1e-06 150 0.778 0.045833 807.56 0.015559 807.52 0.027781 
10 500 1 2.1e-06 200 0.71 0.05398 692.07 0.015491 692.02 0.027076 
10 500 1 2.1e-06 250 0.68 0.049796 477.41 0.01549 477.37 0.026096 
10 500 1 2.1e-06 300 0.596 0.048147 234.71 0.015497 234.67 0.024476 
10 500 1 2.1e-06 400 0.404 0.071004 38.719 0.015264 38.681 0.022129 
10 500 1 2.1e-06 500 0 0 0.031646 0.01312 3.255e-06 0.018492 
10 600 1 2.1e-06 10 1 0 917.62 0.018497 917.57 0.033306 
10 600 1 2.1e-06 12 1 0 913.47 0.018562 913.42 0.033676 
10 600 1 2.1e-06 15 1 0 912.4 0.018326 912.34 0.033807 
10 600 1 2.1e-06 20 1 0 912.01 0.018354 911.96 0.033287 
10 600 1 2.1e-06 25 1 0 912.38 0.018352 912.33 0.033409 
10 600 1 2.1e-06 30 1 0 912.28 0.018356 912.23 0.033691 
10 600 1 2.1e-06 40 1 0 911.84 0.018305 911.79 0.033254 
10 600 1 2.1e-06 50 1 0 911.3 0.018308 911.25 0.033335 
10 600 1 2.1e-06 60 0.998 0.0002 910.83 0.018309 910.78 0.033534 
10 600 1 2.1e-06 70 0.978 0.0029755 909.59 0.018307 909.54 0.033346 
10 600 1 2.1e-06 80 0.95 0.0078571 906.91 0.018342 906.86 0.033425 
10 600 1 2.1e-06 90 0.932 0.012424 900.83 0.018499 900.78 0.033473 
10 600 1 2.1e-06 100 0.918 0.012527 893.38 0.01849 893.33 0.03353 
10 600 1 2.1e-06 125 0.864 0.023984 867.23 0.01839 867.18 0.033331 
10 600 1 2.1e-06 150 0.804 0.042841 838.88 0.018276 838.83 0.032898 
10 600 1 2.1e-06 200 0.734 0.05331 772.71 0.018219 772.66 0.032677 
10 600 1 2.1e-06 250 0.71 0.053163 660.81 0.018448 660.76 0.031943 
10 600 1 2.1e-06 300 0.676 0.051657 477.19 0.018075 477.14 0.030694 
10 600 1 2.1e-06 400 0.546 0.046208 153.24 0.018041 153.19 0.028608 
10 600 1 2.1e-06 500 0.34 0.062041 28.316 0.017705 28.272 0.025911 
10 600 1 2.1e-06 600 0 0 0.038308 0.016071 3.7234e-06 0.022204 
10 700 1 2.1e-06 10 1 0 918.37 0.021162 918.31 0.038656 
10 700 1 2.1e-06 12 1 0 914.84 0.021097 914.78 0.03878 
10 700 1 2.1e-06 15 1 0 915.26 0.021195 915.2 0.039359 
10 700 1 2.1e-06 20 1 0 914.16 0.021173 914.1 0.038896 
10 700 1 2.1e-06 25 1 0 914.07 0.02113 914.01 0.038686 
10 700 1 2.1e-06 30 1 0 914.78 0.021182 914.72 0.038765 
10 700 1 2.1e-06 40 1 0 914.74 0.021703 914.67 0.039217 
10 700 1 2.1e-06 50 1 0 914.07 0.021083 914.01 0.038865 
10 700 1 2.1e-06 60 1 0 915.26 0.021192 915.2 0.038892 
10 700 1 2.1e-06 70 1 0 915.39 0.021404 915.33 0.038938 
10 700 1 2.1e-06 80 0.994 0.00098367 913.85 0.021161 913.79 0.039057 
10 700 1 2.1e-06 90 0.982 0.0031388 911.44 0.021163 911.38 0.038561 
10 700 1 2.1e-06 100 0.96 0.0069388 909.31 0.021131 909.25 0.038809 
10 700 1 2.1e-06 125 0.916 0.013616 896.6 0.021172 896.54 0.038756 
10 700 1 2.1e-06 150 0.87 0.023776 873.73 0.021094 873.67 0.038262 
10 700 1 2.1e-06 200 0.792 0.045241 815.04 0.021111 814.98 0.038402 
10 700 1 2.1e-06 250 0.724 0.054514 747.48 0.02105 747.42 0.038971 
10 700 1 2.1e-06 300 0.698 0.052853 631.98 0.020956 631.92 0.036309 
10 700 1 2.1e-06 400 0.616 0.049127 278.11 0.0209 278.06 0.034545 
10 700 1 2.1e-06 500 0.502 0.062649 104.18 0.020675 104.12 0.031818 
10 700 1 2.1e-06 600 0.286 0.047351 11.642 0.020361 11.591 0.030515 
10 700 1 2.1e-06 700 0 0 0.044368 0.018366 3.9488e-06 0.025968 
10 800 1 2.1e-06 10 1 0 918.18 0.024151 918.11 0.044064 
10 800 1 2.1e-06 12 1 0 913.51 0.024017 913.44 0.044473 
10 800 1 2.1e-06 15 1 0 913.54 0.023816 913.47 0.044052 
10 800 1 2.1e-06 20 1 0 913.82 0.023873 913.75 0.044149 
10 800 1 2.1e-06 25 1 0 913.71 0.023818 913.64 0.044177 
10 800 1 2.1e-06 30 1 0 913.91 0.023826 913.84 0.044106 
10 800 1 2.1e-06 40 1 0 913.53 0.024194 913.46 0.044505 
10 800 1 2.1e-06 50 1 0 913.6 0.023854 913.54 0.043859 
10 800 1 2.1e-06 60 1 0 913.58 0.023906 913.51 0.044106 
10 800 1 2.1e-06 70 0.998 0.0002 912.73 0.023836 912.66 0.044176 
10 800 1 2.1e-06 80 0.996 0.00039184 913.51 0.023815 913.44 0.044339 
10 800 1 2.1e-06 90 0.99 0.0013265 912.41 0.023852 912.34 0.044201 
10 800 1 2.1e-06 100 0.974 0.0052286 909.73 0.023899 909.66 0.044705 
10 800 1 2.1e-06 125 0.932 0.011608 901.4 0.023922 901.33 0.044146 
10 800 1 2.1e-06 150 0.89 0.017653 885.5 0.023779 885.44 0.043825 
10 800 1 2.1e-06 200 0.816 0.034841 842.37 0.023793 842.3 0.043634 
10 800 1 2.1e-06 250 0.752 0.053976 796.74 0.023837 796.67 0.043146 
10 800 1 2.1e-06 300 0.722 0.055629 724.14 0.023697 724.07 0.042453 
10 800 1 2.1e-06 400 0.678 0.049914 482.44 0.023623 482.37 0.041337 
10 800 1 2.1e-06 500 0.584 0.051576 201.59 0.023495 201.53 0.038306 
10 800 1 2.1e-06 600 0.47 0.058469 81.027 0.023435 80.967 0.036655 
10 800 1 2.1e-06 700 0.24 0.050612 6.6312 0.023003 6.5745 0.033565 
10 800 1 2.1e-06 800 0 0 0.04918 0.019578 3.4506e-06 0.029566 
10 900 1 2.1e-06 10 1 0 916.02 0.026722 915.95 0.049498 
10 900 1 2.1e-06 12 1 0 911.74 0.026608 911.66 0.049676 
10 900 1 2.1e-06 15 1 0 911.56 0.026681 911.48 0.049782 
10 900 1 2.1e-06 20 1 0 912.03 0.026636 911.95 0.049602 
10 900 1 2.1e-06 25 1 0 912.06 0.026629 911.98 0.049681 
10 900 1 2.1e-06 30 1 0 911.49 0.026687 911.41 0.050012 
10 900 1 2.1e-06 40 1 0 911.26 0.026743 911.19 0.04946 
10 900 1 2.1e-06 50 1 0 911.23 0.026696 911.16 0.049245 
10 900 1 2.1e-06 60 1 0 911.13 0.026638 911.05 0.049418 
10 900 1 2.1e-06 70 1 0 912.48 0.02669 912.4 0.049724 
10 900 1 2.1e-06 80 1 0 912.14 0.026605 912.07 0.049352 
10 900 1 2.1e-06 90 0.996 0.0008 910.94 0.026656 910.86 0.050118 
10 900 1 2.1e-06 100 0.988 0.0018939 910.12 0.026616 910.05 0.049468 
10 900 1 2.1e-06 125 0.958 0.0073837 906.74 0.026626 906.66 0.049769 
10 900 1 2.1e-06 150 0.928 0.012261 897.13 0.026643 897.05 0.049552 
10 900 1 2.1e-06 200 0.864 0.023167 863.48 0.02659 863.4 0.049149 
10 900 1 2.1e-06 250 0.806 0.037718 823.66 0.02659 823.58 0.048772 
10 900 1 2.1e-06 300 0.732 0.053241 776.66 0.026556 776.59 0.048174 
10 900 1 2.1e-06 400 0.694 0.052412 609.28 0.026387 609.21 0.046195 
10 900 1 2.1e-06 500 0.654 0.048249 317.26 0.026301 317.19 0.044798 
10 900 1 2.1e-06 600 0.554 0.049882 139.28 0.026114 139.21 0.041751 
10 900 1 2.1e-06 700 0.442 0.065343 56.306 0.02587 56.24 0.039876 
10 900 1 2.1e-06 800 0.212 0.043527 4.7424 0.025198 4.6799 0.037246 
10 900 1 2.1e-06 900 0 0 0.055505 0.022129 4.8354e-06 0.033339 
10 1000 1 2.1e-06 10 1 0 919.2 0.02983 919.11 0.055577 
10 1000 1 2.1e-06 12 1 0 914.88 0.030644 914.79 0.055514 
10 1000 1 2.1e-06 15 1 0 913.48 0.029617 913.39 0.055928 
10 1000 1 2.1e-06 20 1 0 913.22 0.029558 913.14 0.056147 
10 1000 1 2.1e-06 25 1 0 913.84 0.029524 913.75 0.055618 
10 1000 1 2.1e-06 30 1 0 913.48 0.02953 913.4 0.055529 
10 1000 1 2.1e-06 40 1 0 914.96 0.029564 914.87 0.05557 
10 1000 1 2.1e-06 50 1 0 913.76 0.029613 913.68 0.055975 
10 1000 1 2.1e-06 60 1 0 913.5 0.029588 913.42 0.056074 
10 1000 1 2.1e-06 70 1 0 913.32 0.030379 913.23 0.055525 
10 1000 1 2.1e-06 80 1 0 913.65 0.029689 913.56 0.055757 
10 1000 1 2.1e-06 90 0.998 0.0002 915.2 0.029562 915.11 0.055673 
10 1000 1 2.1e-06 100 0.996 0.0008 915.02 0.02988 914.94 0.056351 
10 1000 1 2.1e-06 125 0.972 0.0045061 912.55 0.029583 912.46 0.055926 
10 1000 1 2.1e-06 150 0.95 0.0090816 905.03 0.029555 904.95 0.055787 
10 1000 1 2.1e-06 200 0.88 0.02 879.27 0.029522 879.18 0.055309 
10 1000 1 2.1e-06 250 0.816 0.035657 844.19 0.029555 844.1 0.055533 
10 1000 1 2.1e-06 300 0.756 0.056392 804.91 0.029441 804.82 0.054065 
10 1000 1 2.1e-06 400 0.714 0.053473 695.59 0.0294 695.5 0.053422 
10 1000 1 2.1e-06 500 0.68 0.050612 480.22 0.029289 480.14 0.05185 
10 1000 1 2.1e-06 600 0.594 0.054861 229.12 0.029189 229.04 0.048763 
10 1000 1 2.1e-06 700 0.498 0.052853 111.49 0.02888 111.41 0.045972 
10 1000 1 2.1e-06 800 0.4 0.060816 40.869 0.028536 40.797 0.043876 
10 1000 1 2.1e-06 900 0.166 0.038208 2.8488 0.029769 2.7756 0.043285 
10 1000 1 2.1e-06 1000 0 0 0.061545 0.024534 4.1258e-06 0.036977 
10 1250 1 2.1e-06 10 1 0 915.51 0.036727 915.41 0.069835 
10 1250 1 2.1e-06 12 1 0 911.88 0.036573 911.77 0.069377 
10 1250 1 2.1e-06 15 1 0 913.32 0.036532 913.22 0.069872 
10 1250 1 2.1e-06 20 1 0 912.72 0.036505 912.61 0.069314 
10 1250 1 2.1e-06 25 1 0 911.41 0.036571 911.3 0.070142 
10 1250 1 2.1e-06 30 1 0 912.79 0.036491 912.69 0.06913 
10 1250 1 2.1e-06 40 1 0 913.08 0.036527 912.97 0.069793 
10 1250 1 2.1e-06 50 1 0 912.93 0.0365 912.82 0.070608 
10 1250 1 2.1e-06 60 1 0 914.35 0.036691 914.24 0.070352 
10 1250 1 2.1e-06 70 1 0 913.85 0.036714 913.75 0.070228 
10 1250 1 2.1e-06 80 1 0 912.01 0.036617 911.91 0.069341 
10 1250 1 2.1e-06 90 1 0 912.29 0.0365 912.18 0.06952 
10 1250 1 2.1e-06 100 1 0 912.18 0.036619 912.08 0.069269 
10 1250 1 2.1e-06 125 1 0 911.79 0.037641 911.68 0.070287 
10 1250 1 2.1e-06 150 0.994 0.00098367 909.92 0.03656 909.82 0.069329 
10 1250 1 2.1e-06 200 0.928 0.011445 899.36 0.036599 899.25 0.069834 
10 1250 1 2.1e-06 250 0.886 0.018371 878.65 0.036526 878.54 0.069175 
10 1250 1 2.1e-06 300 0.846 0.030698 848.69 0.036522 848.58 0.068304 
10 1250 1 2.1e-06 400 0.75 0.052347 784.65 0.03649 784.54 0.068677 
10 1250 1 2.1e-06 500 0.718 0.056608 690.45 0.03646 690.34 0.067543 
10 1250 1 2.1e-06 600 0.684 0.050351 510.53 0.036175 510.43 0.064628 
10 1250 1 2.1e-06 700 0.636 0.050922 300.01 0.036009 299.91 0.062578 
10 1250 1 2.1e-06 800 0.578 0.051139 172.59 0.035893 172.5 0.059857 
10 1250 1 2.1e-06 900 0.486 0.053882 100.07 0.035616 99.978 0.057247 
10 1250 1 2.1e-06 1000 0.416 0.064229 44.859 0.035175 44.77 0.054044 
10 1500 1 2.1e-06 10 1 0 918.35 0.043077 918.22 0.082364 
10 1500 1 2.1e-06 12 1 0 912.94 0.043247 912.81 0.08408 
10 1500 1 2.1e-06 15 1 0 912.6 0.042943 912.47 0.082619 
10 1500 1 2.1e-06 20 1 0 912.56 0.042881 912.44 0.082175 
10 1500 1 2.1e-06 25 1 0 914 0.042938 913.87 0.082456 
10 1500 1 2.1e-06 30 1 0 913.99 0.043158 913.86 0.083677 
10 1500 1 2.1e-06 40 1 0 912.95 0.042989 912.82 0.082524 
10 1500 1 2.1e-06 50 1 0 912.69 0.04291 912.56 0.082404 
10 1500 1 2.1e-06 60 1 0 913.01 0.042975 912.88 0.082818 
10 1500 1 2.1e-06 70 1 0 913.13 0.042923 913 0.08346 
10 1500 1 2.1e-06 80 1 0 912.62 0.043056 912.5 0.082958 
10 1500 1 2.1e-06 90 1 0 912.14 0.042931 912.01 0.082361 
10 1500 1 2.1e-06 100 1 0 911.84 0.042867 911.72 0.082323 
10 1500 1 2.1e-06 125 1 0 910.99 0.042983 910.87 0.082373 
10 1500 1 2.1e-06 150 1 0 911.34 0.042887 911.21 0.081851 
10 1500 1 2.1e-06 200 0.972 0.0045061 907.76 0.043153 907.64 0.082343 
10 1500 1 2.1e-06 250 0.918 0.013751 898.48 0.042937 898.35 0.082296 
10 1500 1 2.1e-06 300 0.878 0.021343 878.2 0.042922 878.08 0.082022 
10 1500 1 2.1e-06 400 0.808 0.037894 828.44 0.042835 828.32 0.081461 
10 1500 1 2.1e-06 500 0.734 0.05331 772.34 0.042731 772.22 0.079935 
10 1500 1 2.1e-06 600 0.714 0.054698 694.98 0.042774 694.85 0.078382 
10 1500 1 2.1e-06 700 0.688 0.052506 542.99 0.042677 542.87 0.077016 
10 1500 1 2.1e-06 800 0.664 0.048882 388.37 0.042818 388.25 0.076966 
10 1500 1 2.1e-06 900 0.598 0.055302 230.54 0.042382 230.42 0.072974 
10 1500 1 2.1e-06 1000 0.568 0.049159 145.39 0.043122 145.27 0.069671 
10 1500 1 2.1e-06 1500 0 0 0.093666 0.037863 4.8354e-06 0.05576 
10 2000 1 2.1e-06 10 1 0 919.27 0.056562 919.1 0.1106 
10 2000 1 2.1e-06 12 1 0 914.74 0.057671 914.57 0.11123 
10 2000 1 2.1e-06 15 1 0 915.62 0.05653 915.45 0.11121 
10 2000 1 2.1e-06 20 1 0 915.92 0.056804 915.75 0.1114 
10 2000 1 2.1e-06 25 1 0 914.21 0.057903 914.04 0.11184 
10 2000 1 2.1e-06 30 1 0 913.58 0.05677 913.41 0.11149 
10 2000 1 2.1e-06 40 1 0 914.68 0.056673 914.51 0.11103 
10 2000 1 2.1e-06 50 1 0 914.84 0.056673 914.67 0.11201 
10 2000 1 2.1e-06 60 1 0 916.31 0.056527 916.14 0.11105 
10 2000 1 2.1e-06 70 1 0 998.25 0.05913 998.07 0.12684 
10 2000 1 2.1e-06 80 1 0 1014 0.059421 1013.8 0.12986 
10 2000 1 2.1e-06 90 1 0 1010.6 0.059568 1010.4 0.13113 
10 2000 1 2.1e-06 100 1 0 1012.5 0.05993 1012.4 0.13082 
10 2000 1 2.1e-06 125 1 0 1011.9 0.059813 1011.7 0.13151 
10 2000 1 2.1e-06 150 1 0 1009.6 0.059438 1009.4 0.12973 
10 2000 1 2.1e-06 200 0.998 0.0002 1011.6 0.059762 1011.4 0.13085 
10 2000 1 2.1e-06 250 0.984 0.0034122 1010 0.060019 1009.8 0.13122 
10 2000 1 2.1e-06 300 0.938 0.010159 1000.2 0.059721 1000 0.12995 
10 2000 1 2.1e-06 400 0.886 0.020412 973.35 0.059755 973.16 0.13094 
10 2000 1 2.1e-06 500 0.832 0.033241 931.61 0.059654 931.42 0.12915 
10 2000 1 2.1e-06 600 0.746 0.055596 886.26 0.059149 886.08 0.12595 
10 2000 1 2.1e-06 700 0.726 0.055433 832.95 0.059097 832.76 0.12561 
10 2000 1 2.1e-06 800 0.714 0.054698 754.51 0.05857 754.33 0.12262 
10 2000 1 2.1e-06 900 0.698 0.051629 611.53 0.057295 611.36 0.11367 
10 2000 1 2.1e-06 1000 0.678 0.052363 488.58 0.056836 488.42 0.10821 
10 2000 1 2.1e-06 1500 0.47 0.055204 78.005 0.055738 77.855 0.094094 
10 2000 1 2.1e-06 2000 0 0 0.12928 0.050394 6.0294e-06 0.078842 
10 3000 1 2.1e-06 10 1 0 914.39 0.082983 914.14 0.16426 
10 3000 1 2.1e-06 12 1 0 912.01 0.083265 911.76 0.16446 
10 3000 1 2.1e-06 15 1 0 911.93 0.082826 911.68 0.16336 
10 3000 1 2.1e-06 20 1 0 936.21 0.08373 935.95 0.17518 
10 3000 1 2.1e-06 25 1 0 950.43 0.084459 950.16 0.18371 
10 3000 1 2.1e-06 30 1 0 949.97 0.084453 949.71 0.18151 
10 3000 1 2.1e-06 40 1 0 947.46 0.08427 947.19 0.18258 
10 3000 1 2.1e-06 50 1 0 949.54 0.084252 949.28 0.18246 
10 3000 1 2.1e-06 60 1 0 949.02 0.083891 948.75 0.18058 
10 3000 1 2.1e-06 70 1 0 951.8 0.084247 951.53 0.18279 
10 3000 1 2.1e-06 80 1 0 968.7 0.086566 968.42 0.18612 
10 3000 1 2.1e-06 90 1 0 962.29 0.085169 962.02 0.18438 
10 3000 1 2.1e-06 100 1 0 961.55 0.085094 961.29 0.18254 
10 3000 1 2.1e-06 125 1 0 928.31 0.083629 928.06 0.1712 
10 3000 1 2.1e-06 150 1 0 914.05 0.084464 913.8 0.16376 
10 3000 1 2.1e-06 200 1 0 910.82 0.082941 910.57 0.16375 
10 3000 1 2.1e-06 250 1 0 910.83 0.08295 910.58 0.1633 
10 3000 1 2.1e-06 300 0.998 0.0002 909.32 0.082698 909.08 0.16302 
10 3000 1 2.1e-06 400 0.974 0.0044122 906.14 0.082826 905.89 0.16414 
10 3000 1 2.1e-06 500 0.92 0.013878 920.47 0.084046 920.22 0.16985 
10 3000 1 2.1e-06 600 0.872 0.021241 934.72 0.086069 934.45 0.18034 
10 3000 1 2.1e-06 700 0.844 0.029045 853.95 0.083001 853.71 0.16226 
10 3000 1 2.1e-06 800 0.796 0.043657 824.9 0.084057 824.65 0.16202 
10 3000 1 2.1e-06 900 0.76 0.056735 800.66 0.083049 800.42 0.16049 
10 3000 1 2.1e-06 1000 0.726 0.054616 770.77 0.082436 770.53 0.15835 
10 3000 1 2.1e-06 1500 0.676 0.051657 472.57 0.082231 472.33 0.15361 
10 3000 1 2.1e-06 2000 0.554 0.049065 139.47 0.081446 139.25 0.1383 
10 3000 1 2.1e-06 2500 0.322 0.056037 19.879 0.081013 19.668 0.12975 
10 3000 1 2.1e-06 3000 0 0 0.18755 0.072947 4.5383e-06 0.11456 
10 4000 1 2.1e-06 10 1 0 914.03 0.10956 913.7 0.21915 
10 4000 1 2.1e-06 12 1 0 911.04 0.10969 910.71 0.21991 
10 4000 1 2.1e-06 15 1 0 910.86 0.10967 910.53 0.21953 
10 4000 1 2.1e-06 20 1 0 913.82 0.11017 913.49 0.2231 
10 4000 1 2.1e-06 25 1 0 911.94 0.10981 911.6 0.22227 
10 4000 1 2.1e-06 30 1 0 912.32 0.10951 911.99 0.22073 
10 4000 1 2.1e-06 40 1 0 911.64 0.10952 911.31 0.22178 
10 4000 1 2.1e-06 50 1 0 912.07 0.10974 911.74 0.22046 
10 4000 1 2.1e-06 60 1 0 912.84 0.10961 912.51 0.22303 
10 4000 1 2.1e-06 70 1 0 912.4 0.10965 912.07 0.22024 
10 4000 1 2.1e-06 80 1 0 911.88 0.11018 911.55 0.22312 
10 4000 1 2.1e-06 90 1 0 911.88 0.11013 911.55 0.22098 
10 4000 1 2.1e-06 100 1 0 911.3 0.10965 910.97 0.22136 
10 4000 1 2.1e-06 125 1 0 911.51 0.11016 911.18 0.2207 
10 4000 1 2.1e-06 150 1 0 911.29 0.10963 910.96 0.22021 
10 4000 1 2.1e-06 200 1 0 912 0.11013 911.67 0.22204 
10 4000 1 2.1e-06 250 1 0 913.11 0.10991 912.78 0.22097 
10 4000 1 2.1e-06 300 1 0 913.51 0.11021 913.17 0.22514 
10 4000 1 2.1e-06 400 1 0 912.35 0.1106 912.02 0.22034 
10 4000 1 2.1e-06 500 0.99 0.0017347 911.23 0.10949 910.9 0.22056 
10 4000 1 2.1e-06 600 0.954 0.0074327 904.69 0.10958 904.36 0.22177 
10 4000 1 2.1e-06 700 0.912 0.013731 894.48 0.10945 894.15 0.21871 
10 4000 1 2.1e-06 800 0.89 0.018061 880.3 0.10921 879.97 0.21679 
10 4000 1 2.1e-06 900 0.856 0.02578 861.78 0.10955 861.45 0.21912 
10 4000 1 2.1e-06 1000 0.822 0.033996 841.99 0.10934 841.67 0.2174 
10 4000 1 2.1e-06 1500 0.72 0.055918 725.24 0.10896 724.92 0.21126 
10 4000 1 2.1e-06 2000 0.68 0.050612 479.51 0.10884 479.19 0.20654 
10 4000 1 2.1e-06 2500 0.588 0.053322 196.92 0.10776 196.62 0.19215 
10 4000 1 2.1e-06 3000 0.47 0.059694 76.394 0.1063 76.109 0.17811 
10 4000 1 2.1e-06 4000 0 0 0.25586 0.097975 5.0394e-06 0.15783 
10 5000 1 2.1e-06 10 1 0 916.68 0.13622 916.28 0.27139 
10 5000 1 2.1e-06 12 1 0 911.76 0.13522 911.35 0.27227 
10 5000 1 2.1e-06 15 1 0 912.83 0.13604 912.42 0.27654 
10 5000 1 2.1e-06 20 1 0 913.15 0.13549 912.74 0.27056 
10 5000 1 2.1e-06 25 1 0 912.09 0.13581 911.68 0.27414 
10 5000 1 2.1e-06 30 1 0 912 0.13536 911.6 0.27133 
10 5000 1 2.1e-06 40 1 0 912.38 0.13564 911.98 0.27022 
10 5000 1 2.1e-06 50 1 0 913.52 0.13583 913.12 0.27107 
10 5000 1 2.1e-06 60 1 0 937.15 0.13804 936.73 0.28487 
10 5000 1 2.1e-06 70 1 0 973.48 0.14173 973.03 0.30156 
10 5000 1 2.1e-06 80 1 0 914.67 0.1364 914.26 0.27525 
10 5000 1 2.1e-06 90 1 0 912.76 0.13555 912.35 0.27133 
10 5000 1 2.1e-06 100 1 0 914.18 0.13574 913.77 0.27319 
10 5000 1 2.1e-06 125 1 0 914.03 0.13589 913.62 0.27492 
10 5000 1 2.1e-06 150 1 0 914.24 0.13589 913.83 0.27518 
10 5000 1 2.1e-06 200 1 0 913.61 0.13557 913.2 0.27337 
10 5000 1 2.1e-06 250 1 0 912.82 0.13565 912.41 0.27454 
10 5000 1 2.1e-06 300 1 0 914.55 0.13585 914.14 0.27187 
10 5000 1 2.1e-06 400 1 0 914.46 0.1359 914.05 0.27664 
10 5000 1 2.1e-06 500 1 0 913.21 0.13559 912.8 0.27297 
10 5000 1 2.1e-06 600 0.988 0.0018939 958.72 0.14033 958.28 0.29495 
10 5000 1 2.1e-06 700 0.956 0.0070041 1005 0.14474 1004.6 0.31752 
10 5000 1 2.1e-06 800 0.932 0.0112 943.09 0.13949 942.65 0.29304 
10 5000 1 2.1e-06 900 0.908 0.01422 995.78 0.14621 995.31 0.32043 
10 5000 1 2.1e-06 1000 0.88 0.022041 896.52 0.13684 896.1 0.27901 
10 5000 1 2.1e-06 1500 0.754 0.05682 802.88 0.13484 802.48 0.26429 
10 5000 1 2.1e-06 2000 0.712 0.054139 694.76 0.13458 694.37 0.26182 
10 5000 1 2.1e-06 2500 0.678 0.052363 483.46 0.13514 483.07 0.2596 
10 5000 1 2.1e-06 3000 0.594 0.049555 248.27 0.13932 247.86 0.27185 
10 5000 1 2.1e-06 4000 0.406 0.062616 43.733 0.13906 43.342 0.25219 
10 5000 1 2.1e-06 5000 0 0 0.38281 0.13726 1.3559e-05 0.24547 
10 7500 1 2.1e-06 10 1 0 975.37 0.20935 974.71 0.45703 
10 7500 1 2.1e-06 12 1 0 996.39 0.20885 995.71 0.47918 
10 7500 1 2.1e-06 15 1 0 950.48 0.20331 949.82 0.45197 
10 7500 1 2.1e-06 20 1 0 916.87 0.19803 916.26 0.41696 
10 7500 1 2.1e-06 25 1 0 918.6 0.19876 917.98 0.4166 
10 7500 1 2.1e-06 30 1 0 1010.2 0.21401 1009.5 0.48764 
10 7500 1 2.1e-06 40 1 0 1013.8 0.21563 1013.1 0.49021 
10 7500 1 2.1e-06 50 1 0 972.61 0.20718 971.95 0.46198 
10 7500 1 2.1e-06 60 1 0 917.6 0.19779 916.98 0.41743 
10 7500 1 2.1e-06 70 1 0 917.48 0.19779 916.86 0.41864 
10 7500 1 2.1e-06 80 1 0 916.08 0.1985 915.46 0.41522 
10 7500 1 2.1e-06 90 1 0 917.44 0.19781 916.83 0.41731 
10 7500 1 2.1e-06 100 1 0 917.32 0.19991 916.71 0.41639 
10 7500 1 2.1e-06 125 1 0 916.75 0.19924 916.13 0.41407 
10 7500 1 2.1e-06 150 1 0 915.9 0.19955 915.28 0.42261 
10 7500 1 2.1e-06 200 1 0 915.87 0.19754 915.26 0.4137 
10 7500 1 2.1e-06 250 1 0 916.35 0.19814 915.73 0.41506 
10 7500 1 2.1e-06 300 1 0 916.01 0.19799 915.39 0.41877 
10 7500 1 2.1e-06 400 1 0 916.12 0.19828 915.51 0.41644 
10 7500 1 2.1e-06 500 1 0 915.88 0.19765 915.26 0.41726 
10 7500 1 2.1e-06 600 1 0 916.9 0.19783 916.29 0.41456 
10 7500 1 2.1e-06 700 1 0 916.28 0.19774 915.67 0.41815 
10 7500 1 2.1e-06 800 0.996 0.0008 914.95 0.19796 914.34 0.41834 
10 7500 1 2.1e-06 900 0.988 0.0018939 913.9 0.19794 913.29 0.41516 
10 7500 1 2.1e-06 1000 0.97 0.0054082 911.21 0.19767 910.59 0.41511 
10 7500 1 2.1e-06 1500 0.884 0.018922 881.23 0.19788 880.62 0.41078 
10 7500 1 2.1e-06 2000 0.804 0.039984 832.12 0.1969 831.51 0.40819 
10 7500 1 2.1e-06 2500 0.732 0.053649 777.77 0.19827 777.17 0.40411 
10 7500 1 2.1e-06 3000 0.714 0.054698 699.14 0.19783 698.54 0.40324 
10 7500 1 2.1e-06 4000 0.664 0.048882 426.6 0.20496 425.97 0.41811 
10 7500 1 2.1e-06 5000 0.556 0.050678 154.32 0.20476 153.74 0.37889 
10 7500 1 2.1e-06 7500 0 0 0.55733 0.2036 1.3273e-05 0.35363 
10 10000 1 2.1e-06 10 1 0 980.65 0.27571 979.77 0.60699 
10 10000 1 2.1e-06 12 1 0 978.94 0.27548 978.06 0.60425 
10 10000 1 2.1e-06 15 1 0 979.22 0.2754 978.33 0.61145 
10 10000 1 2.1e-06 20 1 0 940.86 0.2673 940.02 0.5753 
10 10000 1 2.1e-06 25 1 0 940.24 0.26469 939.42 0.56052 
10 10000 1 2.1e-06 30 1 0 939.81 0.26708 938.97 0.57061 
10 10000 1 2.1e-06 40 1 0 939.26 0.26572 938.43 0.56143 
10 10000 1 2.1e-06 50 1 0 941.37 0.26661 940.53 0.57275 
10 10000 1 2.1e-06 60 1 0 942.99 0.26778 942.15 0.56913 
10 10000 1 2.1e-06 70 1 0 939.02 0.26518 938.18 0.56651 
10 10000 1 2.1e-06 80 1 0 922.9 0.2597 922.08 0.56506 
10 10000 1 2.1e-06 90 1 0 918.33 0.25838 917.52 0.5516 
10 10000 1 2.1e-06 100 1 0 917.81 0.25884 916.99 0.55797 
10 10000 1 2.1e-06 125 1 0 918.55 0.25741 917.74 0.55583 
10 10000 1 2.1e-06 150 1 0 918.53 0.25766 917.72 0.55605 
10 10000 1 2.1e-06 200 1 0 917.8 0.25776 916.98 0.55654 
10 10000 1 2.1e-06 250 1 0 918.5 0.25767 917.69 0.55313 
10 10000 1 2.1e-06 300 1 0 918.74 0.25764 917.92 0.55923 
10 10000 1 2.1e-06 400 1 0 918.8 0.25659 917.99 0.55141 
10 10000 1 2.1e-06 500 1 0 918.65 0.25911 917.84 0.55415 
10 10000 1 2.1e-06 600 1 0 917.88 0.25791 917.06 0.56247 
10 10000 1 2.1e-06 700 1 0 918.13 0.25807 917.32 0.55405 
10 10000 1 2.1e-06 800 1 0 918.56 0.25986 917.74 0.55603 
10 10000 1 2.1e-06 900 1 0 918.49 0.25812 917.67 0.5587 
10 10000 1 2.1e-06 1000 0.998 0.0002 918.68 0.25786 917.87 0.55616 
10 10000 1 2.1e-06 1500 0.946 0.0094735 909.94 0.25754 909.13 0.55302 
10 10000 1 2.1e-06 2000 0.882 0.019873 885.05 0.25667 884.25 0.54705 
10 10000 1 2.1e-06 2500 0.826 0.033392 847.24 0.25743 846.43 0.54916 
10 10000 1 2.1e-06 3000 0.77 0.052347 810.02 0.25915 809.22 0.54623 
10 10000 1 2.1e-06 4000 0.716 0.055657 699.98 0.25468 699.2 0.52413 
10 10000 1 2.1e-06 5000 0.68 0.050612 485.27 0.2563 484.5 0.52216 
10 10000 1 2.1e-06 7500 0.472 0.061649 76.208 0.25245 75.501 0.45487 
10 10000 1 2.1e-06 10000 0 0 0.68096 0.24983 1.4363e-05 0.43106 
10 15000 1 2.1e-06 10 1 0 922.2 0.37056 921.02 0.8084 
10 15000 1 2.1e-06 12 1 0 915.36 0.37281 914.17 0.81154 
10 15000 1 2.1e-06 15 1 0 915.66 0.36937 914.49 0.80483 
10 15000 1 2.1e-06 20 1 0 916.3 0.37064 915.13 0.80456 
10 15000 1 2.1e-06 25 1 0 917.26 0.37027 916.07 0.81002 
10 15000 1 2.1e-06 30 1 0 916.7 0.37055 915.51 0.81578 
10 15000 1 2.1e-06 40 1 0 916.5 0.36996 915.32 0.80822 
10 15000 1 2.1e-06 50 1 0 916.6 0.37175 915.42 0.80868 
10 15000 1 2.1e-06 60 1 0 916.44 0.36931 915.27 0.80564 
10 15000 1 2.1e-06 70 1 0 917.35 0.37003 916.17 0.81138 
10 15000 1 2.1e-06 80 1 0 916.38 0.37199 915.19 0.81148 
10 15000 1 2.1e-06 90 1 0 916.26 0.37137 915.08 0.80438 
10 15000 1 2.1e-06 100 1 0 915.92 0.37061 914.75 0.80685 
10 15000 1 2.1e-06 125 1 0 920.67 0.37125 919.49 0.81097 
10 15000 1 2.1e-06 150 1 0 923.55 0.37141 922.36 0.81642 
10 15000 1 2.1e-06 200 1 0 925.25 0.37496 924.06 0.82342 
10 15000 1 2.1e-06 250 1 0 1022.1 0.41914 1020.8 0.96344 
10 15000 1 2.1e-06 300 1 0 1020.3 0.4186 1019 0.94343 
10 15000 1 2.1e-06 400 1 0 920.15 0.37271 918.95 0.82439 
10 15000 1 2.1e-06 500 1 0 916.76 0.37005 915.58 0.81498 
10 15000 1 2.1e-06 600 1 0 919.97 0.37158 918.79 0.80729 
10 15000 1 2.1e-06 700 1 0 947.75 0.38056 946.54 0.8312 
10 15000 1 2.1e-06 800 1 0 1023.5 0.39926 1022.2 0.84751 
10 15000 1 2.1e-06 900 1 0 1017.2 0.39753 1016 0.83636 
10 15000 1 2.1e-06 1000 1 0 1016.5 0.39625 1015.2 0.84063 
10 15000 1 2.1e-06 1500 0.998 0.0002 942.08 0.37866 940.88 0.81838 
10 15000 1 2.1e-06 2000 0.974 0.0048204 951.17 0.38801 949.95 0.82718 
10 15000 1 2.1e-06 2500 0.918 0.013751 939.91 0.3866 938.7 0.82021 
10 15000 1 2.1e-06 3000 0.884 0.020147 929.09 0.39222 927.86 0.8357 
10 15000 1 2.1e-06 4000 0.804 0.039984 855.21 0.3786 854.02 0.80723 
10 15000 1 2.1e-06 5000 0.732 0.053649 807.17 0.37809 806 0.79401 
10 15000 1 2.1e-06 7500 0.68 0.050612 504.66 0.38024 503.5 0.78169 
10 15000 1 2.1e-06 10000 0.558 0.048608 141.22 0.36502 140.16 0.68795 
