10 1 5 0.00021 1 0.218 0.055384 33.32 0.015731 33.304 0.00010362 
10 5 5 0.00021 1 0.626 0.098698 156.87 0.069367 156.8 0.00031139 
10 5 5 0.00021 2 0.32 0.10531 12.955 0.068667 12.886 0.00028515 
10 5 5 0.00021 3 0.156 0.068637 1.951 0.064301 1.8864 0.00022931 
10 5 5 0.00021 4 0.04 0.0073469 0.48381 0.062416 0.42117 0.00019535 
10 5 5 0.00021 5 0.002 0.0002 0.078671 0.060609 0.017859 0.00017567 
10 10 5 0.00021 1 0.8 0.062041 286.42 0.13403 286.28 0.00065218 
10 10 5 0.00021 2 0.566 0.099841 46.357 0.13296 46.223 0.0004431 
10 10 5 0.00021 3 0.376 0.11329 9.9678 0.133 9.8342 0.00045367 
10 10 5 0.00021 4 0.214 0.091024 3.6786 0.13073 3.5473 0.00037989 
10 10 5 0.00021 5 0.124 0.066351 2.0357 0.12757 1.9077 0.00035369 
10 10 5 0.00021 8 0.008 0.00075102 0.28893 0.12385 0.16468 0.00033941 
10 10 5 0.00021 10 0.002 0.0002 0.15768 0.12135 0.035957 0.0003198 
10 25 5 0.00021 1 0.92 0.028163 572.67 0.32665 572.34 0.001477 
10 25 5 0.00021 2 0.822 0.066649 191.3 0.32003 190.98 0.001034 
10 25 5 0.00021 3 0.712 0.11781 52.678 0.31813 52.36 0.00065929 
10 25 5 0.00021 4 0.602 0.13693 18.695 0.31798 18.377 0.0006309 
10 25 5 0.00021 5 0.516 0.14219 9.9843 0.31559 9.6681 0.00058404 
10 25 5 0.00021 8 0.278 0.12175 4.4534 0.31485 4.1379 0.00057473 
10 25 5 0.00021 10 0.19 0.099694 3.0161 0.31462 2.7009 0.00057236 
10 25 5 0.00021 12 0.122 0.058486 1.9209 0.31468 1.6056 0.00057228 
10 25 5 0.00021 15 0.034 0.012902 0.65086 0.31436 0.33585 0.00057393 
10 25 5 0.00021 20 0.002 0.0002 0.33273 0.31421 0.017881 0.00057282 
10 25 5 0.00021 25 0 0 0.31488 0.31423 1.2265e-05 0.00057113 
10 50 5 0.00021 1 0.97 0.0082653 827.9 0.64931 827.25 0.0022493 
10 50 5 0.00021 2 0.928 0.019608 444.46 0.63749 443.82 0.001813 
10 50 5 0.00021 3 0.872 0.048996 198.14 0.62973 197.51 0.0013204 
10 50 5 0.00021 4 0.816 0.070759 79.37 0.62781 78.741 0.0011179 
10 50 5 0.00021 5 0.762 0.097506 35.104 0.62341 34.48 0.00097821 
10 50 5 0.00021 8 0.618 0.146 11.337 0.62485 10.711 0.0010194 
10 50 5 0.00021 10 0.532 0.15487 8.4204 0.62274 7.7966 0.0009456 
10 50 5 0.00021 12 0.404 0.13386 6.1994 0.62171 5.5767 0.0009614 
10 50 5 0.00021 15 0.292 0.12524 4.6094 0.62162 3.9868 0.00096218 
10 50 5 0.00021 20 0.164 0.091331 2.7285 0.62136 2.1061 0.00094932 
10 50 5 0.00021 25 0.086 0.050208 1.502 0.62119 0.87977 0.00094509 
10 50 5 0.00021 30 0.032 0.012833 0.92663 0.62103 0.30457 0.00094846 
10 50 5 0.00021 40 0.002 0.0002 0.63993 0.62105 0.017853 0.00094719 
10 50 5 0.00021 50 0 0 0.62199 0.62095 1.9606e-05 0.00094917 
10 75 5 0.00021 1 0.992 0.0011592 954.62 0.98596 953.63 0.0046486 
10 75 5 0.00021 2 0.966 0.0084122 677.98 0.97374 677 0.004164 
10 75 5 0.00021 3 0.908 0.030955 398.03 0.96532 397.06 0.0033339 
10 75 5 0.00021 4 0.858 0.061261 199.93 0.95679 198.97 0.0025849 
10 75 5 0.00021 5 0.82 0.080816 92.699 0.95488 91.742 0.0023717 
10 75 5 0.00021 8 0.726 0.11829 19.756 0.95031 18.803 0.0019391 
10 75 5 0.00021 10 0.662 0.14649 14.037 0.94879 13.086 0.0019436 
10 75 5 0.00021 12 0.6 0.16612 11.067 0.95071 10.115 0.0019234 
10 75 5 0.00021 15 0.508 0.16891 8.8456 0.95224 7.8911 0.0021182 
10 75 5 0.00021 20 0.332 0.13732 5.5574 0.94857 4.6068 0.0019214 
10 75 5 0.00021 25 0.214 0.10898 3.8336 0.9485 2.8831 0.0019175 
10 75 5 0.00021 30 0.146 0.089882 2.774 0.94857 1.8234 0.0019309 
10 75 5 0.00021 40 0.052 0.024996 1.5152 0.94816 0.56501 0.0019241 
10 75 5 0.00021 50 0.01 0.0013265 1.0182 0.94806 0.068129 0.0019133 
10 75 5 0.00021 60 0.002 0.0002 0.96737 0.94811 0.017241 0.001931 
10 75 5 0.00021 70 0 0 0.95004 0.94803 1.4883e-05 0.0019176 
10 100 5 0.00021 1 0.99 0.0017347 997.94 1.2514 996.69 0.0041784 
10 100 5 0.00021 2 0.974 0.0093102 813.91 1.2491 812.65 0.0040254 
10 100 5 0.00021 3 0.936 0.019494 569.1 1.2469 567.85 0.0033229 
10 100 5 0.00021 4 0.898 0.041424 347.05 1.2447 345.8 0.0027944 
10 100 5 0.00021 5 0.874 0.057065 191.58 1.2436 190.33 0.0023146 
10 100 5 0.00021 8 0.792 0.09422 33.614 1.2428 32.369 0.0018884 
10 100 5 0.00021 10 0.746 0.11233 19.379 1.2408 18.137 0.0018053 
10 100 5 0.00021 12 0.696 0.13182 15.137 1.2441 13.891 0.0019349 
10 100 5 0.00021 15 0.614 0.15307 11.578 1.2407 10.336 0.0018149 
10 100 5 0.00021 20 0.5 0.17143 8.0315 1.2395 6.7901 0.0018078 
10 100 5 0.00021 25 0.366 0.15331 6.0253 1.2394 4.7839 0.001796 
10 100 5 0.00021 30 0.284 0.13811 4.8013 1.2398 3.5596 0.0018093 
10 100 5 0.00021 40 0.156 0.084147 3.0985 1.2395 1.8571 0.0018098 
10 100 5 0.00021 50 0.076 0.051249 1.9738 1.2393 0.73261 0.0017988 
10 100 5 0.00021 60 0.024 0.0051265 1.4328 1.2396 0.19133 0.0018068 
10 100 5 0.00021 70 0.008 0.00075102 1.3073 1.2396 0.065892 0.0017979 
10 100 5 0.00021 80 0.002 0.0002 1.2594 1.2396 0.017901 0.0017979 
10 100 5 0.00021 90 0 0 1.2417 1.2398 1.3283e-05 0.0018117 
10 100 5 0.00021 100 0 0 1.2418 1.2399 1.2808e-05 0.0017949 
10 125 5 0.00021 1 1 0 1030.1 1.5561 1028.5 0.0052391 
10 125 5 0.00021 2 0.994 0.00098367 908.78 1.556 907.22 0.0051003 
10 125 5 0.00021 3 0.97 0.0082653 713.66 1.5527 712.1 0.0045576 
10 125 5 0.00021 4 0.942 0.020853 497.68 1.5499 496.13 0.0038277 
10 125 5 0.00021 5 0.91 0.040102 314.9 1.5519 313.34 0.0033665 
10 125 5 0.00021 8 0.818 0.081098 63.002 1.5472 61.452 0.0024275 
10 125 5 0.00021 10 0.78 0.1 28.632 1.5447 27.085 0.0022251 
10 125 5 0.00021 12 0.756 0.11068 20.144 1.5441 18.597 0.0023753 
10 125 5 0.00021 15 0.724 0.12758 15.489 1.5448 13.942 0.002231 
10 125 5 0.00021 20 0.636 0.15011 10.93 1.5431 9.3849 0.002209 
10 125 5 0.00021 25 0.506 0.15935 8.1829 1.543 6.6376 0.0022104 
10 125 5 0.00021 30 0.386 0.15756 6.6533 1.5429 5.1081 0.0022073 
10 125 5 0.00021 40 0.258 0.11922 4.6746 1.5428 3.1295 0.0022 
10 125 5 0.00021 50 0.142 0.082894 3.2265 1.5426 1.6816 0.0021982 
10 125 5 0.00021 60 0.082 0.050486 2.394 1.5424 0.84934 0.0022127 
10 125 5 0.00021 70 0.042 0.022486 1.9296 1.5591 0.36824 0.0022104 
10 125 5 0.00021 80 0.014 0.0028612 1.6514 1.5481 0.10085 0.0023637 
10 125 5 0.00021 90 0.004 0.00039184 1.5773 1.5446 0.030427 0.0022194 
10 125 5 0.00021 100 0.002 0.0002 1.5615 1.5425 0.01674 0.0022053 
10 125 5 0.00021 125 0 0 1.5452 1.5429 1.2936e-05 0.0022096 
10 150 5 0.00021 1 0.998 0.0002 1050.9 2.0022 1048.9 0.0047878 
10 150 5 0.00021 2 0.992 0.0011592 972.8 2.0016 970.79 0.0049387 
10 150 5 0.00021 3 0.978 0.0054245 827.96 1.9996 825.95 0.0046538 
10 150 5 0.00021 4 0.968 0.0083429 641.62 1.9973 639.62 0.0044063 
10 150 5 0.00021 5 0.954 0.013147 449.89 1.9962 447.89 0.0040443 
10 150 5 0.00021 8 0.88 0.047755 107.43 1.9928 105.43 0.0034377 
10 150 5 0.00021 10 0.826 0.0738 44.283 1.9898 42.289 0.0033462 
10 150 5 0.00021 12 0.8 0.09102 26.595 1.9906 24.601 0.0033554 
10 150 5 0.00021 15 0.766 0.11086 19.22 1.9891 17.227 0.0032875 
10 150 5 0.00021 20 0.678 0.14175 13.896 1.9873 11.906 0.0032847 
10 150 5 0.00021 25 0.602 0.15571 10.765 1.9871 8.7743 0.0032589 
10 150 5 0.00021 30 0.492 0.16034 8.6411 1.9872 6.6506 0.0032644 
10 150 5 0.00021 40 0.326 0.14033 6.2381 1.9943 4.2404 0.0033172 
10 150 5 0.00021 50 0.236 0.12072 5.0599 1.9889 3.0676 0.0032702 
10 150 5 0.00021 60 0.16 0.10571 3.7193 1.9869 1.7291 0.0032649 
10 150 5 0.00021 70 0.108 0.071363 2.8928 1.9868 0.9026 0.0032705 
10 150 5 0.00021 80 0.052 0.023771 2.3707 1.9868 0.38058 0.0032522 
10 150 5 0.00021 90 0.02 0.0040816 2.1381 1.9871 0.14763 0.0032702 
10 150 5 0.00021 100 0.008 0.0011592 2.0474 1.987 0.057102 0.0032572 
10 150 5 0.00021 125 0 0 1.9904 1.987 1.4985e-05 0.0032626 
10 150 5 0.00021 150 0 0 1.9899 1.9865 1.2444e-05 0.0032599 
10 200 5 0.00021 1 1 0 1062.3 2.7543 1059.5 0.0068381 
10 200 5 0.00021 2 1 0 1036.5 2.7537 1033.7 0.0070419 
10 200 5 0.00021 3 0.994 0.00057551 963.05 2.7582 960.29 0.0068604 
10 200 5 0.00021 4 0.982 0.0023224 845.17 2.751 842.41 0.0064936 
10 200 5 0.00021 5 0.966 0.0067796 690.01 2.7476 687.25 0.0060463 
10 200 5 0.00021 8 0.902 0.043465 255.9 2.7421 253.15 0.0048173 
10 200 5 0.00021 10 0.872 0.05471 111.38 2.7385 108.64 0.0043321 
10 200 5 0.00021 12 0.852 0.068669 51.237 2.7389 48.494 0.0041549 
10 200 5 0.00021 15 0.802 0.09122 26.919 2.7366 24.179 0.0040421 
10 200 5 0.00021 20 0.742 0.12779 18.678 2.7344 15.939 0.0040398 
10 200 5 0.00021 25 0.702 0.1402 15.538 2.7379 12.796 0.0041669 
10 200 5 0.00021 30 0.652 0.1601 12.921 2.7366 10.18 0.0040259 
10 200 5 0.00021 40 0.474 0.15666 9.0111 2.7353 6.2716 0.0039952 
10 200 5 0.00021 50 0.362 0.14649 7.3397 2.7354 4.6002 0.003997 
10 200 5 0.00021 60 0.27 0.13071 6.1607 2.7351 3.4215 0.0039999 
10 200 5 0.00021 70 0.194 0.112 5.2762 2.7335 2.5385 0.0040023 
10 200 5 0.00021 80 0.138 0.090976 4.3452 2.7346 1.6065 0.0039844 
10 200 5 0.00021 90 0.098 0.063057 3.6726 2.7345 0.93397 0.003997 
10 200 5 0.00021 100 0.066 0.039433 3.296 2.7349 0.557 0.0040001 
10 200 5 0.00021 125 0.01 0.0033673 2.8473 2.7526 0.090425 0.0041369 
10 200 5 0.00021 150 0.002 0.0002 2.7575 2.7361 0.017237 0.0039958 
10 200 5 0.00021 200 0 0 2.7384 2.7343 1.652e-05 0.003991 
10 250 5 0.00021 1 1 0 1070.6 3.1021 1067.5 0.0099212 
10 250 5 0.00021 2 1 0 1059.2 3.1013 1056 0.0098332 
10 250 5 0.00021 3 1 0 1027.6 3.1021 1024.4 0.0098117 
10 250 5 0.00021 4 1 0 960.52 3.1033 957.41 0.0094304 
10 250 5 0.00021 5 0.988 0.0014857 856.65 3.1008 853.54 0.0089132 
10 250 5 0.00021 8 0.95 0.011122 442.92 3.0946 439.81 0.0069403 
10 250 5 0.00021 10 0.922 0.023792 223.32 3.0923 220.22 0.0054478 
10 250 5 0.00021 12 0.89 0.051122 106.59 3.0886 103.5 0.0050189 
10 250 5 0.00021 15 0.85 0.06949 44.385 3.0898 41.291 0.0046983 
10 250 5 0.00021 20 0.798 0.094486 24.134 3.0863 21.043 0.0043803 
10 250 5 0.00021 25 0.748 0.12091 19.194 3.0888 16.1 0.0046842 
10 250 5 0.00021 30 0.714 0.13674 16.354 3.0858 13.264 0.0043726 
10 250 5 0.00021 40 0.62 0.16408 11.817 3.0851 8.7274 0.0043874 
10 250 5 0.00021 50 0.478 0.15808 9.3636 3.0851 6.274 0.0043644 
10 250 5 0.00021 60 0.364 0.15378 7.9196 3.0846 4.8305 0.0043706 
10 250 5 0.00021 70 0.292 0.13708 7.0083 3.0928 3.9107 0.0046218 
10 250 5 0.00021 80 0.244 0.12333 6.353 3.0862 3.2623 0.0043931 
10 250 5 0.00021 90 0.186 0.11184 5.484 3.0845 2.395 0.004375 
10 250 5 0.00021 100 0.144 0.095984 4.7435 3.0844 1.6546 0.0043542 
10 250 5 0.00021 125 0.07 0.039286 3.7407 3.0843 0.65192 0.0043676 
10 250 5 0.00021 150 0.026 0.010535 3.2828 3.0844 0.19395 0.0043716 
10 250 5 0.00021 200 0.002 0.0002 3.1061 3.0844 0.017226 0.0043701 
10 250 5 0.00021 250 0 0 3.0893 3.0848 1.7487e-05 0.0043664 
10 300 5 0.00021 1 1 0 1095.3 4.363 1090.9 0.02163 
10 300 5 0.00021 2 1 0 1089.4 4.361 1085 0.022179 
10 300 5 0.00021 3 1 0 1089.1 4.4502 1084.6 0.021714 
10 300 5 0.00021 4 1 0 1037 4.4062 1032.6 0.017903 
10 300 5 0.00021 5 0.994 0.00098367 950.96 4.3627 946.59 0.010728 
10 300 5 0.00021 8 0.972 0.0061388 625.88 4.3702 621.5 0.009132 
10 300 5 0.00021 10 0.942 0.018404 378.1 4.3097 373.78 0.0074402 
10 300 5 0.00021 12 0.898 0.041016 201.33 4.306 197.02 0.0066461 
10 300 5 0.00021 15 0.866 0.065147 76.623 4.3039 72.313 0.005655 
10 300 5 0.00021 20 0.828 0.083282 31.316 4.301 27.009 0.0053064 
10 300 5 0.00021 25 0.784 0.10831 23.322 4.305 19.012 0.005606 
10 300 5 0.00021 30 0.756 0.12333 19.899 4.3003 15.593 0.005298 
10 300 5 0.00021 40 0.684 0.14749 15.516 4.299 11.212 0.0052876 
10 300 5 0.00021 50 0.596 0.16774 12.623 4.3091 8.308 0.0056087 
10 300 5 0.00021 60 0.488 0.16475 10.673 4.2995 6.3678 0.0052725 
10 300 5 0.00021 70 0.408 0.15871 9.5226 4.2989 5.2184 0.0052814 
10 300 5 0.00021 80 0.334 0.14719 8.4955 4.2983 4.1919 0.0052635 
10 300 5 0.00021 90 0.276 0.12594 7.8303 4.2994 3.5255 0.0052987 
10 300 5 0.00021 100 0.22 0.10857 7.1503 4.3052 2.8397 0.0052779 
10 300 5 0.00021 125 0.144 0.097616 5.7868 4.3013 1.4799 0.0056075 
10 300 5 0.00021 150 0.07 0.042143 4.8253 4.3004 0.51956 0.0052753 
10 300 5 0.00021 200 0.008 0.0011592 4.3519 4.298 0.048572 0.0052744 
10 300 5 0.00021 250 0 0 4.3035 4.2982 1.9556e-05 0.0052712 
10 300 5 0.00021 300 0 0 4.3033 4.298 1.7878e-05 0.0052696 
10 350 5 0.00021 1 1 0 1073.3 4.4728 1068.8 0.013111 
10 350 5 0.00021 2 1 0 1083.4 4.6176 1078.8 0.013608 
10 350 5 0.00021 3 1 0 1077.5 4.6093 1072.9 0.013486 
10 350 5 0.00021 4 1 0 1042.2 4.416 1037.8 0.013159 
10 350 5 0.00021 5 1 0 1004.6 4.352 1000.2 0.013093 
10 350 5 0.00021 8 0.988 0.0014857 770.33 4.3419 765.98 0.011544 
10 350 5 0.00021 10 0.978 0.0046082 542.1 4.3447 537.74 0.0099762 
10 350 5 0.00021 12 0.952 0.019282 332.2 4.3413 327.85 0.008574 
10 350 5 0.00021 15 0.914 0.039596 138.62 4.3381 134.28 0.0069819 
10 350 5 0.00021 20 0.846 0.071514 41.894 4.3418 37.546 0.0064489 
10 350 5 0.00021 25 0.818 0.085588 26.983 4.3364 22.64 0.006096 
10 350 5 0.00021 30 0.77 0.105 22.243 4.3341 17.903 0.0060331 
10 350 5 0.00021 40 0.718 0.13253 18.108 4.3411 13.761 0.0064651 
10 350 5 0.00021 50 0.662 0.15179 14.432 4.3344 10.092 0.0060567 
10 350 5 0.00021 60 0.58 0.17796 12.244 4.3322 7.9061 0.0060521 
10 350 5 0.00021 70 0.498 0.16632 10.711 4.3327 6.3716 0.0060656 
10 350 5 0.00021 80 0.41 0.15357 9.5767 4.3499 5.2203 0.0064335 
10 350 5 0.00021 90 0.352 0.16132 8.6908 4.3326 4.352 0.0060887 
10 350 5 0.00021 100 0.298 0.14755 7.9923 4.3307 3.6555 0.0060293 
10 350 5 0.00021 125 0.192 0.11177 6.5007 4.3304 2.1642 0.006043 
10 350 5 0.00021 150 0.108 0.071771 5.3016 4.3286 0.96694 0.0060214 
10 350 5 0.00021 200 0.024 0.0083918 4.5051 4.3281 0.1709 0.0060618 
10 350 5 0.00021 250 0.002 0.0002 4.3751 4.3509 0.018103 0.0060074 
10 350 5 0.00021 300 0 0 4.3366 4.3301 1.6105e-05 0.0064386 
10 400 5 0.00021 1 1 0 1057.9 4.9781 1052.9 0.015088 
10 400 5 0.00021 2 1 0 1103.2 5.2613 1097.9 0.015694 
10 400 5 0.00021 3 1 0 1094.8 5.1762 1089.6 0.015556 
10 400 5 0.00021 4 1 0 1061.6 4.9786 1056.6 0.015051 
10 400 5 0.00021 5 1 0 1043.9 4.9754 1039 0.015033 
10 400 5 0.00021 8 0.99 0.0021429 888.54 4.9799 883.55 0.014084 
10 400 5 0.00021 10 0.98 0.0069388 698.9 4.9757 693.91 0.012383 
10 400 5 0.00021 12 0.956 0.018433 483.66 4.9754 478.68 0.010962 
10 400 5 0.00021 15 0.93 0.038061 228.73 4.9696 223.75 0.0084879 
10 400 5 0.00021 20 0.87 0.066224 64.984 4.9784 59.997 0.007707 
10 400 5 0.00021 25 0.82 0.082041 34.268 4.9695 29.291 0.0069488 
10 400 5 0.00021 30 0.796 0.098351 26.714 4.9795 21.727 0.0072045 
10 400 5 0.00021 40 0.74 0.12653 21.223 4.97 16.246 0.0069661 
10 400 5 0.00021 50 0.69 0.14296 17.688 4.9663 12.714 0.0068546 
10 400 5 0.00021 60 0.636 0.1648 14.642 4.9666 9.668 0.0068507 
10 400 5 0.00021 70 0.572 0.17104 12.811 4.9796 7.8235 0.0073025 
10 400 5 0.00021 80 0.496 0.16162 11.628 4.9666 6.6546 0.0068607 
10 400 5 0.00021 90 0.414 0.15388 10.5 4.9659 5.527 0.0068571 
10 400 5 0.00021 100 0.356 0.15109 9.661 4.9651 4.6889 0.0068555 
10 400 5 0.00021 125 0.248 0.12296 8.2519 4.9653 3.2796 0.0068634 
10 400 5 0.00021 150 0.164 0.10562 7.014 4.9663 2.0402 0.007359 
10 400 5 0.00021 200 0.068 0.043037 5.5101 4.9599 0.54331 0.0068749 
10 400 5 0.00021 250 0.01 0.0013265 5.0389 4.9596 0.072334 0.006843 
10 400 5 0.00021 300 0.002 0.0002 4.982 4.9577 0.017354 0.006858 
10 400 5 0.00021 400 0 0 4.9637 4.9567 1.4273e-05 0.0068737 
10 500 5 0.00021 1 1 0 1098.9 7.2113 1091.7 0.035654 
10 500 5 0.00021 2 1 0 1098.8 7.2121 1091.5 0.035955 
10 500 5 0.00021 3 1 0 1097.4 7.2104 1090.1 0.035983 
10 500 5 0.00021 4 1 0 1096.7 7.2146 1089.5 0.035983 
10 500 5 0.00021 5 1 0 1092.4 7.2099 1085.2 0.036192 
10 500 5 0.00021 8 0.996 0.00039184 1032.1 7.2126 1024.9 0.035059 
10 500 5 0.00021 10 0.982 0.0059959 924.24 7.2072 917 0.032291 
10 500 5 0.00021 12 0.97 0.018061 757.82 7.2108 750.57 0.030306 
10 500 5 0.00021 15 0.944 0.027004 476.06 7.209 468.83 0.025015 
10 500 5 0.00021 20 0.918 0.041506 160.37 7.205 153.14 0.017997 
10 500 5 0.00021 25 0.876 0.055331 60.478 7.2027 53.26 0.015667 
10 500 5 0.00021 30 0.836 0.077045 37.91 7.2032 30.691 0.015627 
10 500 5 0.00021 40 0.798 0.092445 27.689 7.1986 20.476 0.014481 
10 500 5 0.00021 50 0.74 0.12449 22.969 7.1976 15.757 0.014506 
10 500 5 0.00021 60 0.704 0.14488 20.635 7.2054 13.414 0.015669 
10 500 5 0.00021 70 0.676 0.15084 18.233 7.1995 11.019 0.014443 
10 500 5 0.00021 80 0.632 0.16059 16.44 7.199 9.2265 0.014484 
10 500 5 0.00021 90 0.56 0.1702 15.168 7.2029 7.9495 0.015583 
10 500 5 0.00021 100 0.488 0.17128 13.919 7.199 6.7056 0.014493 
10 500 5 0.00021 125 0.352 0.14949 11.798 7.1986 4.5848 0.014521 
10 500 5 0.00021 150 0.25 0.12541 10.627 7.2096 3.4018 0.015537 
10 500 5 0.00021 200 0.146 0.10498 8.9924 7.2 1.7778 0.014525 
10 500 5 0.00021 250 0.064 0.039494 7.7273 7.1992 0.51358 0.014439 
10 500 5 0.00021 300 0.02 0.0065306 7.3642 7.1907 0.15896 0.014482 
10 500 5 0.00021 400 0.002 0.0002 7.2461 7.2132 0.01714 0.015682 
10 500 5 0.00021 500 0 0 7.2269 7.2124 1.5106e-05 0.014446 
10 600 5 0.00021 1 1 0 1077.1 7.5393 1069.5 0.022842 
10 600 5 0.00021 2 1 0 1077.2 7.5432 1069.6 0.022828 
10 600 5 0.00021 3 1 0 1076.9 7.5421 1069.3 0.022767 
10 600 5 0.00021 4 1 0 1076.6 7.5399 1069 0.022455 
10 600 5 0.00021 5 1 0 1074.7 7.5417 1067.2 0.022345 
10 600 5 0.00021 8 1 0 1054.5 7.5434 1046.9 0.022393 
10 600 5 0.00021 10 1 0 1006.4 7.5409 998.82 0.0221 
10 600 5 0.00021 12 0.996 0.00039184 918.13 7.5387 910.57 0.020974 
10 600 5 0.00021 15 0.982 0.0043633 705.95 7.5361 698.4 0.018526 
10 600 5 0.00021 20 0.96 0.012245 322.17 7.5288 314.63 0.014683 
10 600 5 0.00021 25 0.908 0.044833 115.88 7.5291 108.34 0.011773 
10 600 5 0.00021 30 0.874 0.05829 55.223 7.5261 47.686 0.011013 
10 600 5 0.00021 40 0.824 0.083902 32.275 7.5223 24.743 0.010317 
10 600 5 0.00021 50 0.78 0.10857 26.289 7.5241 18.754 0.01103 
10 600 5 0.00021 60 0.732 0.12508 23.288 7.5229 15.754 0.010282 
10 600 5 0.00021 70 0.71 0.13847 21.258 7.523 13.725 0.010309 
10 600 5 0.00021 80 0.68 0.14571 19.094 7.5277 11.555 0.011023 
10 600 5 0.00021 90 0.634 0.16433 17.179 7.5215 9.6474 0.010271 
10 600 5 0.00021 100 0.594 0.1769 15.865 7.5218 8.3323 0.010343 
10 600 5 0.00021 125 0.462 0.16771 13.705 7.5289 6.1647 0.010978 
10 600 5 0.00021 150 0.342 0.16167 11.977 7.5228 4.4436 0.010279 
10 600 5 0.00021 200 0.224 0.11533 10.422 7.521 2.8908 0.010291 
10 600 5 0.00021 250 0.114 0.078371 8.9142 7.5211 1.3828 0.010267 
10 600 5 0.00021 300 0.058 0.037588 8.0626 7.5346 0.51694 0.011001 
10 600 5 0.00021 400 0.008 0.00075102 7.5958 7.5236 0.061901 0.01028 
10 600 5 0.00021 500 0 0 7.5439 7.5328 1.4937e-05 0.010996 
10 700 5 0.00021 1 1 0 1097.8 9.1849 1088.6 0.048606 
10 700 5 0.00021 2 1 0 1098 9.1605 1088.8 0.048304 
10 700 5 0.00021 3 1 0 1096.9 9.1862 1087.6 0.049087 
10 700 5 0.00021 4 1 0 1098.3 9.1846 1089.1 0.050163 
10 700 5 0.00021 5 1 0 1098.1 9.1621 1088.8 0.049174 
10 700 5 0.00021 8 1 0 1090.4 9.1589 1081.2 0.048413 
10 700 5 0.00021 10 1 0 1071.9 9.1656 1062.6 0.048711 
10 700 5 0.00021 12 1 0 1026.4 9.1383 1017.3 0.047537 
10 700 5 0.00021 15 0.994 0.00057551 889.54 9.08 880.42 0.043713 
10 700 5 0.00021 20 0.96 0.011429 530.89 8.9435 521.91 0.034259 
10 700 5 0.00021 25 0.924 0.035331 233.44 8.8345 224.58 0.024744 
10 700 5 0.00021 30 0.904 0.057943 98.597 8.7941 89.781 0.022236 
10 700 5 0.00021 40 0.846 0.072331 40.723 8.7733 31.929 0.020625 
10 700 5 0.00021 50 0.806 0.088739 31.453 8.7472 22.687 0.019137 
10 700 5 0.00021 60 0.772 0.11308 27.401 8.7709 18.609 0.020732 
10 700 5 0.00021 70 0.758 0.1184 24.904 8.7467 16.138 0.019153 
10 700 5 0.00021 80 0.712 0.137 22.708 8.7726 13.915 0.020678 
10 700 5 0.00021 90 0.696 0.14325 21.136 8.7473 12.369 0.019167 
10 700 5 0.00021 100 0.658 0.15555 19.406 8.7472 10.64 0.019214 
10 700 5 0.00021 125 0.556 0.17027 16.476 8.7765 7.6783 0.020729 
10 700 5 0.00021 150 0.45 0.16296 14.85 8.7468 6.0843 0.019183 
10 700 5 0.00021 200 0.286 0.14694 12.502 8.7451 3.7378 0.019157 
10 700 5 0.00021 250 0.198 0.11122 11.231 8.7537 2.4585 0.01911 
10 700 5 0.00021 300 0.116 0.075657 9.9775 8.7698 1.1869 0.020677 
10 700 5 0.00021 400 0.02 0.0053061 8.9173 8.745 0.15295 0.019229 
10 700 5 0.00021 500 0.002 0.0002 8.8177 8.7794 0.017522 0.020768 
10 800 5 0.00021 1 1 0 1114.5 10.436 1104 0.029925 
10 800 5 0.00021 2 1 0 1085.1 9.9023 1075.2 0.029747 
10 800 5 0.00021 3 1 0 1085 9.8976 1075.1 0.029441 
10 800 5 0.00021 4 1 0 1084.9 9.889 1075 0.029452 
10 800 5 0.00021 5 1 0 1083.8 9.901 1073.9 0.029474 
10 800 5 0.00021 8 1 0 1082.1 9.8974 1072.1 0.029379 
10 800 5 0.00021 10 1 0 1072.9 9.8939 1063 0.029018 
10 800 5 0.00021 12 1 0 1051.3 9.9018 1041.4 0.029282 
10 800 5 0.00021 15 0.998 0.0002 979.05 9.8912 969.13 0.027927 
10 800 5 0.00021 20 0.98 0.0057143 717.09 10 707.06 0.024456 
10 800 5 0.00021 25 0.954 0.022535 433.39 11.597 421.77 0.021717 
10 800 5 0.00021 30 0.93 0.032755 212.38 12.858 199.5 0.018095 
10 800 5 0.00021 40 0.87 0.066633 64.697 12.827 51.855 0.015716 
10 800 5 0.00021 50 0.814 0.088167 45.625 12.767 32.842 0.016433 
10 800 5 0.00021 60 0.802 0.092037 38.121 12.829 25.276 0.016051 
10 800 5 0.00021 70 0.778 0.1042 33.731 12.754 20.962 0.015146 
10 800 5 0.00021 80 0.734 0.13045 31.286 12.705 18.565 0.015349 
10 800 5 0.00021 90 0.712 0.13781 29.881 12.916 16.949 0.015894 
10 800 5 0.00021 100 0.698 0.14387 27.923 12.77 15.137 0.015808 
10 800 5 0.00021 125 0.644 0.15966 24.264 12.955 11.294 0.015101 
10 800 5 0.00021 150 0.538 0.17179 21.292 12.718 8.5576 0.015853 
10 800 5 0.00021 200 0.356 0.15149 18.681 13.108 5.5583 0.014939 
10 800 5 0.00021 250 0.254 0.12988 16.75 12.697 4.0365 0.01581 
10 800 5 0.00021 300 0.182 0.11008 15.57 12.875 2.6813 0.014386 
10 800 5 0.00021 400 0.064 0.043576 14.037 13.294 0.727 0.015728 
10 800 5 0.00021 500 0.012 0.0018939 13.041 12.909 0.11595 0.016675 
10 900 5 0.00021 1 1 0 1324.2 14.475 1309.7 0.038369 
10 900 5 0.00021 2 1 0 1093.4 11.322 1082.1 0.032702 
10 900 5 0.00021 3 1 0 1091.6 11.311 1080.2 0.033369 
10 900 5 0.00021 4 1 0 1296.9 14.317 1282.6 0.039508 
10 900 5 0.00021 5 1 0 1128.5 11.859 1116.6 0.034052 
10 900 5 0.00021 8 1 0 1190.9 12.794 1178.1 0.034509 
10 900 5 0.00021 10 1 0 1140.6 12.129 1128.4 0.033522 
10 900 5 0.00021 12 1 0 1068.5 11.164 1057.3 0.032471 
10 900 5 0.00021 15 1 0 1052.6 11.44 1041.2 0.032537 
10 900 5 0.00021 20 0.996 0.00039184 947.15 12.764 934.35 0.031712 
10 900 5 0.00021 25 0.974 0.0064531 618.4 12.666 605.71 0.026315 
10 900 5 0.00021 30 0.928 0.041649 303.51 12.056 291.43 0.020678 
10 900 5 0.00021 40 0.888 0.063935 74.6 11.152 63.432 0.016295 
10 900 5 0.00021 50 0.838 0.078322 43.948 11.162 32.77 0.016293 
10 900 5 0.00021 60 0.816 0.087902 35.686 11.163 24.507 0.016268 
10 900 5 0.00021 70 0.798 0.097751 31.362 11.144 20.203 0.015251 
10 900 5 0.00021 80 0.772 0.11104 28.945 11.164 17.765 0.016295 
10 900 5 0.00021 90 0.738 0.12649 26.732 11.147 15.569 0.015273 
10 900 5 0.00021 100 0.72 0.13673 25.432 11.168 14.248 0.016263 
10 900 5 0.00021 125 0.672 0.14573 21.867 11.147 10.705 0.015344 
10 900 5 0.00021 150 0.592 0.173 19.386 11.145 8.2254 0.015268 
10 900 5 0.00021 200 0.426 0.16849 16.952 11.173 5.7628 0.016267 
10 900 5 0.00021 250 0.308 0.15585 15.144 11.145 3.9837 0.015296 
10 900 5 0.00021 300 0.23 0.11561 13.984 11.144 2.825 0.015248 
10 900 5 0.00021 400 0.098 0.065914 12.252 11.184 1.0516 0.016361 
10 900 5 0.00021 500 0.036 0.02031 11.426 11.146 0.26487 0.015273 
10 1000 5 0.00021 1 1 0 1119 14.499 1104.5 0.069282 
10 1000 5 0.00021 2 1 0 1120.2 14.503 1105.6 0.069911 
10 1000 5 0.00021 3 1 0 1119.2 14.496 1104.6 0.070642 
10 1000 5 0.00021 4 1 0 1120.5 14.503 1105.9 0.071484 
10 1000 5 0.00021 5 1 0 1119 14.497 1104.4 0.070167 
10 1000 5 0.00021 8 1 0 1118.8 14.5 1104.2 0.071529 
10 1000 5 0.00021 10 1 0 1117.6 14.506 1103.1 0.069769 
10 1000 5 0.00021 12 1 0 1113.4 14.495 1098.8 0.0703 
10 1000 5 0.00021 15 1 0 1095.2 14.503 1080.6 0.069554 
10 1000 5 0.00021 20 1 0 988.08 14.491 973.52 0.066298 
10 1000 5 0.00021 25 0.984 0.0034122 750.45 14.495 735.9 0.057486 
10 1000 5 0.00021 30 0.956 0.020882 455.67 14.484 441.14 0.04704 
10 1000 5 0.00021 40 0.906 0.058943 122.12 14.466 107.62 0.032152 
10 1000 5 0.00021 50 0.858 0.071057 56.561 14.458 42.073 0.029614 
10 1000 5 0.00021 60 0.824 0.086351 42.951 14.435 28.486 0.029437 
10 1000 5 0.00021 70 0.8 0.094694 37.06 14.432 22.601 0.027095 
10 1000 5 0.00021 80 0.794 0.096494 34.186 14.464 19.693 0.029641 
10 1000 5 0.00021 90 0.766 0.11698 31.823 14.472 17.324 0.027382 
10 1000 5 0.00021 100 0.744 0.12945 30.643 14.456 16.158 0.02879 
10 1000 5 0.00021 125 0.696 0.14162 27.51 14.473 13.007 0.029393 
10 1000 5 0.00021 150 0.642 0.16208 24.537 14.454 10.056 0.027552 
10 1000 5 0.00021 200 0.482 0.16804 20.898 14.457 6.4136 0.027346 
10 1000 5 0.00021 250 0.352 0.15602 19.244 14.471 4.7432 0.02972 
10 1000 5 0.00021 300 0.262 0.12526 17.941 14.452 3.4623 0.027397 
10 1000 5 0.00021 400 0.13 0.091122 16.08 14.479 1.5711 0.029743 
10 1000 5 0.00021 500 0.064 0.039902 15.05 14.478 0.53892 0.032643 
10 1250 5 0.00021 1 1 0 1076.7 17.855 1058.8 0.044609 
10 1250 5 0.00021 2 1 0 1076.6 17.853 1058.7 0.044642 
10 1250 5 0.00021 3 1 0 1103.2 18.553 1084.6 0.044917 
10 1250 5 0.00021 4 1 0 1135.7 19.455 1116.2 0.045946 
10 1250 5 0.00021 5 1 0 1135.9 19.481 1116.4 0.046633 
10 1250 5 0.00021 8 1 0 1134.8 19.458 1115.3 0.046536 
10 1250 5 0.00021 10 1 0 1107.7 18.719 1089 0.04487 
10 1250 5 0.00021 12 1 0 1076.1 17.856 1058.2 0.04493 
10 1250 5 0.00021 15 1 0 1073 17.854 1055.1 0.044569 
10 1250 5 0.00021 20 1 0 1049.5 17.855 1031.6 0.043326 
10 1250 5 0.00021 25 1 0 962.31 17.853 944.41 0.042489 
10 1250 5 0.00021 30 0.996 0.00039184 780.34 17.845 762.46 0.038492 
10 1250 5 0.00021 40 0.946 0.024984 325.72 17.836 307.85 0.027812 
10 1250 5 0.00021 50 0.91 0.045816 110.62 17.824 92.773 0.022778 
10 1250 5 0.00021 60 0.862 0.069343 61.469 17.829 43.618 0.021937 
10 1250 5 0.00021 70 0.836 0.081535 49.02 17.835 31.164 0.021857 
10 1250 5 0.00021 80 0.816 0.091984 43.249 17.836 25.391 0.021996 
10 1250 5 0.00021 90 0.798 0.10347 39.599 17.833 21.744 0.021959 
10 1250 5 0.00021 100 0.786 0.10531 36.975 17.831 19.123 0.020539 
10 1250 5 0.00021 125 0.744 0.12619 33.504 17.832 15.651 0.022053 
10 1250 5 0.00021 150 0.714 0.13592 30.956 17.831 13.103 0.020672 
10 1250 5 0.00021 200 0.62 0.17429 26.894 17.834 9.0377 0.021901 
10 1250 5 0.00021 250 0.484 0.16586 24.322 17.832 6.4693 0.020552 
10 1250 5 0.00021 300 0.376 0.16309 22.809 17.827 4.9606 0.021981 
10 1250 5 0.00021 400 0.238 0.12159 20.966 17.835 3.1094 0.022039 
10 1250 5 0.00021 500 0.128 0.087363 19.446 17.83 1.5939 0.021934 
10 1500 5 0.00021 1 1 0 1080.7 18.616 1062 0.051472 
10 1500 5 0.00021 2 1 0 1080.6 18.611 1061.9 0.052613 
10 1500 5 0.00021 3 1 0 1080.5 18.612 1061.9 0.051638 
10 1500 5 0.00021 4 1 0 1079.7 18.622 1061 0.051901 
10 1500 5 0.00021 5 1 0 1080.6 18.613 1061.9 0.052125 
10 1500 5 0.00021 8 1 0 1080.8 18.607 1062.1 0.051948 
10 1500 5 0.00021 10 1 0 1080.6 18.614 1062 0.052104 
10 1500 5 0.00021 12 1 0 1080.6 18.607 1061.9 0.051882 
10 1500 5 0.00021 15 1 0 1080 18.613 1061.3 0.051802 
10 1500 5 0.00021 20 1 0 1074.4 18.618 1055.7 0.051486 
10 1500 5 0.00021 25 1 0 1047.2 18.617 1028.5 0.050827 
10 1500 5 0.00021 30 0.998 0.0002 973.46 18.622 954.79 0.050017 
10 1500 5 0.00021 40 0.972 0.0098122 625.95 18.598 607.31 0.040588 
10 1500 5 0.00021 50 0.928 0.041649 260.52 18.6 241.88 0.032208 
10 1500 5 0.00021 60 0.904 0.059984 106.67 18.598 88.046 0.027233 
10 1500 5 0.00021 70 0.874 0.068086 64.824 18.592 46.206 0.02622 
10 1500 5 0.00021 80 0.854 0.076004 52.017 18.585 33.408 0.024267 
10 1500 5 0.00021 90 0.828 0.081241 46.364 18.597 27.741 0.025895 
10 1500 5 0.00021 100 0.812 0.091282 42.314 18.588 23.701 0.025984 
10 1500 5 0.00021 125 0.774 0.10972 36.639 18.594 18.019 0.025711 
10 1500 5 0.00021 150 0.748 0.12336 34.442 18.583 15.834 0.02448 
10 1500 5 0.00021 200 0.692 0.14973 30.285 18.598 11.661 0.025875 
10 1500 5 0.00021 250 0.6 0.16531 26.86 18.58 8.2556 0.024269 
10 1500 5 0.00021 300 0.494 0.17649 24.991 18.598 6.3663 0.025951 
10 1500 5 0.00021 400 0.328 0.1543 22.702 18.581 4.0956 0.024366 
10 1500 5 0.00021 500 0.22 0.11755 21.409 18.609 2.774 0.025871 
10 2000 5 0.00021 1 1 0 1088.6 28.83 1059.7 0.066011 
10 2000 5 0.00021 2 1 0 1088.7 28.834 1059.8 0.065236 
10 2000 5 0.00021 3 1 0 1087.7 28.814 1058.8 0.066585 
10 2000 5 0.00021 4 1 0 1088.7 28.811 1059.8 0.065523 
10 2000 5 0.00021 5 1 0 1088.7 28.826 1059.8 0.065442 
