10 1 4 2.1e-06 1 0.218 0.095384 69.674 0.0020517 69.672 0.00010025 
10 5 4 2.1e-06 1 0.598 0.057751 307.1 0.0024356 307.09 0.00022947 
10 5 4 2.1e-06 2 0.3 0.055102 46.499 0.0023367 46.496 0.00018749 
10 5 4 2.1e-06 3 0.126 0.030127 5.939 0.0024398 5.9364 0.00015081 
10 5 4 2.1e-06 4 0.048 0.017649 0.61702 0.00053665 0.61633 0.00010409 
10 5 4 2.1e-06 5 0.008 0.0019755 0.066827 0.00051371 0.066215 6.8588e-05 
10 10 4 2.1e-06 1 0.718 0.052935 534.16 0.0028357 534.15 0.0004353 
10 10 4 2.1e-06 2 0.524 0.081045 159.11 0.0028419 159.11 0.00037765 
10 10 4 2.1e-06 3 0.32 0.086939 38.195 0.002907 38.192 0.00029329 
10 10 4 2.1e-06 4 0.19 0.07398 7.5424 0.0020962 7.5399 0.00026143 
10 10 4 2.1e-06 5 0.096 0.048555 1.8318 0.001052 1.8305 0.00022385 
10 10 4 2.1e-06 8 0.004 0.00039184 0.044889 0.00097643 0.043755 0.00012814 
10 10 4 2.1e-06 10 0 0 0.00093924 0.0008176 2.3684e-06 9.4718e-05 
10 25 4 2.1e-06 1 0.906 0.014861 878.94 0.0054238 878.93 0.0016386 
10 25 4 2.1e-06 2 0.778 0.032771 498.38 0.0054238 498.37 0.001518 
10 25 4 2.1e-06 3 0.664 0.050514 247.98 0.0053355 247.97 0.0011963 
10 25 4 2.1e-06 4 0.558 0.080037 121.68 0.0053138 121.67 0.0010195 
10 25 4 2.1e-06 5 0.49 0.083776 60.966 0.0053224 60.96 0.00097102 
10 25 4 2.1e-06 8 0.276 0.083086 9.7947 0.004788 9.789 0.00085398 
10 25 4 2.1e-06 10 0.15 0.068265 3.0355 0.0032016 3.0315 0.00077624 
10 25 4 2.1e-06 12 0.09 0.045408 1.1808 0.0028003 1.1774 0.00057818 
10 25 4 2.1e-06 15 0.024 0.016555 0.24396 0.0025462 0.24098 0.00040365 
10 25 4 2.1e-06 20 0 0 0.0026719 0.0023642 2.5434e-06 0.00027648 
10 25 4 2.1e-06 25 0 0 0.0021725 0.0018923 2.5192e-06 0.00025045 
10 50 4 2.1e-06 1 0.974 0.0035959 1100.8 0.008304 1100.8 0.0024413 
10 50 4 2.1e-06 2 0.874 0.016249 878.57 0.0081887 878.56 0.0024057 
10 50 4 2.1e-06 3 0.772 0.033078 625.71 0.0080664 625.7 0.0020289 
10 50 4 2.1e-06 4 0.7 0.054694 418.42 0.0080811 418.41 0.0017852 
10 50 4 2.1e-06 5 0.64 0.060816 268.9 0.0079643 268.89 0.0014901 
10 50 4 2.1e-06 8 0.54 0.08898 76.199 0.0079632 76.19 0.0012176 
10 50 4 2.1e-06 10 0.484 0.087902 36.244 0.0079465 36.235 0.0011441 
10 50 4 2.1e-06 12 0.4 0.096735 16.974 0.0067272 16.966 0.0010716 
10 50 4 2.1e-06 15 0.27 0.087857 6.6244 0.0067807 6.6164 0.0011077 
10 50 4 2.1e-06 20 0.116 0.065453 1.9149 0.006081 1.908 0.00081334 
10 50 4 2.1e-06 25 0.058 0.050649 0.89319 0.0050384 0.88748 0.0006321 
10 50 4 2.1e-06 30 0.034 0.025147 0.34781 0.0050042 0.34216 0.00060729 
10 50 4 2.1e-06 40 0.004 0.0008 0.037616 0.0049685 0.032064 0.00055243 
10 50 4 2.1e-06 50 0 0 0.0054858 0.004937 3.3621e-06 0.00051549 
10 75 4 2.1e-06 1 0.986 0.0028612 1165.7 0.010774 1165.7 0.0036808 
10 75 4 2.1e-06 2 0.962 0.0068939 1002.4 0.010609 1002.4 0.0034725 
10 75 4 2.1e-06 3 0.888 0.015771 817.3 0.010371 817.29 0.0029407 
10 75 4 2.1e-06 4 0.828 0.02369 637.37 0.010217 637.35 0.0026306 
10 75 4 2.1e-06 5 0.776 0.037371 469.93 0.010211 469.91 0.0023846 
10 75 4 2.1e-06 8 0.644 0.065371 165.64 0.010094 165.63 0.0017768 
10 75 4 2.1e-06 10 0.592 0.079935 87.026 0.010041 87.014 0.0016404 
10 75 4 2.1e-06 12 0.55 0.077653 51.971 0.010064 51.959 0.0015704 
10 75 4 2.1e-06 15 0.476 0.083494 25.391 0.0093993 25.38 0.0014522 
10 75 4 2.1e-06 20 0.318 0.074567 7.8521 0.0079712 7.8426 0.0014238 
10 75 4 2.1e-06 25 0.148 0.066629 2.5592 0.0083519 2.5494 0.0013674 
10 75 4 2.1e-06 30 0.08 0.059592 1.4409 0.0085769 1.4312 0.0010196 
10 75 4 2.1e-06 40 0.058 0.053914 0.79828 0.0073424 0.78999 0.0009148 
10 75 4 2.1e-06 50 0.014 0.0053102 0.13352 0.007321 0.12528 0.00089638 
10 75 4 2.1e-06 60 0 0 0.0080702 0.0072602 3.1134e-06 0.00078019 
10 75 4 2.1e-06 70 0 0 0.0080261 0.0072389 2.9597e-06 0.00075887 
10 100 4 2.1e-06 1 0.996 0.00039184 1106.3 0.013192 1106.3 0.0039319 
10 100 4 2.1e-06 2 0.98 0.0053061 1048.9 0.013059 1048.9 0.0039915 
10 100 4 2.1e-06 3 0.948 0.0078531 949.52 0.013037 949.51 0.0037097 
10 100 4 2.1e-06 4 0.908 0.012996 804.11 0.012862 804.1 0.0033862 
10 100 4 2.1e-06 5 0.832 0.020588 663.43 0.012752 663.41 0.0031836 
10 100 4 2.1e-06 8 0.712 0.046384 320.97 0.01277 320.96 0.0026567 
10 100 4 2.1e-06 10 0.664 0.059494 195.46 0.012712 195.45 0.0023798 
10 100 4 2.1e-06 12 0.632 0.06671 126.56 0.013607 126.54 0.0021588 
10 100 4 2.1e-06 15 0.58 0.073469 69.985 0.012701 69.97 0.0021266 
10 100 4 2.1e-06 20 0.508 0.074629 23.746 0.012117 23.732 0.0018802 
10 100 4 2.1e-06 25 0.364 0.091739 8.7406 0.011874 8.7266 0.0019958 
10 100 4 2.1e-06 30 0.228 0.09471 3.3446 0.011093 3.3318 0.0016701 
10 100 4 2.1e-06 40 0.088 0.062302 1.4729 0.0098762 1.4617 0.0013342 
10 100 4 2.1e-06 50 0.058 0.044118 0.75923 0.0099057 0.74805 0.0012398 
10 100 4 2.1e-06 60 0.036 0.026024 0.36775 0.0098412 0.35667 0.0012097 
10 100 4 2.1e-06 70 0.002 0.0002 0.029012 0.0097768 0.018079 0.001124 
10 100 4 2.1e-06 80 0 0 0.010866 0.0097663 3.3686e-06 0.0010669 
10 100 4 2.1e-06 90 0 0 0.010871 0.0097683 3.0417e-06 0.0010691 
10 100 4 2.1e-06 100 0 0 0.010904 0.009815 4.0904e-06 0.0010555 
10 125 4 2.1e-06 1 0.996 0.00039184 1087.1 0.015823 1087.1 0.0046896 
10 125 4 2.1e-06 2 0.972 0.0024653 1044.3 0.015666 1044.3 0.0046725 
10 125 4 2.1e-06 3 0.938 0.0085265 985.74 0.015631 985.72 0.0046818 
10 125 4 2.1e-06 4 0.912 0.012506 902.67 0.015481 902.65 0.0043455 
10 125 4 2.1e-06 5 0.88 0.02 804.05 0.015522 804.03 0.0042486 
10 125 4 2.1e-06 8 0.774 0.036657 478.36 0.015471 478.34 0.0035932 
10 125 4 2.1e-06 10 0.722 0.046649 303.87 0.01536 303.85 0.0030795 
10 125 4 2.1e-06 12 0.684 0.054841 196.98 0.015361 196.96 0.0029524 
10 125 4 2.1e-06 15 0.632 0.063445 114.06 0.015316 114.05 0.0027561 
10 125 4 2.1e-06 20 0.576 0.079004 52.395 0.015231 52.377 0.0025005 
10 125 4 2.1e-06 25 0.502 0.090404 22.543 0.014727 22.526 0.0023284 
10 125 4 2.1e-06 30 0.404 0.093453 9.7596 0.013236 9.744 0.0023415 
10 125 4 2.1e-06 40 0.198 0.096118 3.1031 0.013923 3.087 0.0020585 
10 125 4 2.1e-06 50 0.086 0.063269 1.4354 0.012656 1.421 0.0016883 
10 125 4 2.1e-06 60 0.064 0.057453 1.0692 0.012164 1.0554 0.0015921 
10 125 4 2.1e-06 70 0.052 0.043771 0.65138 0.012176 0.6376 0.0015632 
10 125 4 2.1e-06 80 0.044 0.033127 0.42685 0.012132 0.41317 0.0015081 
10 125 4 2.1e-06 90 0.004 0.00039184 0.042453 0.012099 0.028877 0.0014432 
10 125 4 2.1e-06 100 0 0 0.0134 0.012034 2.7772e-06 0.0013339 
10 125 4 2.1e-06 125 0 0 0.013374 0.012042 2.8564e-06 0.0013004 
10 150 4 2.1e-06 1 1 0 1098.9 0.018352 1098.9 0.0060077 
10 150 4 2.1e-06 2 1 0 1070.8 0.018335 1070.8 0.0055405 
10 150 4 2.1e-06 3 0.998 0.0002 1029.5 0.018271 1029.5 0.0053913 
10 150 4 2.1e-06 4 0.984 0.0025959 971.83 0.018221 971.81 0.0053652 
10 150 4 2.1e-06 5 0.946 0.0070245 900.29 0.019517 900.27 0.0051378 
10 150 4 2.1e-06 8 0.83 0.025408 623.22 0.01811 623.2 0.004431 
10 150 4 2.1e-06 10 0.768 0.040996 435.57 0.018018 435.55 0.0041507 
10 150 4 2.1e-06 12 0.73 0.053163 289.47 0.018032 289.45 0.0037465 
10 150 4 2.1e-06 15 0.66 0.069388 162.12 0.017983 162.1 0.0034868 
10 150 4 2.1e-06 20 0.61 0.076429 79.799 0.017892 79.778 0.0030804 
10 150 4 2.1e-06 25 0.56 0.083673 39.281 0.017774 39.26 0.0030301 
10 150 4 2.1e-06 30 0.502 0.097751 18.861 0.016323 18.841 0.0029854 
10 150 4 2.1e-06 40 0.33 0.098469 5.3281 0.017493 5.3077 0.0028196 
10 150 4 2.1e-06 50 0.156 0.084147 2.3608 0.015119 2.3432 0.0023587 
10 150 4 2.1e-06 60 0.084 0.060555 1.3362 0.014798 1.3193 0.0021392 
10 150 4 2.1e-06 70 0.052 0.040914 0.7144 0.014678 0.69778 0.0018994 
10 150 4 2.1e-06 80 0.036 0.021943 0.40817 0.014616 0.3916 0.0019222 
10 150 4 2.1e-06 90 0.016 0.0074939 0.13489 0.014653 0.11835 0.001858 
10 150 4 2.1e-06 100 0.002 0.0002 0.027373 0.014568 0.011023 0.0017494 
10 150 4 2.1e-06 125 0 0 0.016295 0.014556 4.8513e-06 0.0017031 
10 150 4 2.1e-06 150 0 0 0.016334 0.014589 4.5886e-06 0.0017063 
10 200 4 2.1e-06 1 1 0 1103.7 0.023989 1103.7 0.00811 
10 200 4 2.1e-06 2 0.998 0.0002 1089.7 0.024018 1089.7 0.0074485 
10 200 4 2.1e-06 3 0.992 0.00075102 1073.6 0.023976 1073.6 0.0073602 
10 200 4 2.1e-06 4 0.986 0.0024531 1042.2 0.024202 1042.2 0.0071746 
10 200 4 2.1e-06 5 0.98 0.0032653 1001.9 0.023962 1001.8 0.007126 
10 200 4 2.1e-06 8 0.914 0.014698 816.39 0.023864 816.36 0.0064627 
10 200 4 2.1e-06 10 0.868 0.02222 662.21 0.023767 662.18 0.006011 
10 200 4 2.1e-06 12 0.814 0.028167 501.41 0.024372 501.38 0.0054757 
10 200 4 2.1e-06 15 0.754 0.043351 306.33 0.023361 306.3 0.0049583 
10 200 4 2.1e-06 20 0.664 0.063576 151.55 0.023305 151.52 0.0044515 
10 200 4 2.1e-06 25 0.62 0.073878 95.049 0.023325 95.021 0.0042458 
10 200 4 2.1e-06 30 0.584 0.082188 59.495 0.02312 59.468 0.0039148 
10 200 4 2.1e-06 40 0.508 0.09218 18.712 0.023101 18.684 0.0039461 
10 200 4 2.1e-06 50 0.374 0.10686 6.2135 0.021409 6.1883 0.00371 
10 200 4 2.1e-06 60 0.206 0.094861 3.047 0.020253 3.0234 0.0032363 
10 200 4 2.1e-06 70 0.12 0.076735 1.9072 0.019926 1.8842 0.0030574 
10 200 4 2.1e-06 80 0.074 0.059514 1.3682 0.019568 1.3459 0.0027 
10 200 4 2.1e-06 90 0.06 0.057551 1.0446 0.019433 1.0225 0.0025652 
10 200 4 2.1e-06 100 0.052 0.043771 0.76 0.019466 0.73799 0.0025105 
10 200 4 2.1e-06 125 0.02 0.013469 0.1623 0.019407 0.1404 0.0024612 
10 200 4 2.1e-06 150 0 0 0.021693 0.019315 4.0932e-06 0.0023419 
10 200 4 2.1e-06 200 0 0 0.021628 0.019307 4.0978e-06 0.0022845 
10 250 4 2.1e-06 1 1 0 1086.6 0.029741 1086.6 0.0097698 
10 250 4 2.1e-06 2 1 0 1076.5 0.029722 1076.5 0.0091535 
10 250 4 2.1e-06 3 0.998 0.0002 1068.4 0.029595 1068.4 0.0090643 
10 250 4 2.1e-06 4 0.994 0.00057551 1052.6 0.029452 1052.6 0.0087003 
10 250 4 2.1e-06 5 0.994 0.00057551 1029.3 0.029647 1029.3 0.0089127 
10 250 4 2.1e-06 8 0.96 0.004898 913.89 0.029392 913.85 0.0082626 
10 250 4 2.1e-06 10 0.924 0.011657 811.76 0.029237 811.73 0.0078768 
10 250 4 2.1e-06 12 0.876 0.015739 683.63 0.02937 683.59 0.0077003 
10 250 4 2.1e-06 15 0.818 0.023955 485.24 0.02916 485.21 0.0068849 
10 250 4 2.1e-06 20 0.738 0.040771 244.34 0.029879 244.3 0.005998 
10 250 4 2.1e-06 25 0.684 0.059739 143.02 0.028677 142.98 0.0054049 
10 250 4 2.1e-06 30 0.634 0.074127 96.201 0.028553 96.167 0.0051897 
10 250 4 2.1e-06 40 0.594 0.082616 41.594 0.028641 41.56 0.0050327 
10 250 4 2.1e-06 50 0.526 0.084412 17.437 0.02776 17.404 0.0047391 
10 250 4 2.1e-06 60 0.426 0.10115 7.9943 0.026478 7.963 0.0046782 
10 250 4 2.1e-06 70 0.268 0.096506 3.8098 0.026934 3.778 0.004768 
10 250 4 2.1e-06 80 0.178 0.080935 2.5211 0.02666 2.4902 0.0041678 
10 250 4 2.1e-06 90 0.114 0.078371 1.8119 0.024861 1.7833 0.0036397 
10 250 4 2.1e-06 100 0.09 0.071531 1.4696 0.024623 1.4414 0.0035102 
10 250 4 2.1e-06 125 0.058 0.045343 0.69249 0.024559 0.66451 0.0033843 
10 250 4 2.1e-06 150 0.02 0.011429 0.18332 0.024365 0.15572 0.0031954 
10 250 4 2.1e-06 200 0 0 0.027424 0.024293 5.5674e-06 0.003091 
10 250 4 2.1e-06 250 0 0 0.027377 0.02428 5.4277e-06 0.003059 
10 300 4 2.1e-06 1 1 0 1085.8 0.03483 1085.7 0.011966 
10 300 4 2.1e-06 2 1 0 1077.1 0.034796 1077.1 0.010863 
10 300 4 2.1e-06 3 1 0 1071.3 0.035979 1071.3 0.01085 
10 300 4 2.1e-06 4 1 0 1058.7 0.034696 1058.6 0.01063 
10 300 4 2.1e-06 5 0.998 0.0002 1045 0.034807 1045 0.01067 
10 300 4 2.1e-06 8 0.978 0.0029755 972.69 0.034569 972.65 0.010166 
10 300 4 2.1e-06 10 0.95 0.0078571 901.89 0.034436 901.85 0.0099014 
10 300 4 2.1e-06 12 0.908 0.013404 815.82 0.034545 815.78 0.0097692 
10 300 4 2.1e-06 15 0.86 0.019592 654.02 0.034455 653.98 0.0090666 
10 300 4 2.1e-06 20 0.764 0.037861 373.8 0.034091 373.76 0.0077609 
10 300 4 2.1e-06 25 0.708 0.055037 211.14 0.033768 211.1 0.0068876 
10 300 4 2.1e-06 30 0.672 0.065731 141.87 0.033517 141.83 0.0065519 
10 300 4 2.1e-06 40 0.604 0.0808 75.128 0.033616 75.088 0.0063554 
10 300 4 2.1e-06 50 0.564 0.082351 38.956 0.03349 38.916 0.0060246 
10 300 4 2.1e-06 60 0.498 0.092445 18.828 0.033274 18.789 0.0056836 
10 300 4 2.1e-06 70 0.418 0.10885 9.302 0.031479 9.2648 0.0057027 
10 300 4 2.1e-06 80 0.328 0.12247 5.1388 0.030865 5.1025 0.0053534 
10 300 4 2.1e-06 90 0.244 0.10864 3.3928 0.030394 3.3573 0.0050358 
10 300 4 2.1e-06 100 0.162 0.089751 2.4068 0.029876 2.3718 0.0049878 
10 300 4 2.1e-06 125 0.078 0.058486 1.1916 0.029881 1.1573 0.0043125 
10 300 4 2.1e-06 150 0.058 0.046976 0.66982 0.030346 0.63528 0.0041483 
10 300 4 2.1e-06 200 0.004 0.0008 0.061674 0.028913 0.028796 0.0039296 
10 300 4 2.1e-06 250 0 0 0.032656 0.028814 5.8021e-06 0.0038019 
10 300 4 2.1e-06 300 0 0 0.032404 0.028797 6.1151e-06 0.0035682 
10 350 4 2.1e-06 1 1 0 1091.4 0.040311 1091.3 0.014556 
10 350 4 2.1e-06 2 1 0 1084.4 0.03997 1084.4 0.012472 
10 350 4 2.1e-06 3 1 0 1080.7 0.040033 1080.7 0.012426 
10 350 4 2.1e-06 4 1 0 1074.3 0.040033 1074.3 0.012454 
10 350 4 2.1e-06 5 0.998 0.0002 1064.6 0.04004 1064.5 0.012407 
10 350 4 2.1e-06 8 0.974 0.0031878 1014.2 0.039861 1014.1 0.012948 
10 350 4 2.1e-06 10 0.958 0.0049347 962.83 0.039757 962.78 0.011693 
10 350 4 2.1e-06 12 0.934 0.0096367 896.01 0.039615 895.96 0.011291 
10 350 4 2.1e-06 15 0.892 0.015853 769.05 0.039402 769 0.010784 
10 350 4 2.1e-06 20 0.812 0.027608 521.01 0.039264 520.96 0.0095175 
10 350 4 2.1e-06 25 0.744 0.042922 312.63 0.03911 312.58 0.0086762 
10 350 4 2.1e-06 30 0.708 0.053404 201.11 0.039036 201.06 0.0082947 
10 350 4 2.1e-06 40 0.626 0.0738 112.74 0.038884 112.7 0.0074055 
10 350 4 2.1e-06 50 0.596 0.075494 65.927 0.038819 65.88 0.0072799 
10 350 4 2.1e-06 60 0.57 0.081735 34.808 0.038264 34.762 0.0069599 
10 350 4 2.1e-06 70 0.51 0.093571 18.545 0.038216 18.5 0.0065682 
10 350 4 2.1e-06 80 0.442 0.10738 9.3853 0.036704 9.3419 0.0066221 
10 350 4 2.1e-06 90 0.366 0.10923 5.9214 0.036429 5.8784 0.0064617 
10 350 4 2.1e-06 100 0.282 0.11089 3.837 0.036188 3.7943 0.0063814 
10 350 4 2.1e-06 125 0.134 0.083106 1.9841 0.035489 1.943 0.0055761 
10 350 4 2.1e-06 150 0.07 0.057653 1.3229 0.034233 1.2836 0.0049897 
10 350 4 2.1e-06 200 0.04 0.026531 0.44223 0.035183 0.4022 0.0048088 
10 350 4 2.1e-06 250 0 0 0.038103 0.033483 6.6189e-06 0.0045781 
10 350 4 2.1e-06 300 0 0 0.038143 0.033531 6.8722e-06 0.0045714 
10 400 4 2.1e-06 1 1 0 1091.2 0.046242 1091.1 0.016171 
10 400 4 2.1e-06 2 1 0 1086.5 0.046231 1086.4 0.014477 
10 400 4 2.1e-06 3 1 0 1083.7 0.045979 1083.6 0.014251 
10 400 4 2.1e-06 4 1 0 1079.4 0.046056 1079.3 0.014216 
10 400 4 2.1e-06 5 1 0 1072.4 0.045775 1072.3 0.014207 
10 400 4 2.1e-06 8 0.994 0.00057551 1035.3 0.045549 1035.2 0.013731 
10 400 4 2.1e-06 10 0.97 0.0033673 994.57 0.045581 994.51 0.013689 
10 400 4 2.1e-06 12 0.94 0.0097959 946.82 0.046863 946.76 0.013468 
10 400 4 2.1e-06 15 0.89 0.017245 856.44 0.045443 856.38 0.012901 
10 400 4 2.1e-06 20 0.824 0.025127 659.58 0.045284 659.52 0.012116 
10 400 4 2.1e-06 25 0.756 0.040473 431.2 0.044969 431.15 0.01044 
10 400 4 2.1e-06 30 0.726 0.049718 269.36 0.044765 269.3 0.0098304 
10 400 4 2.1e-06 40 0.656 0.062514 142.68 0.044733 142.63 0.0087677 
10 400 4 2.1e-06 50 0.6 0.079184 89.358 0.044472 89.305 0.0085409 
10 400 4 2.1e-06 60 0.582 0.084363 56.053 0.044386 56 0.0079904 
10 400 4 2.1e-06 70 0.55 0.089898 33.109 0.044369 33.057 0.0080111 
10 400 4 2.1e-06 80 0.5 0.10163 17.037 0.043025 16.986 0.007615 
10 400 4 2.1e-06 90 0.424 0.11002 9.0849 0.042059 9.0352 0.0075564 
10 400 4 2.1e-06 100 0.37 0.12092 6.4235 0.043404 6.3722 0.0077128 
10 400 4 2.1e-06 125 0.18 0.092245 2.5242 0.040532 2.477 0.0065585 
10 400 4 2.1e-06 150 0.108 0.077078 1.7315 0.039423 1.6861 0.005992 
10 400 4 2.1e-06 200 0.058 0.053914 0.7151 0.038859 0.67054 0.0056572 
10 400 4 2.1e-06 250 0.024 0.014514 0.23759 0.038736 0.19325 0.005563 
10 400 4 2.1e-06 300 0 0 0.044039 0.038568 6.6413e-06 0.0054243 
10 400 4 2.1e-06 400 0 0 0.043861 0.038554 7.0268e-06 0.0052634 
10 500 4 2.1e-06 1 1 0 1124.1 0.059269 1124 0.020891 
10 500 4 2.1e-06 2 1 0 1098.9 0.058089 1098.8 0.018124 
10 500 4 2.1e-06 3 1 0 1090.7 0.057873 1090.6 0.018047 
10 500 4 2.1e-06 4 1 0 1079.2 0.05726 1079.1 0.01797 
10 500 4 2.1e-06 5 1 0 1064.3 0.056969 1064.2 0.017983 
10 500 4 2.1e-06 8 0.998 0.0002 1059 0.057855 1058.9 0.018253 
10 500 4 2.1e-06 10 0.99 0.00091837 1049.1 0.05833 1049.1 0.017863 
10 500 4 2.1e-06 12 0.986 0.0020449 1045.8 0.059938 1045.7 0.018492 
10 500 4 2.1e-06 15 0.962 0.0052612 940.19 0.057267 940.11 0.016888 
10 500 4 2.1e-06 20 0.904 0.017535 795.17 0.056186 795.1 0.016077 
10 500 4 2.1e-06 25 0.844 0.020065 642.19 0.055803 642.12 0.015012 
10 500 4 2.1e-06 30 0.788 0.025567 469.51 0.055346 469.44 0.013655 
10 500 4 2.1e-06 40 0.708 0.052996 217.92 0.055769 217.86 0.011777 
10 500 4 2.1e-06 50 0.648 0.063771 141.81 0.054899 141.74 0.011221 
10 500 4 2.1e-06 60 0.62 0.070204 95.942 0.05471 95.876 0.010711 
10 500 4 2.1e-06 70 0.598 0.077343 65.838 0.054686 65.773 0.010612 
10 500 4 2.1e-06 80 0.58 0.080816 42.114 0.05528 42.048 0.010056 
10 500 4 2.1e-06 90 0.552 0.087445 25.81 0.05373 25.747 0.0095651 
10 500 4 2.1e-06 100 0.508 0.089322 16.552 0.053781 16.488 0.010041 
10 500 4 2.1e-06 125 0.37 0.12092 5.8983 0.052645 5.8364 0.0091676 
10 500 4 2.1e-06 150 0.216 0.098514 2.9934 0.050007 2.9349 0.0084353 
10 500 4 2.1e-06 200 0.09 0.072347 1.534 0.048432 1.478 0.0075032 
10 500 4 2.1e-06 250 0.056 0.047004 0.71719 0.048196 0.66156 0.0073853 
10 500 4 2.1e-06 300 0.028 0.01471 0.29109 0.047968 0.23582 0.007255 
10 500 4 2.1e-06 400 0 0 0.054814 0.047705 7.6247e-06 0.0070602 
10 500 4 2.1e-06 500 0 0 0.054296 0.047681 7.1423e-06 0.0065675 
10 600 4 2.1e-06 1 1 0 1089.2 0.068608 1089.1 0.021338 
10 600 4 2.1e-06 2 1 0 1114.5 0.06944 1114.4 0.022589 
10 600 4 2.1e-06 3 1 0 1128.4 0.070122 1128.3 0.022504 
10 600 4 2.1e-06 4 1 0 1084 0.067808 1083.9 0.021981 
10 600 4 2.1e-06 5 1 0 1083.4 0.067777 1083.3 0.021979 
10 600 4 2.1e-06 8 1 0 1072.8 0.067416 1072.8 0.021487 
10 600 4 2.1e-06 10 0.996 0.00039184 1061 0.067571 1060.9 0.021716 
10 600 4 2.1e-06 12 0.992 0.00075102 1040.7 0.067331 1040.7 0.021417 
10 600 4 2.1e-06 15 0.98 0.002449 997.58 0.06715 997.5 0.020966 
10 600 4 2.1e-06 20 0.95 0.0070408 906.99 0.066825 906.9 0.02038 
10 600 4 2.1e-06 25 0.886 0.017555 796.35 0.066608 796.26 0.019366 
10 600 4 2.1e-06 30 0.844 0.022106 669.87 0.066333 669.79 0.018712 
10 600 4 2.1e-06 40 0.744 0.039657 358.86 0.065634 358.78 0.015362 
10 600 4 2.1e-06 50 0.702 0.053261 194.02 0.065468 193.94 0.01403 
10 600 4 2.1e-06 60 0.664 0.059902 135.96 0.06513 135.88 0.013395 
10 600 4 2.1e-06 70 0.62 0.070612 100.03 0.065218 99.951 0.012797 
10 600 4 2.1e-06 80 0.59 0.082143 73.511 0.064963 73.433 0.012693 
10 600 4 2.1e-06 90 0.566 0.086371 52.093 0.064784 52.016 0.0121 
10 600 4 2.1e-06 100 0.556 0.088229 35.29 0.064622 35.214 0.012124 
10 600 4 2.1e-06 125 0.488 0.096588 12.941 0.063764 12.866 0.011476 
10 600 4 2.1e-06 150 0.366 0.11453 5.5053 0.061694 5.4326 0.010963 
10 600 4 2.1e-06 200 0.154 0.085392 2.2125 0.05905 2.1436 0.0097386 
10 600 4 2.1e-06 250 0.07 0.058469 1.2747 0.057973 1.2075 0.0091177 
10 600 4 2.1e-06 300 0.056 0.047004 0.76367 0.057836 0.69665 0.0091325 
10 600 4 2.1e-06 400 0.006 0.0018 0.11248 0.057304 0.046225 0.0089074 
10 600 4 2.1e-06 500 0 0 0.066078 0.057168 9.1968e-06 0.0088583 
10 700 4 2.1e-06 1 1 0 1090.3 0.078958 1090.2 0.025627 
10 700 4 2.1e-06 2 1 0 1089 0.078186 1088.9 0.026612 
10 700 4 2.1e-06 3 1 0 1089.2 0.078157 1089 0.026354 
10 700 4 2.1e-06 4 1 0 1087.8 0.078292 1087.7 0.026369 
10 700 4 2.1e-06 5 1 0 1087.6 0.078174 1087.5 0.026341 
10 700 4 2.1e-06 8 1 0 1081.8 0.07817 1081.7 0.026285 
10 700 4 2.1e-06 10 1 0 1072.4 0.077748 1072.3 0.025749 
10 700 4 2.1e-06 12 0.998 0.0002 1058 0.077755 1057.9 0.02603 
10 700 4 2.1e-06 15 0.99 0.00091837 1031.2 0.077529 1031.1 0.025731 
10 700 4 2.1e-06 20 0.97 0.0033673 969 0.077196 968.9 0.025185 
10 700 4 2.1e-06 25 0.936 0.0080653 884.43 0.077356 884.33 0.024104 
10 700 4 2.1e-06 30 0.882 0.015384 788.97 0.076974 788.87 0.023172 
10 700 4 2.1e-06 40 0.792 0.028506 544.32 0.076485 544.22 0.020731 
10 700 4 2.1e-06 50 0.74 0.041633 292.61 0.075873 292.52 0.018314 
10 700 4 2.1e-06 60 0.686 0.053473 180.72 0.075311 180.63 0.016899 
10 700 4 2.1e-06 70 0.646 0.064984 133.42 0.075363 133.33 0.016131 
10 700 4 2.1e-06 80 0.624 0.075739 102.13 0.075176 102.04 0.015436 
10 700 4 2.1e-06 90 0.608 0.081159 78.767 0.075031 78.676 0.015371 
10 700 4 2.1e-06 100 0.598 0.081424 57.018 0.074768 56.928 0.014601 
10 700 4 2.1e-06 125 0.536 0.083984 24.336 0.075019 24.246 0.014529 
10 700 4 2.1e-06 150 0.458 0.10616 10.726 0.073872 10.638 0.013738 
10 700 4 2.1e-06 200 0.236 0.10521 3.1651 0.069896 3.0826 0.012509 
10 700 4 2.1e-06 250 0.106 0.076494 1.7492 0.067984 1.6696 0.011561 
10 700 4 2.1e-06 300 0.066 0.0578 1.3126 0.067158 1.2343 0.011091 
10 700 4 2.1e-06 400 0.042 0.029424 0.53981 0.066931 0.46171 0.011125 
10 700 4 2.1e-06 500 0.002 0.0002 0.087649 0.066328 0.010738 0.010535 
10 800 4 2.1e-06 1 1 0 1081.2 0.089061 1081 0.031636 
10 800 4 2.1e-06 2 1 0 1075.3 0.089234 1075.2 0.028407 
10 800 4 2.1e-06 3 1 0 1076.1 0.089245 1075.9 0.028335 
10 800 4 2.1e-06 4 1 0 1075.7 0.089172 1075.5 0.028224 
10 800 4 2.1e-06 5 1 0 1074.9 0.089018 1074.8 0.029291 
10 800 4 2.1e-06 8 1 0 1069.2 0.088928 1069 0.027645 
10 800 4 2.1e-06 10 1 0 1061.9 0.088974 1061.8 0.028021 
10 800 4 2.1e-06 12 1 0 1054.5 0.089132 1054.4 0.027997 
10 800 4 2.1e-06 15 0.994 0.00057551 1033.3 0.08861 1033.2 0.027632 
10 800 4 2.1e-06 20 0.972 0.0053224 987.23 0.088561 987.11 0.027038 
10 800 4 2.1e-06 25 0.928 0.0094041 936.57 0.089837 936.45 0.027175 
10 800 4 2.1e-06 30 0.892 0.013812 898.15 0.094032 898.03 0.027596 
10 800 4 2.1e-06 40 0.83 0.022143 656.29 0.088411 656.18 0.024325 
10 800 4 2.1e-06 50 0.77 0.033571 407.95 0.086628 407.84 0.021206 
10 800 4 2.1e-06 60 0.712 0.053322 236.9 0.086192 236.79 0.019635 
10 800 4 2.1e-06 70 0.678 0.062159 173.21 0.086026 173.11 0.018806 
10 800 4 2.1e-06 80 0.65 0.066633 139.07 0.085923 138.97 0.018091 
10 800 4 2.1e-06 90 0.632 0.065486 110.84 0.085831 110.74 0.018001 
10 800 4 2.1e-06 100 0.604 0.073453 86.723 0.086633 86.619 0.017295 
10 800 4 2.1e-06 125 0.58 0.076735 45.466 0.085402 45.364 0.016507 
10 800 4 2.1e-06 150 0.534 0.085963 21.269 0.08484 21.168 0.015792 
10 800 4 2.1e-06 200 0.38 0.1098 5.6854 0.082584 5.5873 0.015447 
10 800 4 2.1e-06 250 0.182 0.088445 2.5988 0.079865 2.5049 0.013966 
10 800 4 2.1e-06 300 0.098 0.076935 1.6343 0.078734 1.5424 0.013139 
10 800 4 2.1e-06 400 0.058 0.053914 0.75023 0.077873 0.65922 0.01307 
10 800 4 2.1e-06 500 0.028 0.015118 0.28368 0.077225 0.1935 0.012903 
10 900 4 2.1e-06 1 1 0 1086.8 0.099721 1086.7 0.032132 
10 900 4 2.1e-06 2 1 0 1086.3 0.099779 1086.2 0.032543 
10 900 4 2.1e-06 3 1 0 1086.3 0.099703 1086.1 0.032458 
10 900 4 2.1e-06 4 1 0 1086.4 0.099672 1086.3 0.032388 
10 900 4 2.1e-06 5 1 0 1086.1 0.099694 1086 0.032322 
10 900 4 2.1e-06 8 1 0 1109.8 0.10186 1109.7 0.033223 
10 900 4 2.1e-06 10 1 0 1326.9 0.12234 1326.7 0.039478 
10 900 4 2.1e-06 12 1 0 1158.7 0.1097 1158.6 0.03477 
10 900 4 2.1e-06 15 1 0 1283.3 0.12118 1283.1 0.038584 
10 900 4 2.1e-06 20 0.994 0.00057551 1035.2 0.099402 1035.1 0.031776 
10 900 4 2.1e-06 25 0.978 0.0025673 983.76 0.099212 983.63 0.031414 
10 900 4 2.1e-06 30 0.948 0.0078531 1010.7 0.10672 1010.6 0.032424 
10 900 4 2.1e-06 40 0.862 0.019547 783.35 0.10101 783.22 0.029479 
10 900 4 2.1e-06 50 0.816 0.025861 609.56 0.10778 609.43 0.028981 
10 900 4 2.1e-06 60 0.768 0.036506 359.4 0.10408 359.28 0.024741 
10 900 4 2.1e-06 70 0.728 0.048588 254.33 0.11598 254.18 0.025876 
10 900 4 2.1e-06 80 0.686 0.059596 202.23 0.11972 202.08 0.024721 
10 900 4 2.1e-06 90 0.66 0.06449 162.96 0.12438 162.81 0.027117 
10 900 4 2.1e-06 100 0.628 0.072261 130.65 0.1215 130.51 0.023332 
10 900 4 2.1e-06 125 0.594 0.078943 81.181 0.1184 81.039 0.023688 
10 900 4 2.1e-06 150 0.568 0.082629 41.083 0.12014 40.941 0.021882 
10 900 4 2.1e-06 200 0.45 0.10378 11.76 0.12409 11.614 0.021715 
10 900 4 2.1e-06 250 0.288 0.10842 4.8701 0.11584 4.7333 0.020825 
10 900 4 2.1e-06 300 0.136 0.082759 2.5379 0.11297 2.4044 0.020517 
10 900 4 2.1e-06 400 0.064 0.057453 1.4597 0.11733 1.3216 0.020658 
10 900 4 2.1e-06 500 0.044 0.033127 0.74188 0.11628 0.60476 0.020779 
10 1000 4 2.1e-06 1 1 0 1092 0.11004 1091.8 0.035115 
10 1000 4 2.1e-06 2 1 0 1155.4 0.11638 1155.3 0.037758 
10 1000 4 2.1e-06 3 1 0 1358.3 0.13889 1358.1 0.043177 
10 1000 4 2.1e-06 4 1 0 1157.8 0.11905 1157.6 0.038384 
10 1000 4 2.1e-06 5 1 0 1090.3 0.11004 1090.2 0.0362 
10 1000 4 2.1e-06 8 1 0 1089.4 0.11012 1089.2 0.036088 
10 1000 4 2.1e-06 10 1 0 1086.5 0.11188 1086.4 0.035312 
10 1000 4 2.1e-06 12 1 0 1080.5 0.11037 1080.3 0.035908 
10 1000 4 2.1e-06 15 1 0 1070.4 0.10992 1070.2 0.036011 
10 1000 4 2.1e-06 20 0.996 0.00039184 1039.1 0.10932 1038.9 0.03538 
10 1000 4 2.1e-06 25 0.98 0.002449 996.71 0.10912 996.57 0.034477 
10 1000 4 2.1e-06 30 0.95 0.0062245 946.81 0.10906 946.66 0.033689 
10 1000 4 2.1e-06 40 0.884 0.016882 823.39 0.10866 823.25 0.032598 
10 1000 4 2.1e-06 50 0.814 0.030208 675.2 0.10812 675.06 0.030955 
10 1000 4 2.1e-06 60 0.768 0.034465 476.86 0.10726 476.73 0.027573 
10 1000 4 2.1e-06 70 0.728 0.045322 292.34 0.10666 292.21 0.025401 
10 1000 4 2.1e-06 80 0.692 0.055853 198.31 0.10644 198.18 0.024445 
10 1000 4 2.1e-06 90 0.664 0.064392 161.63 0.10593 161.5 0.022646 
10 1000 4 2.1e-06 100 0.646 0.067841 135.24 0.10618 135.11 0.023241 
10 1000 4 2.1e-06 125 0.602 0.078976 86.624 0.10547 86.497 0.021451 
10 1000 4 2.1e-06 150 0.59 0.078469 52.059 0.10522 51.933 0.020574 
10 1000 4 2.1e-06 200 0.508 0.091363 15.867 0.10457 15.742 0.019539 
10 1000 4 2.1e-06 250 0.37 0.10663 5.628 0.10222 5.5065 0.01917 
10 1000 4 2.1e-06 300 0.214 0.090208 3.044 0.10079 2.9247 0.018467 
10 1000 4 2.1e-06 400 0.072 0.058792 1.431 0.097699 1.3158 0.017412 
10 1000 4 2.1e-06 500 0.056 0.050678 0.81805 0.095945 0.70521 0.016833 
10 1250 4 2.1e-06 1 1 0 1081.4 0.13626 1081.2 0.049199 
10 1250 4 2.1e-06 2 1 0 1074.8 0.13613 1074.6 0.044314 
10 1250 4 2.1e-06 3 1 0 1075.7 0.13624 1075.5 0.044235 
10 1250 4 2.1e-06 4 1 0 1075.7 0.13613 1075.6 0.044475 
10 1250 4 2.1e-06 5 1 0 1075.3 0.13622 1075.2 0.044118 
10 1250 4 2.1e-06 8 1 0 1098.1 0.14004 1097.9 0.044856 
10 1250 4 2.1e-06 10 1 0 1123.7 0.14477 1123.5 0.046242 
10 1250 4 2.1e-06 12 1 0 1121.2 0.14433 1121 0.045095 
10 1250 4 2.1e-06 15 1 0 1116.3 0.14291 1116.1 0.045917 
10 1250 4 2.1e-06 20 1 0 1102 0.14325 1101.9 0.045356 
10 1250 4 2.1e-06 25 1 0 1079.1 0.14393 1078.9 0.04533 
10 1250 4 2.1e-06 30 0.994 0.00098367 1042.5 0.14253 1042.4 0.044182 
10 1250 4 2.1e-06 40 0.95 0.007449 951.37 0.14341 951.18 0.043548 
10 1250 4 2.1e-06 50 0.898 0.016527 846.29 0.14185 846.11 0.041251 
10 1250 4 2.1e-06 60 0.844 0.020882 719.16 0.14111 718.98 0.039938 
10 1250 4 2.1e-06 70 0.806 0.026698 559.57 0.13962 559.39 0.037101 
10 1250 4 2.1e-06 80 0.768 0.033649 378.27 0.13853 378.1 0.034555 
10 1250 4 2.1e-06 90 0.732 0.045078 254.26 0.13838 254.09 0.031497 
10 1250 4 2.1e-06 100 0.716 0.049535 198.93 0.13796 198.76 0.031148 
10 1250 4 2.1e-06 125 0.65 0.067041 137.68 0.13738 137.52 0.028977 
10 1250 4 2.1e-06 150 0.612 0.072506 94.718 0.13672 94.553 0.027607 
10 1250 4 2.1e-06 200 0.582 0.078241 42.202 0.13586 42.039 0.026367 
10 1250 4 2.1e-06 250 0.522 0.088282 16.339 0.13567 16.177 0.026205 
10 1250 4 2.1e-06 300 0.406 0.10915 6.9801 0.13584 6.8189 0.025211 
10 1250 4 2.1e-06 400 0.162 0.08322 2.467 0.13337 2.3084 0.025124 
10 1250 4 2.1e-06 500 0.082 0.065588 1.5849 0.13368 1.4259 0.025215 
10 1500 4 2.1e-06 1 1 0 1093.9 0.16346 1093.6 0.056158 
10 1500 4 2.1e-06 2 1 0 1087.8 0.16226 1087.6 0.053607 
10 1500 4 2.1e-06 3 1 0 1087.7 0.16206 1087.5 0.053791 
10 1500 4 2.1e-06 4 1 0 1087.7 0.16214 1087.5 0.053707 
10 1500 4 2.1e-06 5 1 0 1086.8 0.16231 1086.6 0.05343 
10 1500 4 2.1e-06 8 1 0 1087.6 0.16221 1087.4 0.05353 
10 1500 4 2.1e-06 10 1 0 1087.3 0.16224 1087 0.053481 
10 1500 4 2.1e-06 12 1 0 1086 0.16396 1085.8 0.053753 
10 1500 4 2.1e-06 15 1 0 1083.4 0.16247 1083.2 0.053465 
10 1500 4 2.1e-06 20 1 0 1075.7 0.16219 1075.5 0.053471 
10 1500 4 2.1e-06 25 0.998 0.0002 1063.3 0.16167 1063.1 0.052534 
10 1500 4 2.1e-06 30 0.996 0.00039184 1047.9 0.16169 1047.7 0.052398 
10 1500 4 2.1e-06 40 0.974 0.0027796 993.74 0.16156 993.53 0.052145 
10 1500 4 2.1e-06 50 0.944 0.0082286 921.42 0.16093 921.21 0.050194 
10 1500 4 2.1e-06 60 0.882 0.017833 835.02 0.16057 834.81 0.048834 
10 1500 4 2.1e-06 70 0.842 0.021669 734.72 0.16201 734.51 0.047312 
10 1500 4 2.1e-06 80 0.804 0.026922 616.9 0.15936 616.69 0.04523 
10 1500 4 2.1e-06 90 0.768 0.033649 464.94 0.15862 464.74 0.042443 
10 1500 4 2.1e-06 100 0.744 0.038841 325.46 0.15776 325.26 0.039592 
10 1500 4 2.1e-06 125 0.698 0.05122 184.56 0.15655 184.37 0.035643 
10 1500 4 2.1e-06 150 0.648 0.065812 137.1 0.15625 136.91 0.034078 
10 1500 4 2.1e-06 200 0.596 0.079576 74.55 0.15587 74.361 0.032687 
10 1500 4 2.1e-06 250 0.564 0.084392 35.618 0.15525 35.432 0.031014 
10 1500 4 2.1e-06 300 0.504 0.091412 15.757 0.15472 15.572 0.029765 
10 1500 4 2.1e-06 400 0.314 0.11756 4.314 0.15264 4.1316 0.029622 
10 1500 4 2.1e-06 500 0.128 0.080833 2.0769 0.15232 1.8952 0.029346 
10 2000 4 2.1e-06 1 1 0 1091.1 0.21351 1090.8 0.068393 
10 2000 4 2.1e-06 2 1 0 1090.3 0.21564 1090.1 0.069193 
10 2000 4 2.1e-06 3 1 0 1090.3 0.21376 1090 0.069142 
10 2000 4 2.1e-06 4 1 0 1090.7 0.21384 1090.4 0.069379 
10 2000 4 2.1e-06 5 1 0 1090.3 0.21375 1090.1 0.069382 
10 2000 4 2.1e-06 8 1 0 1089.3 0.21382 1089.1 0.069139 
10 2000 4 2.1e-06 10 1 0 1090.3 0.21389 1090 0.069361 
10 2000 4 2.1e-06 12 1 0 1090 0.2133 1089.7 0.068305 
10 2000 4 2.1e-06 15 1 0 1088.7 0.21405 1088.4 0.069433 
10 2000 4 2.1e-06 20 1 0 1085.6 0.21406 1085.3 0.0697 
10 2000 4 2.1e-06 25 1 0 1079.7 0.21364 1079.4 0.069262 
10 2000 4 2.1e-06 30 1 0 1071 0.2131 1070.8 0.068282 
10 2000 4 2.1e-06 40 1 0 1050 0.21442 1049.7 0.069557 
10 2000 4 2.1e-06 50 0.992 0.00075102 1006 0.21306 1005.8 0.06694 
10 2000 4 2.1e-06 60 0.968 0.0042612 993.24 0.22303 992.95 0.068279 
10 2000 4 2.1e-06 70 0.936 0.010514 973.39 0.23377 973.09 0.069729 
10 2000 4 2.1e-06 80 0.896 0.014678 884.61 0.23572 884.31 0.068312 
10 2000 4 2.1e-06 90 0.858 0.018404 754.11 0.21242 753.83 0.062691 
10 2000 4 2.1e-06 100 0.834 0.023514 677.25 0.21017 676.98 0.060273 
10 2000 4 2.1e-06 125 0.772 0.035527 406.4 0.20803 406.14 0.053474 
10 2000 4 2.1e-06 150 0.708 0.051771 221.21 0.20564 220.96 0.046381 
10 2000 4 2.1e-06 200 0.652 0.06418 137.85 0.20563 137.6 0.044059 
10 2000 4 2.1e-06 250 0.606 0.076902 88.454 0.20544 88.205 0.043614 
10 2000 4 2.1e-06 300 0.58 0.079184 53.883 0.20422 53.638 0.040722 
10 2000 4 2.1e-06 400 0.512 0.092098 15.736 0.20335 15.493 0.038624 
10 2000 4 2.1e-06 500 0.39 0.11888 5.8606 0.20137 5.6205 0.038613 
